31916
31917
31907
31908
31909
31910
31911
31912
31913
31914
31915
31918
31921
31922
31919
31920
31896
31906
31897
31898
31899
31900
31901
31902
31903
31904
31905
31887
31888
31889
31890
31891
31892
31893
31894
31895
31886
35540
31923
31924
24529
24530
24531
24532
24533
24534
24535
24536
24537
24538
24539
24540
24541
24695
24696
24697
24698
24699
24700
24682
24683
24684
24685
24686
24687
24688
24689
24690
24691
24692
24693
24694
20028
20029
20030
20031
20032
20033
20034
20035
20036
20037
20038
20039
20040
20041
20042
20043
20177
20178
20179
20110
20111
20112
20113
20114
20115
20116
20117
20118
20119
20120
20121
20122
20123
20124
20125
20126
20127
20128
20129
20130
20131
20132
20133
20134
20135
20136
20137
20138
20139
20140
20141
20142
20143
20144
20145
20146
20147
20148
20149
20150
20151
20152
20153
20154
20155
20156
20157
20158
20159
20160
20161
20162
20163
20164
20165
20166
20167
20168
20169
20170
20171
20172
20173
20174
20175
20176
29350
29349
29348
29347
29368
29369
29370
29371
29372
29373
29374
29375
29376
29364
29367
29365
29366
29362
29363
29353
29354
29355
29356
29357
29358
29359
29360
29361
29351
29352
38415
29388
29391
29389
29390
29377
29378
29379
29380
29381
29382
29383
29384
29385
29386
29387
38414
38417
38416
14502
14500
14501
14485
14486
14487
14488
14489
14490
14491
14492
14493
14494
14495
14483
14484
14496
14497
14498
14499
14503
14418
14419
14420
14421
14422
14423
14424
14425
14426
14427
14428
14416
14415
14410
14411
14412
14413
14414
14417
14451
14452
14453
14454
14455
14456
14457
14458
14459
14460
14481
14482
14461
14462
14463
14464
14465
14466
14467
14468
14469
14470
14471
14472
14473
14474
14475
14476
14477
14478
14479
14480
14429
14430
14431
14432
14433
14434
14435
14436
14437
14438
14449
14450
14439
14440
14441
14442
14443
14444
14445
14446
14447
14448
835
837
840
834
836
838
839
815
816
817
818
819
820
821
822
823
824
825
826
827
828
829
830
831
832
833
1052
1049
1043
1047
1050
1046
1044
1045
1048
1053
1051
1035
1036
1037
1038
1039
1040
1041
1042
1022
1023
1024
1025
1026
1027
1028
1029
1030
1031
1032
1033
1034
209
275
39
651
653
655
650
652
654
765
746
747
748
749
750
751
752
753
754
755
756
757
758
759
760
761
762
763
764
530
531
592
593
594
595
596
597
598
599
600
601
602
603
604
605
606
607
608
12480
12481
12478
12479
12502
12497
12499
12503
12498
12500
12501
12496
12483
12484
12485
12486
12487
12488
12489
12490
12491
12492
12493
12494
12495
12482
12464
12465
12466
12467
12468
12469
12470
12471
12472
12473
12474
12475
12476
12477
12462
12463
12461
12523
12528
12518
12521
12527
12520
12524
12529
12522
12525
12526
12519
12505
12506
12507
12508
12509
12510
12511
12512
12513
12514
12515
12516
12517
12504
39509
39510
39511
39512
39513
39514
39515
39516
39517
39518
39519
39520
39521
39522
39523
39524
51184
51066
50163
50159
50167
50160
50162
50161
50157
50158
50164
50165
50166
50147
50148
50149
50150
50151
50152
50153
50154
50155
50156
24523
50375
51009
24525
24524
2965
2966
2967
2968
2969
2955
2956
2957
2958
2959
2960
2961
2962
2963
2964
2944
2946
2943
2945
2947
2948
2919
2920
2921
2922
2923
2924
2925
2926
2927
2928
2910
2911
2912
2913
2914
2915
2916
2917
2918
2907
2908
2909
2929
2930
2931
2932
2933
2934
2935
2936
2937
2938
2939
2940
2941
2942
2950
2949
2952
2951
2954
2953
34185
34184
2538
2539
2540
2541
2481
2482
2483
2484
2485
2486
2487
2488
2489
2490
2491
2492
2493
2494
2495
2496
2497
2498
2499
2500
2501
2502
2503
2504
2505
2506
2507
2508
2509
2510
2511
2512
2513
2514
2515
2516
2517
2518
2519
2520
2521
2522
2523
2524
2525
2526
2527
2528
2529
2530
2531
2532
2533
2534
2535
2536
2537
34070
34069
34101
34102
34071
34072
34073
34074
34075
34076
34077
34078
34079
34080
34081
34082
34083
34084
34085
34086
34087
34088
34089
34090
34091
34092
34093
34094
34095
34096
34097
34098
34099
34100
34165
34166
34167
34168
34135
34136
34137
34138
34139
34140
34141
34142
34143
34144
34145
34146
34147
34148
34149
34150
34151
34152
34153
34154
34155
34156
34157
34158
34159
34160
34161
34162
34163
34164
34133
34134
34103
34104
34105
34106
34107
34108
34109
34110
34111
34112
34113
34114
34115
34116
34117
34118
34119
34120
34121
34122
34123
34124
34125
34126
34127
34128
34129
34130
34131
34132
34183
34182
34181
34176
34177
34178
34179
34180
34169
34170
34171
34172
34173
34174
34175
39508
47669
47670
47672
47671
47673
47660
47661
47662
47663
47664
47665
47666
47667
47668
7419
7420
7421
7422
7423
7424
7425
7426
7427
7428
7429
7430
7431
7432
7418
7417
7465
7466
7464
7450
7451
7452
7453
7454
7455
7456
7457
7458
7459
7460
7461
7462
7463
7436
7437
7438
7439
7440
7441
7442
7443
7444
7445
7446
7447
7448
7449
7434
7435
7433
4909
4910
35053
35054
35055
35056
35057
35058
35059
35060
35061
35062
35063
35064
35065
35066
35067
35052
45199
45198
35047
35043
35044
35045
35046
35040
35041
35042
35033
35034
35035
35036
35037
35038
35039
45160
45161
45159
45157
45158
35051
35050
35049
35048
12446
31929
31930
31931
31932
31933
31926
31927
31928
31954
31955
31951
31952
31953
31946
31947
31948
31949
31950
31934
31935
31936
31937
31938
31939
31940
31941
31942
31943
31944
31945
31988
31989
31973
31974
31975
31968
31969
31970
31971
31972
31976
31977
31978
31979
31980
31981
31982
31983
31984
31985
31986
31987
31956
31957
31958
31959
31960
31961
31962
31963
31964
31965
31966
31967
38486
38479
38482
38488
38483
38481
38487
38484
38480
38485
38478
38467
38468
38469
38470
38471
38472
38473
38474
38475
38476
38477
28643
28646
28644
28647
28645
28641
28642
28604
28605
28606
28607
28608
28609
28610
28611
28612
28613
28614
28615
28616
28617
28618
28619
28620
28621
28622
28623
28624
28625
28626
28627
28628
28629
28630
28631
28632
28633
28634
28635
28636
28637
28638
28639
28640
28561
28564
28562
28565
28563
28560
28603
28566
28567
28568
28569
28570
28571
28572
28573
28574
28575
28576
28577
28578
28579
28580
28581
28582
28583
28584
28585
28586
28587
28588
28589
28590
28591
28592
28593
28594
28595
28596
28597
28598
28599
28600
28601
28602
28523
28524
28525
28526
28527
28528
28529
28530
28531
28532
28533
28534
28535
28536
28537
28538
28539
28540
28541
28542
28543
28544
28545
28546
28547
28548
28549
28550
28551
28552
28553
28554
28555
28556
28557
28558
28559
44032
44034
44033
16165
16162
16163
16164
16119
16120
16121
16122
16123
16124
16125
16126
16127
16128
16129
16130
16131
16148
16149
16150
16151
16152
16153
16154
16155
16156
16157
16158
16159
16160
16161
16132
16133
16134
16135
16136
16137
16138
16139
16140
16141
16142
16143
16144
16145
16146
16147
36848
36849
36850
36851
36852
36853
36854
36857
36855
36856
36860
36862
36861
36858
36859
16388
16287
14516
14515
14512
14513
14514
14511
14510
14523
14522
14521
14520
14517
14518
14519
14505
14504
14507
14508
14509
14506
15975
15976
15977
15965
15966
15967
15968
15969
15970
15971
15972
15973
15974
15962
15961
15964
15963
15960
15955
15956
15958
15957
15959
15943
15944
15945
15946
15947
15948
15949
15950
15951
15952
15953
15954
15932
15933
15934
15935
15936
15937
15938
15939
15940
15941
15942
9940
9784
9649
9612
9614
9613
28081
28082
28083
38383
38384
12667
12666
12646
12647
12648
12649
12650
12651
12652
12653
12654
12655
12656
12657
12658
12659
12660
12661
12662
12663
12664
12665
28077
28078
28079
28058
28059
28060
28061
28062
28063
28064
28065
28066
28067
28068
28069
28070
28071
28072
28073
28074
28075
28076
28080
6433
47185
6431
6432
6373
6374
6375
6376
6377
6378
6379
6380
6381
6382
6383
6384
6385
6386
6387
6388
6389
6390
6391
6392
6393
6394
6395
6396
6397
6398
6399
6400
6401
6402
6403
6404
6405
6406
6407
6408
6409
6410
6411
6412
6413
6414
6415
6416
6417
6418
6419
6420
6421
6422
6423
6424
6425
6426
6427
6428
6429
6430
25875
25876
25877
25878
25879
25880
25881
25882
25883
25884
25885
25886
25887
25888
25889
25890
25891
25892
25893
25894
25895
25896
25897
25898
25899
25900
25901
25902
25903
25904
25905
25906
25907
25908
25909
25910
25911
25912
25913
25914
25915
25916
25917
25918
25919
25920
25921
25922
25923
25924
25873
25874
25871
25872
25869
25861
25862
25863
25864
25865
25866
25867
25868
25802
25803
25804
25805
25806
25807
25808
25809
25810
25811
25812
25813
25814
25815
25816
25817
25818
25819
25820
25821
25822
25823
25824
25825
25826
25827
25828
25829
25830
25831
25832
25833
25834
25835
25836
25837
25838
25839
25840
25841
25842
25843
25844
25845
25846
25847
25848
25849
25850
25851
25852
25853
25854
25855
25856
25857
25858
25859
25860
25870
6435
25925
25926
25927
25928
25929
25930
25931
25932
25933
25934
25935
25936
25937
25938
25939
25940
25941
25942
25943
25994
25995
25996
25997
25998
25944
25945
25946
25947
25948
25949
25950
25951
25952
25953
25954
25955
25956
25957
25958
25959
25960
25961
25962
25963
25964
25965
25966
25967
25968
25969
25970
25971
25972
25973
25974
25975
25976
25977
25978
25979
25980
25981
25982
25983
25984
25985
25986
25987
25988
25989
25990
25991
25992
25993
21826
18277
18276
18275
18273
18274
7889
7892
7891
7890
7886
7888
7887
19699
19698
19697
19682
19692
19688
19696
19691
19686
19689
19695
19683
19693
19690
19694
19684
19685
19687
19681
19673
19674
19675
19676
19677
19678
19672
19667
19668
19669
19670
19671
19679
19680
19703
19702
19701
19700
19705
19704
24366
24365
24368
24367
24364
24363
24362
24343
24344
24345
24346
24347
24348
24349
24350
24351
24352
24353
24354
24355
24356
24357
24358
24359
24360
24361
24372
24369
24371
24370
44064
44065
44066
44067
44068
44069
44070
44078
44080
44079
44071
44072
44073
44074
44075
44076
44077
47686
47687
47684
47685
47722
47724
47723
47759
47755
47756
47757
47758
47725
47726
47727
47728
47729
47730
47731
47732
47733
47734
47735
47736
47737
47738
47739
47740
47741
47742
47743
47744
47745
47746
47747
47748
47749
47750
47751
47752
47753
47754
47688
47689
47690
47691
47692
47693
47694
47695
47696
47697
47698
47699
47700
47701
47702
47703
47704
47705
47706
47707
47708
47709
47710
47711
47712
47713
47714
47715
47716
47717
47718
47719
47720
47721
47794
47796
47795
47797
47790
47791
47792
47793
47760
47761
47762
47763
47764
47765
47766
47767
47768
47769
47770
47771
47772
47773
47774
47775
47776
47777
47778
47779
47780
47781
47782
47783
47784
47785
47786
47787
47788
47789
45133
45134
45137
45135
45132
45136
45892
45891
45890
45888
45889
45887
45886
45885
34302
34303
34300
34301
34313
34310
34311
34312
34318
34320
34317
34319
34314
34315
34316
34304
34305
34306
34308
34309
34307
37881
37882
37876
37877
37878
37875
37864
37865
37866
37867
37868
37869
37870
37871
37872
37873
37874
37856
37857
37858
37859
37860
37861
37862
37863
37879
37880
13911
13912
13913
13914
13915
13916
13917
13918
13919
13942
13921
13938
13931
13922
13934
13943
13937
13925
13920
13941
13924
13936
13939
13940
13944
13935
13923
13926
13927
13928
13929
13930
13932
13933
13949
13950
13946
13947
13948
13945
16456
16605
16868
16867
16869
16870
14021
13998
14017
14008
13999
14013
14022
14016
14002
13997
14020
14001
14015
14018
14019
14023
14014
14000
14003
14004
14005
14006
14007
14009
14010
14011
14012
13994
13995
13996
13993
15736
15737
38419
38420
38421
38422
38423
38424
38425
38426
38427
38428
38429
38418
38411
38410
38413
38412
36438
36442
36444
36440
36441
36443
36439
36314
36315
36316
36317
36318
36319
36320
36321
36322
36323
36324
36325
36326
36327
36375
36376
36377
36378
36379
36380
36381
36382
36383
36384
36385
36386
36387
36388
36389
36390
36328
36329
36330
36342
36343
36344
36345
36346
36408
36409
36410
36411
36412
36413
36414
36415
36416
36417
36418
36419
36420
36421
36422
36423
36424
36425
36426
36391
36392
36393
36394
36395
36396
36397
36398
36399
36400
36401
36402
36403
36404
36405
36406
36407
36331
36332
36333
36334
36360
36361
36362
36363
36364
36365
36366
36367
36368
36369
36370
36371
36432
36433
36434
36435
36436
36437
36372
36373
36374
36338
36339
36340
36341
36335
36336
36337
36347
36348
36349
36350
36351
36352
36353
36354
36355
36356
36357
36358
36359
36427
36428
36429
36430
36431
36290
36291
36292
36293
36294
36295
36296
36297
36298
36299
36308
36309
36310
36311
36312
36313
36300
36301
36302
36273
36274
36275
36276
36270
36271
36272
36277
36278
36279
36280
36281
36282
36283
36284
36285
36286
36287
36288
36289
36303
36304
36305
36306
36307
36263
36267
36269
36265
36266
36268
36264
36183
36184
36185
36186
36187
36188
36189
36190
36191
36192
36193
36194
36195
36196
36211
36212
36213
36214
36215
36216
36217
36218
36219
36220
36221
36222
36223
36224
36225
36226
36197
36198
36199
36204
36205
36206
36207
36208
36244
36245
36246
36247
36248
36249
36250
36251
36252
36253
36254
36255
36256
36257
36258
36259
36260
36261
36262
36227
36228
36229
36230
36231
36232
36233
36234
36235
36236
36237
36238
36239
36240
36241
36242
36243
36200
36201
36202
36203
36209
36210
36178
36179
36180
36181
36182
25022
25023
25024
25025
25026
25027
25028
25029
25030
25031
25032
25033
25034
25035
26088
26089
26090
26091
26092
26019
26020
26021
26022
26023
26024
26025
26026
26027
26028
26029
26030
26031
26032
26033
26034
26035
26036
26037
26038
26039
26040
26041
26042
26043
26044
26045
26046
26047
26048
26049
26050
26051
26052
26053
26054
26055
26056
26057
26058
26059
26060
26061
26062
26063
26064
26065
26066
26067
26068
26069
26070
26071
26072
26073
26074
26075
26076
26077
26078
26079
26080
26081
26082
26083
26084
26085
26086
26087
26000
26001
26002
26003
26004
26005
26006
26007
26008
26009
26010
26011
26012
26013
26014
26015
26016
26017
26018
40068
40069
40064
40065
40066
40067
39999
39998
40000
39995
39996
39997
40054
40044
40058
40043
40048
40060
40042
40047
40050
40041
40057
40039
40053
40059
40061
40052
40051
40046
40055
40056
40049
40045
40040
40027
40028
40029
40030
40031
40032
40033
40034
40035
40036
40037
40038
40004
40005
40006
40007
40008
40009
40010
40011
40012
40013
40014
40001
40002
40019
40020
40021
40022
40023
40024
40025
40026
40003
40015
40016
40017
40018
40062
40063
19084
19085
19086
19062
19063
19064
19065
19066
19067
19068
19069
19070
19071
19072
19073
19074
19075
19076
19077
19078
19079
19080
19081
19082
19083
7881
7880
9169
7878
7879
7877
7848
7849
7850
7851
7852
7853
7854
7855
7856
7857
7858
7859
7860
7861
7862
7863
7864
7865
7866
7867
7868
7869
7870
7871
7872
7873
7874
7875
7876
19482
19483
19472
19473
19474
19475
19476
19477
19478
19479
19480
19481
19451
19452
19453
19454
19455
19456
19457
19458
19459
19460
19461
19462
19463
19464
19465
19466
19467
19468
19469
19470
19471
19484
43809
43810
43808
43792
43793
43794
43795
43796
43797
43798
43799
43800
43801
43802
43803
43804
43805
43806
43807
43811
43812
41987
41988
41989
41990
41991
41983
41982
41984
41985
41986
41976
41977
41978
41979
41980
41981
41941
41942
41943
41944
41945
41946
41947
41948
41949
41950
41951
41952
41953
41954
41955
41956
41957
41958
41959
41960
41961
41962
41963
41964
41965
41966
41967
41968
41969
41970
41971
41972
41973
41974
41975
41992
41993
41994
41995
41996
41997
41998
41999
42000
42001
2353
2354
2355
2356
2339
2340
2341
2342
2343
2344
2345
2346
2347
2348
2349
2350
2351
2352
44248
44249
44250
44232
44233
44234
44235
44236
44237
44238
44239
44240
44241
44242
44243
44244
44245
44246
44247
44231
44219
44220
44221
44222
44223
44224
44225
44226
44227
44228
44229
44230
44193
44192
44191
44190
44189
44186
44187
44188
44202
44203
44204
44205
44194
44195
44196
44197
44198
44199
44200
44201
44215
44216
44217
44218
44214
44206
44207
44208
44209
44210
44211
44212
44213
42745
42746
42747
42748
42730
42731
42732
42733
42734
42735
42736
42737
42738
42739
42740
42741
42742
42743
42744
42674
42675
42659
42660
42661
42662
42663
42664
42665
42666
42667
42668
42669
42670
42671
42672
42673
42562
42563
42538
42539
42540
42541
42542
42543
42544
42545
42546
42547
42548
42549
42550
42551
42552
42441
42350
42299
42207
34299
5243
5242
5241
5240
5227
5228
5230
5229
5235
5226
5236
5231
5237
5239
5234
5238
5232
5233
5210
5211
5212
5213
5214
5215
5216
5217
5218
5219
5220
5221
5222
5223
5224
5225
34068
33986
34240
34186
24996
25000
24998
24999
13904
13903
13902
13901
13908
13907
13906
13905
14409
14407
14408
14401
14402
14403
14404
14405
14406
14376
14377
14378
14379
14380
14381
14382
14383
14384
14385
14386
14387
14388
14389
14390
14391
14392
14393
14394
14395
14396
14397
14398
14399
14400
13910
13909
37393
37394
37395
37396
37397
14102
14104
14103
14100
14101
14084
14085
14086
14087
14088
14089
14090
14091
14092
14093
14094
14095
14096
14097
14098
14099
14109
14108
14107
14106
14105
14113
14111
14112
14110
2359
3538
3540
3541
3537
3539
3527
3528
3529
3530
3531
3532
3533
3534
3535
3536
3510
3511
3512
3513
3514
3515
3516
3517
3518
3519
3520
3521
3522
3523
3524
3525
3526
3494
3495
3496
3497
3498
3499
3500
3501
3502
3503
3504
3505
3506
3507
3508
3509
36164
36165
36166
36167
36168
36169
36170
36171
36172
36173
36174
36175
36176
36132
36133
36134
36135
36136
36137
36115
36116
36117
36118
36119
36120
36121
36122
36123
36124
36125
36126
36127
36128
36129
36130
36131
36154
36155
36156
36157
36158
36159
36160
36138
36139
36140
36141
36142
36143
36144
36145
36146
36147
36148
36149
36150
36151
36152
36153
16588
16582
16583
16584
16585
16586
16587
16523
16524
16525
16526
16527
16528
16529
16530
16531
16532
16533
16534
16535
16536
16537
16538
16539
16540
16541
16542
16543
16544
16545
16546
16547
16548
16549
16550
16551
16552
16553
16554
16555
16556
16557
16558
16559
16560
16561
16562
16563
16564
16565
16566
16567
16568
16569
16570
16571
16572
16573
16574
16575
16576
16577
16578
16579
16580
16581
16522
16463
16464
16465
16466
16467
16468
16469
16470
16471
16472
16473
16474
16475
16476
16477
16478
16479
16480
16481
16482
16483
16484
16485
16486
16487
16488
16489
16490
16491
16492
16493
16494
16495
16496
16497
16498
16499
16500
16501
16502
16503
16504
16505
16506
16507
16508
16509
16510
16511
16512
16513
16514
16515
16516
16517
16518
16519
16520
16521
16462
16457
16458
16459
16460
16461
42045
42046
42047
42048
42049
42036
42037
42038
42039
42040
42041
42042
42043
42044
42065
42066
42067
42068
42069
42070
42071
42072
42073
42074
42075
42076
42077
42078
42064
42063
42062
42057
42058
42059
42060
42061
42050
42051
42052
42053
42054
42055
42056
42107
42106
42105
42095
42096
42097
42098
42099
42079
42080
42081
42082
42083
42084
42085
42086
42087
42088
42089
42090
42091
42092
42093
42094
42100
42101
42102
42103
42104
39980
39977
39978
39979
39976
39975
39972
39973
39974
39971
39970
39969
39968
39965
39966
39967
39662
39660
39658
39661
39663
39659
39651
39652
39653
39654
39655
39656
39657
21842
21843
21844
21845
21846
21847
21848
21849
21850
21851
21852
21853
21854
21855
21856
21857
21858
39664
39665
47142
23303
23304
23305
23306
23309
23310
23307
23308
19516
19515
19513
19514
19517
19509
19510
19511
19512
19507
19508
19487
19486
19489
19488
19494
19495
19490
19491
19492
19493
19505
19506
19503
19502
19500
19501
19504
19496
19497
19498
19499
43659
43660
43661
43662
43663
43664
43665
43666
43667
43668
43658
43685
43675
43676
43677
43678
43679
43680
43681
43682
43683
43684
43673
43671
43669
43672
43674
43670
24282
24281
24274
24275
24276
24277
24278
24279
24280
24284
24283
33942
33935
33941
33938
33943
33937
33939
33940
33936
33447
33448
33449
33450
33451
33426
33427
33428
33429
33430
33431
33432
33433
33434
33435
33436
33437
33438
33439
33440
33441
33442
33443
33444
33445
33446
8935
8931
8933
8932
8934
8927
8928
8929
8930
8911
8912
8913
8914
8915
8916
8917
8918
8919
8920
8921
8922
8923
8924
8925
8926
42140
42141
42142
42143
42144
42145
42124
42125
42126
42127
42128
42129
42130
42131
42132
42133
42134
42135
42136
42137
42138
42139
33493
33494
33495
33496
33497
33498
33499
33500
33501
33502
33524
33525
33526
33503
33504
33505
33506
33507
33508
33509
33510
33511
33512
33513
33514
33515
33516
33517
33518
33519
33520
33521
33522
33523
33469
33470
33471
33472
33473
33474
33475
33476
33477
33478
33490
33491
33492
33479
33480
33481
33482
33483
33484
33485
33486
33487
33488
33489
33457
33458
33459
33460
33461
33462
33463
33464
33465
33466
33467
33468
33455
33456
34843
34844
34738
34751
34752
34753
34754
34755
34756
34757
34758
34759
34760
34761
34762
34763
34764
34765
34766
34739
34740
34741
34742
34743
34744
34745
34746
34747
34748
34749
34750
34795
34779
34780
34781
34782
34783
34784
34785
34786
34787
34788
34789
34790
34791
34792
34793
34794
34767
34768
34769
34770
34771
34772
34773
34774
34775
34776
34777
34778
34841
34842
34796
34797
34798
34799
34800
34801
34802
34803
34804
34805
34806
34807
34808
34809
34810
34811
34812
34813
34814
34815
34816
34817
34818
34819
34820
34821
34822
34823
34824
34825
34826
34827
34828
34829
34830
34831
34832
34833
34834
34835
34836
34837
34838
34839
34840
34709
34710
34711
34712
34713
34714
34715
34716
34717
34718
34719
34720
34721
34722
34723
34724
34725
34726
34727
34728
34729
34730
34731
34732
34733
34734
34735
34736
34737
34958
34959
34960
34961
34962
34963
34964
34965
34966
34967
34968
34969
35068
35069
34845
34909
34910
34911
34912
34643
34708
34398
34498
34352
34353
29638
29639
29572
29573
29574
29575
29576
29577
29578
29579
29580
29581
29582
29583
29584
29585
29586
29587
29588
29589
29590
29591
29592
29593
29594
29595
29596
29597
29598
29599
29600
29601
29602
29603
29604
29605
29606
29607
29608
29609
29610
29611
29612
29613
29614
29615
29616
29617
29618
29619
29620
29621
29622
29623
29624
29625
29626
29627
29628
29629
29630
29631
29632
29633
29634
29635
29636
29637
45862
45863
45864
45865
45859
45857
45858
45861
45860
45850
45851
45852
45853
45854
45855
45856
45847
45848
45849
46629
46630
46631
46632
46633
46635
46634
46636
46637
46621
46622
46624
46623
46625
46626
46627
46628
40085
14887
14888
14936
14937
14924
14925
14926
14927
14928
14929
14930
14931
14932
14933
14934
14935
15035
15036
15037
15038
15023
15024
15025
15026
15027
15028
15029
15030
15031
15032
15033
15034
14662
14690
14721
14839
14840
14841
14842
14843
14844
14845
14846
14847
14848
14849
14850
38849
38850
42624
42625
42626
42627
42628
42629
42630
42631
42632
42633
42634
42635
38852
42623
38853
42622
38854
36024
36025
36026
36027
36028
36029
36030
36031
36032
36033
36034
36035
36036
36037
36023
36054
36055
36056
36038
36039
36040
36041
36042
36043
36044
36045
36046
36047
36048
36049
36050
36051
36052
36053
49336
36019
36022
36021
42603
42605
42599
42598
42597
42602
42600
42604
42601
42589
42590
42591
42592
42593
42594
42595
42596
38862
38859
38861
38860
36062
36063
36064
36065
36066
36067
36068
36069
36070
36071
36072
36073
36074
36075
36076
36077
36078
36079
36080
36057
36058
36059
36060
36061
42586
42588
42587
42578
42579
42580
42581
42582
42583
42584
42585
12938
12939
42576
42577
42574
42573
42572
42575
24542
24543
24544
24545
24546
24547
24548
24549
24550
24551
24552
24553
42564
42565
42566
42567
42568
42569
42570
42571
12934
12933
12936
12935
12937
24291
24289
24290
16830
16831
16832
16833
16834
16835
16836
16837
16838
16839
16840
16841
16842
16843
16844
16845
16846
16847
16848
16849
16850
16851
16852
16853
16854
16855
16856
16857
16858
16859
16819
16820
16821
16822
16823
16824
16825
16826
16827
16828
16829
16866
16860
16861
16862
16863
16864
16865
16734
16733
16736
16731
16735
16732
16716
16717
16718
16719
16720
16721
16722
16723
16724
16725
16726
16727
16728
16729
16730
16737
16738
16739
16740
16741
16742
16743
16744
16745
16746
16747
16748
16749
16750
16751
16711
16712
16713
16714
16715
16778
16779
16780
16781
16782
16783
16784
16785
16786
16787
16788
16789
16790
16791
16792
16793
16794
16795
16796
16797
16798
16799
16800
16801
16802
16803
16804
16805
16806
16807
16808
16809
16810
16811
16812
16813
16814
16815
16816
16817
16818
16752
16753
16754
16755
16756
16757
16758
16759
16760
16761
16762
16763
16764
16765
16766
16767
16768
16769
16770
16771
16772
16773
16774
16775
16776
16777
24287
24288
43651
35639
35640
35641
35642
35624
35625
35626
35627
35628
35629
35630
35631
35632
35633
35634
35635
35636
35637
35638
43652
40205
40200
40201
40208
40206
40203
40209
40198
40204
40207
40199
40202
40186
40187
40188
40189
40190
40191
40192
40193
40194
40195
40196
40197
40155
40156
40157
40161
40162
40163
40174
40175
40153
40154
40164
40165
40166
40167
40168
40169
40170
40171
40172
40173
40158
40159
40160
40176
40177
40178
40179
40180
40181
40182
40183
40184
40185
40266
40257
40263
40264
40262
40267
40258
40259
40270
40268
40261
40271
40255
40265
40269
40256
40260
40243
40244
40245
40246
40247
40248
40249
40250
40251
40252
40253
40254
40212
40213
40214
40218
40219
40220
40231
40232
40210
40211
40221
40222
40223
40224
40225
40226
40227
40228
40229
40230
40215
40216
40217
40233
40234
40235
40236
40237
40238
40239
40240
40241
40242
43653
40121
40122
40123
40124
40115
40116
40117
40118
40119
40120
40138
40139
40140
40141
40142
40143
40144
40145
40146
40147
40152
40148
40150
40151
40149
40125
40126
40127
40128
40129
40130
40131
40132
40133
40134
40135
40136
40137
29530
29531
29532
29533
29534
29535
29536
29537
29538
29539
29540
29541
29542
29543
29544
29545
29546
29547
29548
29549
29550
29551
29552
29553
29554
29555
29556
29557
29558
29559
29560
29561
29562
29563
29564
29565
29566
29567
29568
29569
29528
29529
29502
29503
29504
29505
29506
29507
29508
29509
29510
29511
29512
29513
29514
29515
29516
29517
29518
29519
29520
29521
29522
29523
29524
29525
29526
29527
29462
29463
29464
29465
29466
29467
29468
29469
29470
29471
29472
29473
29450
29451
29452
29453
29454
29455
29456
29457
29458
29459
29460
29461
29488
29489
29490
29491
29492
29493
29494
29495
29496
29497
29498
29499
29500
29501
29474
29475
29476
29477
29478
29479
29480
29481
29482
29483
29484
29485
29486
29487
29434
29431
29432
29433
29436
29437
29438
29439
29440
29441
29442
29443
29444
29445
29446
29447
29448
29449
29435
39541
39542
39543
39544
39545
39546
39547
39548
39549
39550
39551
39552
39553
39554
39555
39540
39539
39572
39571
39556
39557
39558
39559
39560
39561
39562
39563
39564
39565
39566
39567
39568
39569
39570
13708
13709
13710
13711
13712
13713
13691
13692
13693
13694
13695
13696
13697
13698
13699
13700
13701
13702
13703
13704
13705
13706
13707
50482
50481
50474
50475
50476
50477
50478
50479
50480
50465
50466
50467
50468
50469
50470
50471
50472
50473
50451
50452
50453
50454
50455
50456
50457
50458
50459
50460
50461
50462
50463
50464
50552
50548
50550
50549
50547
50551
50517
50518
50519
50520
50521
50522
50523
50524
50525
50526
50527
50528
50529
50530
50538
50539
50540
50541
50542
50543
50544
50545
50546
50531
50532
50533
50534
50535
50536
50537
50515
50514
50513
50516
50483
50484
50485
50486
50487
50488
50489
50490
50491
50492
50493
50494
50495
50496
50504
50505
50506
50507
50508
50509
50510
50511
50512
50497
50498
50499
50500
50501
50502
50503
42988
42989
42990
42991
42992
42993
42994
42995
42996
42997
42998
42999
43000
43001
43002
43003
43004
43014
43013
43010
43012
43009
43011
43005
43006
43007
43008
43017
43018
43019
43020
43021
43022
43023
43024
43015
43016
43044
43043
43040
43042
43039
43041
43027
43028
43029
43030
43031
43032
43033
43034
43035
43036
43037
43038
43025
43026
23288
23289
23287
23286
23283
23285
23284
23280
23281
23282
23271
23276
23277
23278
23279
23272
23273
23274
23275
49221
49222
49218
49219
49220
49217
49214
49215
49216
49206
49207
49208
49209
49210
49211
49212
49213
49187
49188
49189
49190
49191
49192
49193
49194
49186
49198
49199
49200
49201
49202
49203
49204
49205
49195
49196
49197
49180
49181
49182
49183
49129
49130
49131
49132
49133
49134
49135
49136
49137
49138
49139
49140
49141
49142
49143
49144
49145
49146
49147
49148
49149
49150
49151
49152
49153
49154
49155
49156
49157
49158
49159
49160
49161
49162
49163
49164
49165
49166
49167
49168
49169
49170
49171
49172
49173
49174
49175
49176
49177
49178
49179
49185
49184
6199
6200
6201
6202
6203
6204
6205
6206
6207
6198
6197
44025
44026
44027
44028
44029
44030
44031
6231
6229
6230
6220
6221
6222
6223
6224
6225
6226
6227
6228
23870
23874
23873
23869
23871
23872
6209
6208
23863
23865
23864
23866
23867
23868
23861
23862
23859
23860
23857
23858
50449
50450
13632
13631
13624
13625
13626
13627
13628
13629
13608
13609
13610
13611
13612
13613
13614
13615
13616
13617
13618
13619
13620
13621
13622
13623
12698
12699
19026
19027
19028
19029
19030
19031
19032
19033
19034
19035
19036
50447
50448
47130
47129
47128
47134
47133
47132
47131
47136
47135
34705
34706
34707
34685
34686
34687
34688
34689
34690
34691
34692
34693
34694
34695
34696
34697
34698
34669
34670
34671
34672
34673
34674
34675
34676
34677
34678
34679
34680
34681
34682
34683
34684
34666
34667
34668
34699
34700
34701
34702
34703
34704
34665
34661
34662
34664
34660
34663
34659
34658
34657
34656
34655
34654
34651
34652
34653
34650
34649
34648
34647
34646
34645
34644
19724
19725
19722
19723
19728
19729
19726
19727
19730
19731
19732
35616
35617
35618
35619
35605
35606
35607
35608
35609
35610
35611
35612
35613
35614
35615
1090
1091
1064
1065
1066
1067
1068
1069
1070
1071
1072
1073
1074
1075
1076
1077
1078
1079
1080
1081
1082
1083
1084
1085
1086
1087
1088
1089
4581
2970
6361
5244
8894
8895
8896
8897
8898
8899
8900
8901
8902
8903
8904
8905
8906
8907
8908
8909
8910
7788
10883
10884
10138
10139
10140
10141
10142
10143
10144
10145
10146
10147
10148
10149
10150
10151
10152
10153
10154
45884
45883
45882
45881
45877
45880
45878
45879
45871
45872
45873
45874
45875
45876
45867
45868
45869
45870
30603
30604
30605
30606
37904
37902
37903
37905
37912
37906
37907
37908
37909
37910
37911
37925
37919
37920
37921
37922
37923
37924
37913
37914
37915
37916
37917
37918
12182
12183
12184
12185
12144
12421
12422
12423
12424
12425
12426
12427
12428
12260
12261
12262
12263
12264
12265
12266
12267
12268
12269
12270
12271
12272
12532
12533
12534
12535
12536
12537
12538
12539
12540
12541
12542
12543
12544
12545
12546
12547
12548
12549
12550
12551
12552
12459
12458
12456
12457
12460
12452
12453
12454
12455
12784
12783
12696
12695
12693
12694
12697
12681
12682
12683
12684
12668
12669
12670
12671
12672
12673
12674
12675
12676
12677
12678
12679
12680
12685
12686
12687
12688
12689
12690
12691
12692
12940
12871
40327
40328
40329
40330
40331
40341
40344
40340
40343
40345
40342
40339
40346
40333
40334
40335
40336
40337
40338
40332
40347
40348
40349
40350
40364
40367
40363
40366
40368
40365
40362
40369
40352
40353
40354
40355
40356
40357
40351
40358
40359
40360
40361
14543
12972
12973
12974
12975
12976
12977
12967
12968
12969
12970
12971
12987
12988
12989
12978
12979
12980
12981
12982
12983
12984
12985
12986
12964
12966
12965
13013
13015
13014
12995
12996
12997
12998
12999
13000
12990
12991
12992
12993
12994
13010
13011
13012
13001
13002
13003
13004
13005
13006
13007
13008
13009
12947
12948
12949
12950
12951
12941
12942
12943
12944
12945
12946
12955
12956
12957
12958
12959
12960
12961
12962
12963
12952
12953
12954
16702
16696
16697
16698
16699
16700
16701
16677
16678
16679
16680
16681
16682
16683
16684
16685
16686
16687
16688
16689
16690
16691
16692
16693
16694
16695
16704
16703
16706
16707
16708
16705
38870
38864
38868
38867
38869
38863
38866
38865
40084
40087
40086
40081
40080
40083
40082
18311
18312
18313
18314
18315
18316
18317
18318
18319
18320
18321
18322
18323
18306
18307
18308
18309
18310
18305
38851
18338
18339
18340
18341
18342
18324
18325
18326
18327
18328
18329
18330
18331
18332
18333
18334
18335
18336
18337
18290
18289
18292
18293
18294
18295
18296
18297
18298
18299
18300
18301
18302
18303
18304
18291
13636
13637
13638
13639
13640
13641
13642
13643
13644
13645
13646
13647
13648
13649
13650
13651
13652
13635
13634
13633
15725
15723
15722
15720
15724
15721
15654
15655
15656
15657
15658
15659
15660
15661
15662
15663
15664
15665
15666
15667
15668
15669
15670
15671
15672
15673
15674
15675
15676
15677
15678
15679
15708
15709
15710
15711
15712
15713
15714
15715
15716
15717
15718
15719
15680
15681
15682
15683
15684
15685
15686
15687
15688
15689
15690
15691
15692
15693
15694
15695
15696
15697
15698
15699
15700
15701
15702
15703
15704
15705
15706
15707
13630
15726
15727
15728
39501
39502
39503
39507
39504
39506
39505
39471
39472
39473
39474
39475
39476
39477
39478
39479
39480
39481
39482
39483
39484
39485
39486
39487
39488
39489
39490
39491
39492
39493
39494
39495
39496
39497
39498
39499
39500
50443
50444
50414
50415
50416
50417
50418
50419
50420
50421
50422
50423
50424
50425
50426
50427
50428
50429
50430
50431
50432
50433
50434
50435
50436
50437
50438
50439
50440
50441
50442
50445
50446
13672
13673
13674
13675
13655
13656
13657
13658
13659
13660
13661
13662
13663
13664
13665
13666
13667
13668
13669
13670
13671
13653
13654
49226
49227
49224
49225
49235
49232
49233
49234
49328
49324
49325
49326
49327
49236
49237
49238
49239
49240
49241
49242
49243
49244
49245
49246
49247
49248
49249
49250
49251
49252
49253
49254
49255
49256
49257
49258
49259
49260
49261
49262
49263
49264
49265
49266
49267
49268
49269
49270
49271
49272
49273
49274
49275
49276
49277
49278
49279
49280
49281
49282
49283
49284
49285
49286
49287
49288
49289
49290
49291
49292
49293
49294
49295
49296
49297
49298
49299
49300
49301
49302
49303
49304
49305
49306
49307
49308
49309
49310
49311
49312
49313
49314
49315
49316
49317
49318
49319
49320
49321
49322
49323
49229
49228
49230
49231
49329
49330
34066
34067
43833
43834
43835
43836
43832
43829
43830
43831
48680
48681
48682
48683
48684
48685
48686
48687
48688
48689
48690
48691
48692
48693
48694
48695
48696
48697
48698
48699
48700
48701
48702
48712
48713
48714
48715
48716
48717
48718
48703
48704
48705
48706
48707
48708
48709
48710
48711
48719
48720
48721
48722
48723
48724
48725
48726
48727
48728
48729
48730
48731
48732
48733
48734
48735
48736
48737
48738
48739
48740
48741
48668
48669
9194
9185
9186
9187
9188
9189
9190
9191
9192
9193
9204
9207
9206
9205
9195
9196
9197
9198
9199
9200
9201
9202
9203
9173
9174
9175
9176
9177
9178
9179
9180
9181
9182
9184
9183
9171
9172
48774
48775
48776
48777
48778
48779
48780
48742
48743
48744
48745
48746
48747
48748
48749
48750
48751
48752
48753
48754
48755
48756
48757
48758
48759
48760
48761
48762
48763
48764
48765
48766
48767
48768
48769
48770
48771
48772
48773
9170
9167
9168
9146
9147
9148
9149
9150
9151
9152
9153
9154
9155
9156
9157
9158
9134
9135
9136
9137
9138
9128
9129
9130
9131
9132
9133
9139
9140
9141
9142
9143
9144
9145
9159
9160
9161
9162
9163
9164
9165
9166
45196
45191
45192
45194
45197
45193
45195
45176
45177
45178
45179
45180
45181
45182
45183
45184
45185
45186
45187
45188
45189
45190
45167
45168
45169
45170
45171
45172
45173
45174
45175
45166
45164
45165
45162
45163
45155
45156
45153
45154
45152
528
529
40293
40294
40295
40272
40273
40274
40275
40276
40277
40278
40279
40280
40281
40282
40283
40284
40285
40286
40287
40288
40289
40290
40291
40292
40077
40078
40079
40070
40071
40072
40073
40074
40075
40076
40101
40102
40103
40104
40105
40106
40107
40108
40109
40110
40111
40112
40113
40114
39928
39929
39930
39931
39932
39933
39934
39981
39982
39983
39984
39985
39986
39987
39988
39989
39990
39991
39992
39993
39994
39838
527
39668
39669
39670
39715
3165
3166
3167
3158
3159
3160
3161
3162
3163
3164
47141
3148
3149
47143
47144
47145
47146
47147
47148
47149
48670
19850
19854
19862
19855
19849
19856
19860
19851
19848
19857
19853
19859
19852
19861
19858
19818
19819
19820
19821
19822
19823
19824
19825
19826
19827
19828
19829
19830
19831
19832
19833
19834
19835
19836
19837
19838
19839
19840
19841
19842
19843
19844
19845
19846
19847
19997
20001
20009
20002
19996
20003
20007
19998
19995
20004
20000
20006
19999
20008
20005
19994
19949
19929
19942
19943
19930
19931
19932
19933
19934
19935
19936
19937
19938
19939
19940
19941
19944
19945
19946
19947
19948
19950
19951
19952
19953
19954
19955
19956
19957
19958
19959
19960
19961
19962
19963
19964
19965
19966
19967
19968
19969
19970
19971
19972
19973
19974
19975
19976
19977
19978
19979
19980
19981
19982
19983
19984
19985
19986
19987
19988
19989
19990
19991
19992
19993
48671
48672
48673
48674
48675
48676
48677
48678
48679
19799
19800
19801
19802
19803
19787
19788
19789
19790
19791
19792
19793
19794
19795
19796
19797
19798
19806
19807
19808
19809
19810
19811
19812
19813
19814
19815
19816
19817
19804
19805
5947
5948
5946
5942
5943
5944
5945
5926
5927
5928
5929
5930
5931
5932
5933
5934
5935
5936
5937
5938
5939
5940
5941
5949
5950
5951
5952
5953
5954
5955
5956
5957
5958
5959
5960
5961
5962
5963
5964
5965
5966
5967
5968
5969
35581
35582
35583
35584
35568
35569
35570
35571
35572
35573
35574
35575
35576
35577
35578
35579
35580
5970
5971
5972
5973
5974
5975
5976
5977
5978
5979
5980
5981
5982
5983
5984
5985
5986
5987
5988
35566
35564
35565
35567
35559
35560
35561
35562
35563
32257
32255
32254
32256
32245
32246
32247
32248
32249
32250
32251
32252
32253
32233
32234
32235
32236
32237
32238
32239
32240
32241
32242
32243
32244
32282
32283
32280
32279
32281
32270
32271
32272
32273
32274
32275
32276
32277
32278
32258
32259
32260
32261
32262
32263
32264
32265
32266
32267
32268
32269
35557
35558
35552
35553
35554
35555
35556
32448
32446
32449
32445
32447
32429
32430
32431
32432
32433
32434
32435
32436
32441
32442
32443
32444
32418
32419
32420
32421
32422
32423
32424
32425
32426
32427
32428
32437
32438
32439
32440
32410
32411
32412
32413
32414
32415
32416
32417
30397
30399
30400
30398
30396
30392
30393
30395
30394
30386
30387
30388
30389
30390
30391
41631
41632
41633
10877
41656
41657
41658
41659
41660
41652
41653
41654
41655
41646
41647
41648
41649
41650
41651
10879
35585
10873
45906
45902
45904
45901
45905
45903
10874
10876
36161
36162
36163
43655
46774
46770
46773
46771
46772
46743
46744
46753
46754
46755
46756
46757
46758
46759
46760
46761
46762
46763
46764
46765
46766
46767
46768
46769
46745
46746
46747
46748
46749
46750
46751
46752
46717
46713
46716
46714
46715
46711
46712
46726
46727
46728
46729
46730
46731
46732
46733
46734
46735
46736
46737
46738
46739
46740
46741
46742
46718
46719
46720
46721
46722
46723
46724
46725
46690
46691
46692
46693
46694
46695
46696
46697
46698
46699
46700
46701
46702
46703
46704
46705
46706
46707
46708
46709
46710
43656
13745
13746
13730
13731
13732
13733
13734
13735
13736
13737
13738
13739
13740
13741
13742
13743
13744
13606
13607
13676
13677
13678
13679
13680
13681
13682
13683
13684
13685
13686
13687
13688
13689
13690
13369
13370
13371
13372
13447
13448
13449
13450
13451
13452
13453
13454
13455
13456
13457
37460
37461
37462
37463
37464
37465
37466
37430
37431
37432
37433
37434
37435
37436
37437
37438
37439
37440
37441
37442
37443
37444
37445
37446
37447
37448
37449
37450
37451
37452
37453
37454
37455
37456
37457
37458
37459
25502
25503
25504
25505
25488
25489
25490
25491
25492
25493
25494
25495
25496
25497
25498
25499
25500
25501
25452
25450
25451
25433
25434
25435
25436
25437
25438
25439
25440
25441
25442
25443
25444
25445
25446
25447
25448
25449
25454
25453
25456
25457
25458
25459
25460
25461
25462
25463
25464
25465
25466
25467
25468
25469
25455
25487
25473
25474
25475
25476
25477
25478
25479
25480
25481
25482
25483
25484
25485
25486
25470
25471
25472
27481
27479
27480
27462
27463
27464
27465
27466
27467
27468
27469
27470
27471
27472
27473
27474
27475
27476
27477
27478
27461
27444
27445
27446
27447
27448
27449
27450
27451
27452
27453
27454
27455
27456
27457
27458
27459
27460
27443
27442
27437
27438
27439
27440
27441
27425
27426
27427
27428
27429
27430
27431
27432
27433
27434
27435
27436
27424
27423
17061
17062
17063
17065
17066
17067
17064
17068
17046
17047
17048
17043
17044
17045
17049
17050
17051
17052
17053
17054
17055
17056
17057
17058
17059
17060
15365
15366
15367
15368
15369
15370
15371
15372
15373
15374
15358
15359
15360
15361
15362
15363
15364
15408
15409
15407
15392
15393
15394
15395
15396
15397
15398
15399
15400
15401
15402
15403
15404
15405
15406
15382
15383
15384
15385
15386
15387
15388
15389
15390
15391
15375
15376
15377
15378
15379
15380
15381
39716
39717
39718
39719
39720
39721
39722
39723
39724
39725
39726
39727
39728
39729
39730
39731
39732
39733
39734
39735
39736
39737
39738
39739
39740
39741
39742
39743
39744
39745
39746
39747
39748
39749
39750
39751
39752
39753
39754
39755
39757
39759
39758
39756
39773
39774
39775
39776
39777
39778
39779
39780
39781
39782
39783
39784
39785
39786
39787
39788
39789
39790
39791
39792
39793
39794
39795
39796
39760
39761
39762
39763
39764
39765
39766
39767
39768
39769
39770
39771
39772
39835
39837
39836
39834
39810
39811
39812
39813
39814
39815
39816
39817
39818
39819
39820
39821
39822
39823
39824
39825
39826
39827
39828
39829
39830
39831
39832
39833
39797
39798
39799
39800
39801
39802
39803
39804
39805
39806
39807
39808
39809
31199
31200
31201
37363
37364
37365
37366
37367
37368
37369
37370
37371
37372
37373
37374
37375
37376
37377
37378
37379
37380
37381
37382
37383
37384
37385
37386
37387
37388
37389
37390
37391
37392
22540
13892
13893
13890
13891
13896
13897
13894
13895
31202
31203
31204
31205
31206
31207
31208
31209
31210
31211
31212
13898
13899
17516
17547
17538
17519
17540
17520
17541
17526
17525
17542
17539
17515
17518
17517
17521
17543
17545
17523
17522
17524
17544
17546
17527
17528
17529
17530
17531
17532
17533
17534
17536
17535
17537
17510
17511
17514
17512
17513
37428
37429
37398
37399
37400
37401
37402
37403
37404
37405
37406
37407
37408
37409
37410
37411
37412
37413
37414
37415
37416
37417
37418
37419
37420
37421
37422
37423
37424
37425
37426
37427
24477
49342
49341
49340
49339
25106
25105
25057
25058
25059
25060
25061
25062
25063
25064
25065
25066
25067
25068
25069
25070
25071
25072
25073
25074
25075
25076
25077
25078
25079
25080
25081
25082
25083
25084
25085
25086
25087
25088
25089
25090
25091
25092
25093
25094
25095
25096
25097
25098
25099
25100
25101
25102
25103
25104
25053
25054
25051
25050
25055
25052
25056
25036
25037
25038
25039
25040
25041
25042
25043
25044
25045
25046
25047
25048
25049
49335
49344
49343
5468
5469
5470
5471
5472
5473
5474
5475
5476
5477
5478
5479
5480
5481
5482
5483
5484
5485
5486
5487
5488
5489
5490
5491
5492
5493
5494
5495
5496
5497
5450
5451
5452
5453
5454
5455
5456
5457
5458
5459
5460
5461
5462
5463
5464
5465
5466
5467
43647
43646
43650
43649
43648
43635
43636
43637
43638
43639
43640
43641
43642
43643
43644
43645
41620
41621
41622
41623
41624
41625
41626
41627
41628
41629
41613
41614
41615
41616
41617
41618
41619
20881
20882
20866
20867
20868
20869
20879
20880
20870
20871
20872
20873
20874
20875
20876
20877
20878
20864
20863
20865
20859
20860
20861
20862
42557
42558
42559
42553
42554
42555
42556
524
525
526
523
522
492
493
494
495
496
497
498
499
500
501
502
503
504
505
506
507
508
509
510
511
512
513
514
515
516
517
518
519
520
521
42560
42561
39912
34879
34880
34881
34882
34870
34871
34872
34873
34874
34875
34876
34877
34878
47140
3125
3126
3127
3128
3129
3130
3131
3124
34857
34858
34859
34848
34849
34850
34851
34852
34853
34854
34855
34856
3120
3121
3114
3115
3116
3117
3118
3119
3108
3110
3113
3109
3112
3111
3065
3066
3067
3068
3069
3070
3071
3072
3073
3074
3075
3076
3077
3078
3079
3080
3081
3082
3083
3084
3085
3086
3087
3088
3089
3090
3091
3092
3093
3094
3095
3096
3097
3098
3099
3100
3101
3102
3103
3104
3105
3106
3107
3123
3122
3002
3003
3004
3005
3006
3007
3008
3009
3010
3011
3012
3013
3014
3015
2988
2989
2990
2991
2992
2993
2994
2995
2996
2997
2998
2999
3000
3001
3051
3052
3053
3054
3055
3056
3057
3058
3059
3060
3061
3062
3063
3064
3045
3047
3050
3046
3049
3048
3016
3017
3018
3019
3020
3021
3022
3023
3024
3025
3026
3027
3028
3029
3030
3031
3032
3033
3034
3035
3036
3037
3038
3039
3040
3041
3042
3043
3044
3157
3150
3151
3152
3153
3154
3155
3156
43654
34298
22114
22115
22110
22111
22112
22113
22097
22101
22099
22103
22104
22108
22098
22109
22100
22093
22095
22094
22105
22102
22092
22106
22107
22096
22089
22090
22091
36992
36993
36994
36980
36981
36982
36983
36984
36985
36986
36987
36988
36989
36990
36991
36909
36910
36911
36912
36913
36914
37093
37094
37095
37075
37076
37077
37078
37079
37080
37081
37082
37083
37084
37085
37086
37087
37088
37089
37090
37091
37092
32493
32492
32491
32490
32497
32496
32495
32494
4919
32499
32498
4918
4917
38873
38874
38875
38848
38671
38661
38606
36836
36837
36838
36839
36840
36841
46052
46054
46053
46051
46029
46030
46031
46032
46033
46034
46035
46011
46012
46013
46014
46015
46016
46017
46018
46019
46020
46021
46022
46023
46024
46025
46026
46027
46028
46036
46037
46038
46039
46040
46041
46042
46043
46044
46045
46046
46047
46048
46049
46050
46655
46654
46656
46657
46649
46650
46651
46652
46653
46644
46645
46646
46647
46648
46674
46673
46672
46671
46658
46659
46660
46661
46662
46663
46664
46665
46666
46667
46668
46669
46670
46676
46675
46678
46677
46681
46682
46683
46684
46679
46680
32893
32892
32896
32895
32894
32866
32867
32868
32869
32870
32871
32864
32865
32877
32878
32879
32872
32873
32874
32875
32876
32880
32881
32882
32883
32884
32885
32886
32887
32888
32889
32890
32891
30363
30364
30365
30366
30367
30368
30369
30361
30362
30359
30360
30357
30358
30371
30373
30374
30372
30370
30381
30382
30384
30383
30375
30376
30377
30378
30379
30380
40975
19928
19883
19863
19876
19877
19864
19865
19866
19867
19868
19869
19870
19871
19872
19873
19874
19875
19878
19879
19880
19881
19882
19884
19885
19886
19887
19888
19889
19890
19891
19892
19893
19894
19895
19896
19897
19898
19899
19900
19901
19902
19903
19904
19905
19906
19907
19908
19909
19910
19911
19912
19913
19914
19915
19916
19917
19918
19919
19920
19921
19922
19923
19924
19925
19926
19927
12075
12059
11696
11698
11699
11695
11697
11813
11722
36569
36570
36571
36572
36573
36580
36579
36574
36575
36576
36577
36578
36562
36563
36564
36565
36566
36568
36567
36561
36560
36558
36559
16874
16873
16872
16871
16914
16915
16898
16899
16900
16901
16902
16903
16904
16905
16906
16907
16908
16909
16910
16911
16912
16913
16891
16892
16893
16894
16895
16896
16897
16875
16876
16877
16878
16879
16880
16881
16882
16883
16884
16885
16886
16887
16888
16889
16890
16996
16997
16998
16999
16957
16958
16959
16960
16961
16962
16963
16964
16965
16966
16967
16968
16969
16970
16971
16972
16973
16974
16975
16976
16977
16978
16979
16980
16981
16982
16983
16984
16985
16986
16987
16988
16989
16990
16991
16992
16993
16994
16995
16955
16956
16916
16917
16918
16919
16920
16921
16922
16923
16924
16925
16926
16927
16928
16929
16930
16931
16932
16933
16934
16935
16936
16937
16938
16939
16940
16941
16942
16943
16944
16945
16946
16947
16948
16949
16950
16951
16952
16953
16954
15301
15303
15302
15295
15296
15297
15298
15299
15300
15287
15288
15289
15290
15291
15292
15293
15294
15305
15304
15307
15308
15309
15310
15311
15306
15322
15323
15324
15325
15326
15327
15328
15329
15330
15331
15312
15313
15314
15315
15316
15317
15318
15319
15320
15321
15355
15356
15354
15339
15340
15341
15342
15343
15344
15345
15346
15347
15348
15349
15350
15351
15352
15353
15332
15333
15334
15335
15336
15337
15338
26578
26579
26580
26581
26582
26583
26584
26585
26586
26587
26588
26617
26618
26619
26620
26621
26589
26590
26591
26592
26593
26594
26595
26596
26597
26598
26599
26600
26601
26602
26603
26604
26605
26606
26607
26608
26609
26610
26611
26612
26613
26614
26615
26616
39671
39672
39714
39711
39713
39712
39710
34187
36846
36844
36845
36847
36842
36843
13883
13882
13879
13862
13873
13850
13881
13877
13875
13872
13853
13855
13874
13878
13857
13851
13876
13866
13854
13852
13868
13861
13869
13856
13871
13867
13870
13880
13858
13859
13860
13863
13864
13865
13828
13829
13830
13831
13832
13833
13822
13823
13824
13825
13826
13827
13814
13815
13816
13817
13818
13819
13820
13821
13834
13835
13836
13837
13838
13839
13840
13841
13842
13843
13844
13845
13846
13847
13848
13849
34188
34189
34190
34191
34192
34193
34194
34195
34196
17555
17554
17553
17552
17551
17550
17549
17557
17556
23786
23785
23771
23772
23773
23774
23775
23776
23777
23778
23779
23780
23781
23782
23783
23784
11192
11181
11191
11182
11179
11180
11183
11184
11185
11186
11187
11188
11189
11190
11086
11087
11088
11089
11090
11120
11121
11122
11123
11124
11125
11091
11092
11093
11094
11095
11096
11097
11098
11099
11100
11101
11102
11103
11104
11105
11106
11107
11108
11109
11110
11111
11112
11113
11114
11115
11116
11117
11118
11119
11126
11127
11128
11129
11130
11131
11132
11133
11134
11135
11136
11137
11138
11139
11140
11141
11142
11143
11144
11145
11146
11147
11148
11149
11150
11151
11152
11153
11154
11155
11156
11157
11158
11159
11160
11161
11162
11163
11164
11165
11166
11167
11168
11169
11170
11171
11172
11173
11174
11175
11176
11177
11178
11213
11214
11200
11201
11202
11203
11204
11205
11206
11207
11208
11209
11210
11211
11212
11193
11194
11195
11196
11197
11198
11199
10986
10981
10985
10982
10979
10980
10983
10984
11080
11081
11082
11083
11084
11085
10987
10988
10989
10990
10991
11021
11022
11023
11024
11025
11026
10992
10993
10994
10995
10996
10997
10998
10999
11000
11001
11002
11003
11004
11005
11006
11007
11008
11009
11010
11011
11012
11013
11014
11015
11016
11017
11018
11019
11020
11027
11028
11029
11030
11031
11032
11033
11034
11035
11036
11037
11038
11039
11040
11041
11042
11043
11044
11045
11046
11047
11048
11049
11050
11051
11052
11053
11054
11055
11056
11057
11058
11059
11060
11061
11062
11063
11064
11065
11066
11067
11068
11069
11070
11071
11072
11073
11074
11075
11076
11077
11078
11079
10955
10956
10957
10958
10959
10960
10961
10962
10963
10964
10965
10966
10967
10968
10969
10970
10971
10972
10973
10974
10975
10976
10977
10978
10897
10898
10899
10900
10901
10902
10903
10904
10905
10906
10907
10908
10909
10910
10911
10912
10913
10914
10915
10916
10917
10918
10919
10920
10921
10922
10923
10924
10925
10926
10927
10928
10929
10930
10931
10932
10933
10934
10935
10936
10937
10938
10939
10940
10941
10942
10943
10944
10945
10946
10947
10948
10949
10950
10951
10952
10953
10954
10886
10887
10888
10889
10890
10891
10892
10893
10894
10895
10896
49511
49509
49510
49500
49501
49502
49503
49504
49505
49506
49507
49508
49454
49455
49456
49457
49458
49459
49460
49461
49462
49463
49464
49465
49466
49467
49468
49469
49470
49471
49472
49473
49474
49475
49476
49477
49478
49479
49480
49481
49482
49483
49484
49485
49486
49487
49488
49489
49490
49491
49492
49493
49494
49495
49496
49497
49498
49499
24997
24994
24995
49350
49351
49352
49353
49354
49355
49356
49357
49358
49359
49360
49361
49362
49363
49364
49365
49366
49367
49368
49369
49370
49371
49372
49373
49374
49375
49376
49377
49378
49379
49380
49381
49382
49383
49384
49385
49386
49387
49388
49389
49390
49391
49392
49393
49394
49395
49398
49396
49397
49445
49446
49447
49448
49449
49450
49451
49452
49453
49399
49400
49401
49402
49403
49404
49405
49406
49407
49408
49409
49410
49411
49412
49413
49414
49415
49416
49417
49418
49419
49420
49421
49422
49423
49424
49425
49426
49427
49428
49429
49430
49431
49432
49433
49434
49435
49436
49437
49438
49439
49440
49441
49442
49443
49444
25001
25002
25003
25004
25005
25006
25007
25008
25009
25010
25011
25012
25013
25014
25015
25016
25017
25018
25019
25020
639
627
630
638
628
631
640
629
637
632
633
634
635
636
609
610
611
612
613
614
615
616
619
620
621
622
623
624
625
626
617
618
641
642
643
644
645
646
647
648
649
42657
42658
42645
42646
42647
42648
42649
42650
42651
42652
42653
42654
42655
42656
42636
42637
42638
42639
42640
42641
42642
42643
42644
8853
8854
8855
8856
8857
8858
8859
8860
8861
8862
8863
8864
8865
8866
8867
8868
8851
8852
8849
8850
8847
8848
8872
8869
8871
8870
8893
8889
8890
8891
8892
8873
8874
8875
8876
8877
8878
8879
8880
8881
8882
8883
8884
8885
8886
8887
8888
47118
47096
47121
47104
47097
47120
47106
47107
47110
47122
47124
47119
47111
47105
47102
47115
47101
47094
47113
47098
47095
47109
47103
47117
47099
47123
47100
47108
47112
47114
47116
47089
47090
47091
47092
47093
47086
47087
47088
47125
22126
22125
22124
22123
22122
22121
22120
22119
22118
22117
6193
6194
6192
6187
6188
6189
6190
6191
6195
43700
43698
43696
43699
43702
43697
43701
43686
43687
43688
43689
43690
43691
43692
43693
43694
43695
4587
4588
4589
4590
4591
4592
4593
4594
4595
4596
4597
4598
4599
4600
4601
4602
4603
4604
4605
4606
4607
4608
4609
4610
4611
4612
4613
4614
4615
4616
4617
4618
4619
4620
4621
4622
4623
4624
4625
4626
4627
4628
4629
4630
4583
4584
4585
4586
4631
4632
4633
4634
4635
4636
4637
4638
4642
4641
4639
4640
46057
46058
46059
46060
46061
46062
46063
46064
46065
46066
46067
46068
46069
46070
46071
46072
46073
46074
46075
46076
46077
46078
46079
46080
46081
46082
46083
46084
46108
46107
46091
46092
46093
46094
46095
46096
46097
46098
46099
46100
46101
46102
46103
46104
46105
46106
46085
46086
46087
46088
46089
46090
46132
46134
46133
46131
46115
46116
46117
46118
46119
46120
46121
46122
46123
46124
46125
46126
46127
46128
46129
46130
46109
46110
46111
46112
46113
46114
38896
38939
38940
38941
38942
12141
12142
12143
12107
12108
12109
12110
12111
12112
12113
12114
12115
12116
12117
12118
12119
12120
12121
12122
12123
12124
12125
12126
12127
12128
12129
12130
12131
12132
12133
12134
12135
12136
12137
12138
12139
12140
13135
13136
13137
13138
13139
13101
13102
13103
13104
13105
13106
13107
13108
13109
13110
13111
13112
13113
13114
13115
13116
13117
13118
13119
13120
13121
13122
13123
13124
13125
13126
13127
13128
13129
13130
13131
13132
13133
13134
31190
31191
31187
31188
31189
31179
31178
31181
31182
31183
31184
31185
31186
31180
31177
31174
31175
31176
31154
31155
31156
31157
31158
31159
31160
31161
31162
31163
31164
31165
31166
31167
31168
31169
31170
31171
31172
31173
32833
32832
32836
32835
32834
32830
32831
32839
32840
32841
32842
32837
32838
32848
32849
32850
32843
32844
32845
32846
32847
32851
32852
32853
32854
32855
32856
32857
32858
32859
32860
32861
32862
32802
32803
32804
32805
32806
32807
32808
32809
32810
32811
32812
32813
32814
32815
32816
32817
32818
32819
32820
32821
32822
32823
32824
32825
32826
32827
32828
32829
45751
45752
45753
45750
45749
45754
45759
45757
45758
45760
45756
45755
45746
45747
45748
30353
30352
30351
30327
30328
30329
30330
30331
30332
30333
30334
30335
30336
30337
30338
30339
30340
30341
30342
30343
30344
30345
30346
30347
30348
30349
30350
30355
30354
35620
35621
35622
35623
32045
32042
32043
32044
32030
32031
32032
32033
32034
32035
32036
32037
32038
32039
32040
32041
32013
32014
32015
32016
32017
32018
32019
32020
32021
32022
32023
32024
32025
32026
32027
32028
32029
32046
32047
32048
32049
35588
17092
17089
17090
17091
17102
17100
17101
17096
17103
17098
17099
17097
17093
17094
17095
38371
38377
38382
38378
38372
38376
38380
38370
38381
38379
38375
38374
38373
38345
38346
38347
38348
38349
38350
38351
38352
38353
38354
38355
38356
38357
38358
38359
38360
38361
38362
38363
38364
38365
38366
38367
38368
38369
17316
17317
17318
17319
17320
17321
17322
17323
17324
17325
17326
17327
17328
17329
17330
17331
17332
17342
17343
17333
17334
17335
17336
17337
17338
17339
17340
17341
17285
17265
17266
17267
17268
17269
17270
17271
17272
17273
17274
17275
17276
17277
17278
17279
17280
17281
17282
17283
17284
17310
17306
17307
17308
17309
17286
17287
17288
17289
17290
17291
17292
17293
17294
17295
17296
17297
17298
17299
17300
17301
17302
17303
17304
17305
17311
17314
17313
17312
17315
17344
17345
17346
17347
17348
17349
17350
17367
17368
17358
17359
17360
17361
17362
17363
17364
17365
17366
17351
17352
17353
17354
17355
17356
17357
35452
35453
35424
35425
35426
35427
35428
35429
35430
35431
35432
35433
35434
35435
35436
35437
35438
35439
35440
35441
35442
35443
35444
35445
35446
35447
35448
35449
35450
35451
39286
39285
39284
39273
39274
39275
39276
39277
39278
39279
39280
39281
39282
39283
10386
10387
10388
10389
10390
10391
10392
10393
10411
10412
10413
10414
10415
10416
10417
10418
10419
10420
10155
10156
10157
10158
10159
10160
10161
10162
10163
10164
10165
10166
10246
10247
10248
10249
10250
10251
10252
10253
10254
10255
10256
10257
10258
10259
10637
10639
10638
10601
10602
10603
10604
10605
10606
10607
10608
10609
10610
10611
10612
10613
10614
10615
10616
10617
10618
10619
10620
10621
10622
10623
10624
10625
10626
10593
10594
10595
10596
10597
10598
10599
10600
10627
10628
10629
10630
10631
10632
10633
10634
10635
10636
10453
10455
10454
10474
10475
10476
10477
10478
10479
10480
10481
10482
10483
10484
10485
10486
10487
10488
10489
10490
10491
10492
10493
10494
10495
10496
10497
10498
10499
10466
10467
10468
10469
10470
10471
10472
10473
10500
10501
10502
10503
10504
10505
10506
10507
10508
10509
17561
17562
17559
17560
17565
17566
17563
17564
17567
17568
11267
11265
11264
11268
11269
11266
11261
11262
11263
11260
11259
11256
11257
11258
11244
11243
11246
11245
11248
11247
11254
11253
11252
11255
11249
11250
11251
24992
24991
24989
24990
24988
49729
49728
49727
49726
49760
49759
49758
49761
49750
49751
49752
49753
49754
49755
49756
49757
49742
49743
49744
49745
49746
49747
49748
49749
49740
49739
49738
49741
49730
49731
49732
49733
49734
49735
49736
49737
41535
41536
41527
41528
41529
41530
41531
41532
41533
41534
41517
41518
41519
41520
41521
41522
41523
41524
41525
41526
48659
48660
48661
48662
48664
48663
48666
48665
535
534
533
532
551
555
553
554
550
552
539
540
541
542
543
544
545
546
547
548
549
537
538
536
586
591
589
590
585
588
584
587
582
583
571
572
573
574
575
576
577
578
579
580
581
569
570
567
568
556
557
558
559
560
561
562
563
564
565
566
8843
8836
8837
8838
8839
8840
8841
8842
8828
8829
8830
8831
8832
8833
8834
8835
8845
8844
47394
47395
47396
47377
47378
47379
47380
47381
47382
47383
47384
47385
47386
47387
47388
47389
47390
47391
47392
47393
47360
47361
47362
47363
47364
47365
47366
47367
47368
47369
47370
47371
47372
47373
47374
47375
47376
47359
47358
47357
47356
47355
47354
47353
47320
47321
47322
47323
47324
47325
47326
47327
47328
47329
47330
47331
47332
47333
47334
47335
47336
47337
47338
47339
47340
47341
47342
47343
47344
47345
47346
47347
47348
47349
47350
47351
47352
6434
22164
22165
22166
22167
22168
22169
22170
22171
22172
22173
22174
22175
22176
22177
22178
22179
22180
22129
22130
22127
22128
22133
22134
22135
22136
22137
22138
22139
22140
22141
22142
22143
22144
22145
22146
22147
22148
22149
22150
22151
22152
22153
22154
22155
22156
22157
22158
22159
22160
22161
22162
22163
22131
22132
6021
6022
6023
6024
6025
6026
6027
6028
6029
6030
6031
6032
6033
6034
6035
6036
6037
6038
6039
6020
6000
6001
6002
6003
6004
6005
6006
6007
6008
6009
6010
6011
6012
6013
6014
6015
6016
6017
6018
6019
6079
6040
6041
6042
6043
6044
6045
6046
6047
6048
6049
6050
6051
6052
6053
6054
6055
6056
6057
6058
6059
6060
6061
6062
6063
6064
6065
6066
6067
6068
6069
6070
6071
6072
6073
6074
6075
6076
6077
6078
4761
4759
4753
4756
4757
4758
4760
4755
4754
4729
4730
4731
4732
4733
4734
4735
4736
4737
4738
4739
4740
4741
4742
4743
4744
4727
4728
4713
4714
4715
4716
4717
4718
4719
4720
4721
4722
4723
4724
4725
4726
4701
4702
4703
4704
4705
4706
4707
4708
4709
4710
4711
4712
4745
4746
4747
4748
4749
4750
4751
4752
4698
4699
4700
4697
4696
4672
4673
4674
4675
4676
4677
4678
4679
4680
4681
4682
4683
4684
4685
4686
4687
4670
4671
4656
4657
4658
4659
4660
4661
4662
4663
4664
4665
4666
4667
4668
4669
4644
4645
4646
4647
4648
4649
4650
4651
4652
4653
4654
4655
4688
4689
4690
4691
4692
4693
4694
4695
39893
39894
39877
39878
39879
39880
39881
39882
39883
39884
39885
39886
39887
39888
39889
39890
39891
39892
46177
46173
46174
46175
46176
46169
46170
46171
46172
46168
46166
46165
46164
46167
46153
46154
46155
46156
46157
46158
46159
46160
46161
46162
46163
35551
35550
22685
22683
22684
22649
22650
22651
22652
22653
22654
22655
22656
22657
22658
22659
22660
22661
22662
22663
22664
22665
22666
22667
22668
22669
22670
22671
22672
22673
22674
22675
22676
22677
22678
22679
22680
22681
22682
24602
24599
24584
24585
24583
24593
24601
24590
24592
24591
24597
24595
24600
24598
24594
24589
24588
24596
24586
24587
24571
24572
24573
24574
24575
24576
24577
24578
24579
24580
24581
24582
22181
31224
31225
31226
31213
31214
31215
31216
31217
31218
31219
31220
31221
31222
31223
22012
22547
22548
22549
22550
22551
22552
22553
22554
22555
22556
22557
22558
22559
22560
22561
22562
22563
22518
22516
22517
22499
22500
22501
22502
22503
22504
22505
22506
22507
22508
22509
22510
22511
22512
22513
22514
22515
22465
22466
22467
22468
22469
22470
22471
22472
22473
22474
22475
22476
22477
22478
22479
22480
22481
22336
22337
22338
22339
22340
22341
22342
22343
22344
22345
22346
22347
22348
22349
22350
22351
22352
41014
41012
41013
41010
41011
41001
41002
41003
41004
41005
41006
41007
41008
41009
32800
32799
32798
32797
32796
32789
32794
32791
32792
32793
32790
32795
32788
32785
32786
32787
45744
45743
45740
45739
45742
45741
4882
45738
45733
45737
45735
45732
45734
45736
45716
45717
45718
45719
45720
45721
45722
45723
45724
45725
45726
45727
45728
45729
45730
45731
4881
35586
32091
32092
32088
32093
32089
32087
32090
32086
32085
32084
32081
32082
32079
32083
32080
32078
32077
32076
32075
32074
34847
34846
17086
17084
17085
17081
17087
17082
17083
17078
17079
17080
17071
17070
17073
17072
17075
17074
17077
17076
15071
15072
15073
15068
15069
15070
15067
15064
15065
15066
15062
15063
15059
15060
15061
15058
15057
15056
15053
15054
15055
15039
15040
15041
15042
15043
15044
15045
15046
15047
15048
15049
15050
15051
15052
17240
17241
17242
17243
17244
17245
17246
17247
17248
17249
17250
17251
17252
17253
17254
17255
17256
17239
17238
17237
17236
17235
17234
17231
17229
17230
17232
17233
17215
17216
17217
17218
17223
17224
17225
17226
17227
17228
17220
17221
17222
17208
17209
17210
17211
17212
17219
17213
17214
39839
39840
39842
39841
39849
39850
39851
39852
39853
39854
39855
39856
39857
39858
39843
39844
39845
39846
39847
39848
17263
17260
17261
17262
17257
17258
17259
35455
35456
35457
35458
35459
35460
35461
35462
35463
35464
35465
35466
35467
35468
35469
35470
28310
28309
28308
28312
28313
28311
35496
35497
35498
35499
35500
35501
35502
35503
35504
35527
35528
35529
35505
35506
35507
35508
35509
35510
35511
35512
35513
35514
35515
35516
35517
35518
35519
35520
35521
35522
35523
35524
35525
35526
28303
28304
28306
28305
28307
28229
28230
28231
28232
28233
28234
28235
28236
28237
28238
28239
28240
28269
28270
28241
28242
28243
28244
28245
28246
28247
28248
28249
28250
28251
28252
28253
28254
28255
28256
28257
28258
28259
28260
28261
28262
28263
28264
28265
28266
28267
28268
28294
28295
28296
28299
28298
28301
28297
28300
28284
28285
28286
28287
28288
28289
28290
28291
28292
28293
28271
28272
28273
28274
28275
28276
28277
28278
28279
28280
28281
28282
28283
28302
37221
37223
37219
37220
37222
37224
37218
37225
37194
37195
37196
37197
37198
37199
37200
37201
37202
37203
37204
37205
37206
37207
37211
37212
37213
37214
37215
37216
37217
37208
37209
37210
39242
39243
39241
39244
39245
39246
39247
39248
39249
39250
39251
39252
39253
39254
39255
39256
39257
39260
39259
39258
39261
39262
39263
39264
39265
39266
39267
39268
39269
39270
39271
37226
37227
17577
17576
17575
17574
17571
17570
17573
17572
21937
21938
21939
21906
21907
21908
21909
21910
21911
21912
21913
21914
21915
21916
21917
21918
21919
21920
21921
21922
21923
21924
21925
21926
21927
21928
21929
21930
21931
21932
21933
21934
21935
21936
49709
49710
21886
21887
21888
21872
21873
21874
21875
21876
21877
21878
21879
21880
21881
21882
21883
21884
21885
12449
12448
12447
21889
21890
21891
21892
21893
21894
21895
21896
21897
21898
21899
21900
21901
21902
21903
21904
21905
12445
12444
12443
12434
12441
12438
12435
12442
12436
12439
12440
12437
12429
12430
12431
12432
12433
38447
38445
38446
38466
38462
38461
38465
38463
38460
38464
38459
38448
38449
38450
38451
38452
38453
38454
38455
38456
38457
38458
12451
12450
41506
41505
41504
41503
41502
41494
41495
41496
41497
41498
41499
41500
41501
41492
41493
41508
41509
41510
41511
41512
41513
41514
41515
41507
26203
26202
26186
26187
26188
26189
26190
26191
26192
26193
26194
26195
26196
26197
26198
26199
26200
26201
26204
26205
26206
26207
26208
26209
26210
26211
26212
26213
26214
26215
26216
26217
26218
26219
26220
26221
26222
20889
20890
20891
20888
20904
20903
20905
20902
20899
20901
20900
20896
20897
20898
20892
20893
20894
20895
20885
20884
20887
20886
20922
20921
20923
20920
20917
20919
20918
20914
20915
20916
20910
20911
20912
20913
20906
20907
20908
20909
42945
42944
42924
42923
42920
42922
42921
42925
42865
42866
42867
42868
42869
42870
42871
42872
42873
42874
42875
42876
42877
42878
42879
42890
42891
42892
42893
42894
42895
42896
42897
42898
42899
42900
42901
42902
42903
42904
42905
42906
42907
42908
42909
42910
42911
42912
42913
42914
42915
42916
42917
42918
42919
42880
42881
42882
42883
42884
42885
42886
42887
42888
42889
42810
42811
42812
42813
42814
42815
42816
42817
42818
42819
42820
42821
42822
42823
42824
42835
42836
42837
42838
42839
42840
42841
42842
42843
42844
42845
42846
42847
42848
42849
42850
42851
42852
42853
42854
42855
42856
42857
42858
42859
42860
42861
42862
42863
42864
42825
42826
42827
42828
42829
42830
42831
42832
42833
42834
42943
42935
42936
42942
42938
42939
42941
42937
42940
42934
42926
42927
42928
42929
42930
42931
42932
42933
42764
42765
42766
42767
42768
42769
42770
42771
42772
42773
42774
42775
42776
42777
42778
42779
42780
42781
42782
42783
42784
42785
42786
42787
42788
42789
42790
42791
42792
42793
42749
42750
42751
42752
42753
42754
42755
42756
42757
42758
42759
42760
42761
42762
42763
42808
42807
42804
42806
42805
42809
42794
42795
42796
42797
42798
42799
42800
42801
42802
42803
8798
8802
8803
8801
8800
8799
8774
8775
8776
8777
8778
8779
8780
8781
8782
8783
8784
8785
8786
8787
8788
8789
8790
8791
8792
8793
8794
8795
8796
8797
8719
8720
8721
8722
8723
8724
8725
8726
8727
8728
8729
8730
8731
8732
8733
8734
8735
8736
8737
8738
8739
8740
8741
8742
8743
8744
8745
8773
8772
8771
8770
8746
8747
8748
8749
8750
8751
8752
8753
8754
8755
8756
8757
8758
8759
8760
8761
8762
8763
8764
8765
8766
8767
8768
8769
8715
8716
8717
8718
34641
34642
34640
34636
34637
34638
34639
47432
47433
47434
47398
47399
47400
47401
47402
47403
47404
47405
47406
47407
47408
47409
47410
47411
47412
47413
47414
47415
47416
47417
47418
47419
47420
47421
47422
47423
47424
47425
47426
47427
47428
47429
47430
47431
47469
47470
47471
47472
47473
47474
47435
47436
47437
47438
47439
47440
47441
47442
47443
47444
47445
47446
47447
47448
47449
47450
47451
47452
47453
47454
47455
47456
47457
47458
47459
47460
47461
47462
47463
47464
47465
47466
47467
47468
22249
22251
22248
22250
22219
22220
22221
22222
22223
22224
22225
22226
22227
22228
22229
22230
22231
22232
22233
22234
22235
22236
22237
22238
22239
22240
22241
22242
22200
22201
22202
22203
22204
22205
22206
22243
22244
22245
22246
22247
22207
22208
22209
22210
22211
22212
22213
22214
22215
22216
22217
22218
22185
22187
22192
22194
22195
22199
22188
22183
22190
22198
22182
22186
22191
22197
22193
22184
22196
22189
22304
22307
22313
22316
22317
22321
22309
22301
22311
22320
22300
22305
22312
22319
22314
22303
22318
22310
22306
22315
22302
22308
22271
22272
22273
22274
22275
22276
22277
22278
22279
22280
22281
22282
22283
22284
22285
22286
22287
22288
22289
22290
22291
22292
22293
22294
22252
22253
22254
22255
22256
22257
22258
22295
22296
22297
22298
22299
22259
22260
22261
22262
22263
22264
22265
22266
22267
22268
22269
22270
4870
4871
4822
4824
4825
4829
4831
4832
4827
4839
4849
4848
4855
4854
4856
4857
4860
4861
4865
4867
4811
4812
4813
4814
4815
4816
4817
4818
4819
4820
4821
4836
4841
4863
4866
4868
4826
4823
4828
4830
4833
4834
4835
4852
4837
4838
4840
4842
4843
4844
4847
4850
4845
4846
4851
4853
4858
4859
4862
4864
4869
4872
4873
46314
46315
46312
46313
46310
46311
46296
46291
46292
46305
46295
46301
46294
46307
46299
46306
46308
46302
46300
46304
46293
46298
46303
46297
46273
46274
46275
46276
46277
46278
46279
46280
46281
46282
46220
46221
46222
46223
46224
46225
46226
46227
46228
46229
46230
46231
46232
46283
46284
46285
46286
46287
46288
46289
46290
46214
46215
46216
46217
46218
46219
46233
46234
46235
46236
46237
46238
46239
46240
46241
46242
46243
46244
46245
46246
46247
46248
46249
46250
46251
46252
46253
46254
46255
46256
46257
46258
46259
46260
46261
46262
46263
46264
46265
46266
46267
46268
46269
46270
46271
46272
46309
42620
42621
42619
42618
42613
42614
42615
42616
42617
42606
42607
42608
42609
42610
42611
42612
6641
6642
6643
6644
6645
6646
6647
6648
6649
6650
6651
6652
6653
6654
6655
6656
6657
6658
6659
6660
6661
6662
6663
6664
6665
6666
6667
6668
6669
6670
6671
6672
6673
6674
6675
6676
6677
6678
6679
6680
6681
6682
6683
6684
6685
6686
6687
6688
6689
6690
6691
6692
6693
6694
6695
6696
6697
6698
6699
6700
6701
6702
6703
6704
6705
6706
6707
6708
6709
6710
6711
6712
6713
6714
6854
6847
6848
6849
6850
6851
6852
6853
6715
6716
6717
6718
6719
6720
6721
6722
6723
6724
6725
6726
6727
6728
6729
6730
6731
6732
6733
6734
6735
6736
6737
6738
6739
6740
6741
6742
6743
6744
6745
6746
6747
6748
6749
6750
6751
6752
6753
6754
6755
6756
6757
6758
6759
6760
6761
6762
6763
6764
6765
6766
6767
6768
6769
6770
6771
6772
6773
6774
6775
6776
6777
6778
6779
6780
6781
6782
6783
6784
6785
6786
6787
6788
6789
6790
6791
6792
6793
6794
6795
6796
6797
6798
6799
6800
6801
6802
6803
6804
6805
6806
6807
6808
6809
6810
6811
6812
6813
6814
6815
6816
6817
6818
6819
6820
6821
6822
6823
6824
6825
6826
6827
6828
6829
6830
6831
6832
6833
6834
6835
6836
6837
6838
6839
6840
6841
6842
6843
6844
6845
6846
21871
21859
21860
21861
21862
21863
21864
21865
21866
21867
21868
21869
21870
32720
32719
32716
32723
32718
32725
32724
32722
32721
32717
32715
32714
32653
32654
32655
32656
32657
32658
32659
32660
32661
32662
32663
32664
32670
32671
32672
32673
32674
32675
32676
32677
32678
32679
32680
32681
32682
32683
32684
32685
32686
32687
32712
32713
32665
32668
32669
32702
32703
32666
32667
32704
32705
32706
32707
32708
32709
32710
32711
32688
32689
32690
32691
32692
32693
32694
32695
32696
32697
32698
32699
32700
32701
32616
32615
32612
32619
32614
32621
32620
32618
32617
32613
32611
32610
32580
32581
32582
32583
32584
32585
32586
32587
32588
32589
32590
32591
32592
32593
32594
32595
32596
32597
32598
32599
32600
32601
32602
32603
32604
32605
32606
32607
32608
32609
32651
32652
32622
32625
32626
32641
32642
32623
32624
32643
32644
32645
32646
32647
32648
32649
32650
32627
32628
32629
32630
32631
32632
32633
32634
32635
32636
32637
32638
32639
32640
32566
32567
32568
32569
32570
32571
32572
32573
32574
32575
32576
32577
32578
32579
24286
35538
35539
35530
35531
35532
35533
35534
35535
35536
35537
32163
32164
32165
32144
32145
32146
32147
32148
32149
32150
32151
32152
32153
32154
32155
32156
32157
32158
32159
32160
32161
32162
46366
46367
46368
46369
46370
46371
46372
46373
46374
46375
46376
46362
46363
46364
46365
46377
46378
46379
46380
46381
46382
46383
46384
46385
46386
46387
46388
46389
46390
46391
42723
42719
42722
42721
42720
42708
42709
42710
42711
42712
42713
42714
42715
42716
42717
42718
42724
42676
42677
42678
42679
42680
42681
42682
42683
42684
42706
42707
42685
42686
42687
42688
42689
42690
42691
42692
42693
42694
42695
42696
42697
42698
42699
42700
42701
42702
42703
42704
42705
42727
42728
42725
2179
42726
42729
1846
35545
35546
35547
35548
35549
35544
35543
35542
10881
10882
28351
28350
28349
10878
28348
10880
28347
28346
10875
28345
37230
37229
37232
37231
37234
37235
37236
37237
37238
37239
37233
37248
37249
37250
37251
37252
37253
37240
37241
37242
37243
37244
37245
37246
37247
37282
37279
37280
37281
37277
37283
37278
37257
37258
37259
37260
37261
37262
37263
37264
37265
37266
37267
37268
37269
37270
37271
37272
37273
37274
37275
37276
37254
37255
37256
17587
17588
17589
17590
17591
17592
40976
40977
40978
40979
40980
40981
40982
40983
40984
40985
40986
40991
40989
40990
40987
40988
40992
40993
40994
40995
40996
40997
40998
40999
41000
17579
17580
17581
17582
17583
17584
17585
17586
38660
38659
38658
38657
38652
38656
38655
38653
38654
38651
38647
38648
38649
38650
26412
26417
26413
26415
26414
26416
26418
26419
26395
26396
26397
26398
26399
26400
26401
26402
26403
26404
26405
26406
26407
26408
26409
26410
26411
26392
26391
26394
26393
26376
26377
26378
26379
26380
26381
26382
26383
26384
26385
26386
26387
26388
26389
26390
26368
26369
26370
26371
26372
26373
26374
26375
26361
26362
26363
26364
26365
26366
26367
26349
26350
26351
26352
26353
26354
26355
26356
26357
26358
26359
26360
26332
26333
26334
26335
26336
26337
26338
26339
26340
26341
26342
26343
26344
26345
26346
26347
26348
26315
26316
26317
26318
26319
26320
26321
26322
26323
26324
26325
26326
26327
26328
26329
26330
26331
26312
26311
26314
26313
26296
26297
26298
26299
26300
26301
26302
26303
26304
26305
26306
26307
26308
26309
26310
26288
26289
26290
26291
26292
26293
26294
26295
26281
26282
26283
26284
26285
26286
26287
26269
26270
26271
26272
26273
26274
26275
26276
26277
26278
26279
26280
26252
26253
26254
26255
26256
26257
26258
26259
26260
26261
26262
26263
26264
26265
26266
26267
26268
26240
26241
26242
26243
26244
26245
26246
26247
26248
26249
26250
26251
26233
26234
26235
26236
26237
26238
26239
26225
26226
26227
26228
26229
26230
26231
26232
26421
26420
734
728
730
735
733
729
731
739
732
738
736
737
716
717
718
719
720
721
722
723
724
725
726
727
709
710
711
712
713
714
715
657
656
659
660
661
662
658
671
672
673
674
675
676
677
663
664
665
666
667
668
669
670
700
704
703
699
701
708
702
707
705
706
687
688
689
690
691
692
693
694
695
696
697
698
680
681
682
683
684
685
686
679
678
8713
8661
8662
8663
8664
8665
8666
8667
8668
8669
8670
8671
8672
8673
8674
8675
8676
8677
8678
8679
8680
8681
8682
8683
8684
8685
8639
8640
8641
8642
8643
8644
8645
8646
8647
8648
8649
8650
8651
8652
8653
8654
8655
8656
8657
8658
8659
8660
8686
8687
8688
8689
8690
8691
8692
8693
8694
8695
8696
8697
8698
8699
8700
8701
8702
8703
8704
8705
8706
8707
8708
8709
8710
8711
8712
960
956
957
958
959
939
940
941
942
943
944
945
946
947
948
949
950
951
952
953
954
955
22372
22373
22374
22375
22357
22358
22359
22360
22361
22362
22363
22364
22365
22366
22367
22368
22369
22370
22371
22376
22377
22378
22379
22380
22381
22382
22383
22384
22386
22385
22387
22388
22389
22390
22391
22392
22393
22402
22401
22394
22395
22396
22397
22398
22399
22400
24508
24509
24506
24507
24504
24505
24502
24503
24510
24511
5306
5301
5307
5303
5300
5302
5308
5304
5305
5288
5289
5290
5291
5292
5293
5294
5295
5296
5297
5298
5299
5253
5252
5251
5250
5276
5277
5278
5279
5280
5281
5282
5283
5284
5285
5286
5287
5273
5268
5274
5270
5267
5269
5275
5271
5272
5255
5256
5257
5258
5259
5260
5261
5262
5263
5264
5265
5266
5254
4884
4883
4880
4879
35229
35232
35233
35224
35230
35231
35235
35227
35226
35234
35225
35228
35208
35209
35210
35211
35212
35213
35214
35215
35216
35217
35218
35219
35220
35221
35222
35223
35150
35143
35148
35149
35152
35146
35145
35151
35144
35147
35127
35128
35129
35130
35131
35132
35133
35134
35135
35136
35137
35138
35139
35140
35141
35142
4876
4875
4878
4877
46360
46359
46352
46351
46354
46353
46356
46355
46358
46357
47160
47159
47162
47161
47164
47163
47166
47165
47168
47167
24512
24513
24514
24515
24516
24517
24489
24490
24491
24492
24493
24494
24495
24496
24497
24498
24499
24500
24501
24312
24285
24478
24373
23922
23923
23924
23925
23908
23909
23910
23911
23912
23913
23914
23915
23916
23917
23918
23919
23920
23921
24093
24027
32517
32516
32530
32531
32532
32533
32534
32535
32536
32537
32538
32539
32540
32541
32542
32543
32544
32545
32546
32547
32518
32519
32520
32521
32522
32523
32524
32525
32526
32527
32528
32529
32550
32548
32549
32553
32554
32551
32552
32557
32558
32559
32560
32561
32562
32563
32564
32555
32556
30583
30584
30585
30581
30582
30579
30580
30562
30563
30564
30565
30566
30567
30568
30569
30570
30571
30572
30573
30574
30575
30576
30577
30578
25159
25160
25157
25155
25161
25158
25162
25163
25156
25107
25108
25109
25110
25111
25112
25113
25114
25115
25116
25117
25118
25119
25120
25121
25122
25123
25124
25125
25126
25127
25128
25129
25130
25131
25132
25133
25134
25135
25136
25137
25138
25139
25140
25141
25142
25143
25144
25145
25146
25147
25148
25149
25150
25151
25152
25153
25154
49338
49337
32195
32192
32193
32194
32173
32172
32183
32184
32185
32186
32187
32188
32189
32190
32191
32174
32175
32176
32177
32178
32179
32180
32181
32182
32169
32171
32170
31372
31366
31370
31368
31361
31371
31363
31365
31369
31364
31367
31362
31340
31341
31342
31343
31344
31345
31346
31347
31348
31349
31350
31351
31352
31353
31354
31355
31356
31357
31358
31359
31360
31317
31318
31319
31320
31321
31322
31323
31324
31325
31326
31327
31328
31329
31330
31331
31332
31333
31334
31335
31336
31337
31338
31339
31309
31310
31311
31312
31313
31314
31315
31316
46534
46538
46540
46528
46530
46541
46531
46539
46545
46527
46526
46543
46529
46524
46525
46536
46537
46542
46544
46546
46535
46533
46532
46499
46500
46501
46480
46481
46482
46483
46484
46485
46522
46523
46486
46487
46488
46489
46490
46491
46492
46493
46494
46495
46496
46497
46498
46502
46503
46504
46505
46506
46507
46508
46509
46510
46511
46512
46513
46514
46515
46516
46517
46518
46519
46520
46521
46479
46478
46477
46452
46453
46454
46433
46434
46435
46436
46437
46438
46475
46476
46439
46440
46441
46442
46443
46444
46445
46446
46447
46448
46449
46450
46451
46455
46456
46457
46458
46459
46460
46461
46462
46463
46464
46465
46466
46467
46468
46469
46470
46471
46472
46473
46474
46421
46424
46426
46417
46419
46427
46420
46425
46431
46416
46415
46429
46418
46413
46414
46422
46423
46428
46430
46432
46393
46394
46395
46396
46397
46398
46399
46400
46401
46402
46403
46404
46405
46406
46407
46408
46409
46410
46411
46412
31373
31374
27390
27391
27378
27379
27380
27381
27382
27383
27384
27385
27386
27387
27388
27389
27392
14900
14898
14899
14889
14890
14891
14892
14893
14894
14895
14896
14897
4912
10871
10870
10869
10868
10853
10867
10852
10866
10859
10854
10862
10855
10856
10857
10858
10860
10861
10863
10864
10865
10850
10851
10849
10848
10846
10847
10832
10833
10834
10835
10836
10837
10838
10839
10840
10841
10842
10843
10844
10845
35589
41644
41645
41640
41641
41642
41643
41634
41635
41636
41637
41638
41639
17627
17622
17623
17625
17626
17624
17628
17610
17611
17612
17613
17614
17615
17616
17617
17618
17619
17620
17621
17608
17609
17594
17595
17596
17597
17598
17599
17600
17601
17602
17603
17604
17605
17606
17607
17751
17728
17732
17743
17750
17734
17759
17746
17729
17738
17758
17757
17725
17735
17755
17756
17731
17747
17745
17754
17748
17752
17744
17730
17727
17733
17726
17749
17753
17736
17737
17739
17740
17741
17742
17708
17709
17710
17693
17694
17695
17711
17712
17713
17714
17715
17716
17717
17718
17719
17720
17721
17722
17723
17724
17691
17692
17696
17697
17698
17699
17700
17701
17702
17703
17704
17705
17706
17707
17680
17666
17673
17690
17689
17663
17670
17687
17688
17668
17681
17679
17686
17682
17684
17678
17667
17665
17669
17664
17683
17685
17671
17672
17674
17675
17676
17677
17646
17647
17648
17631
17632
17633
17649
17650
17651
17652
17653
17654
17655
17656
17657
17658
17659
17660
17661
17662
17629
17630
17634
17635
17636
17637
17638
17639
17640
17641
17642
17643
17644
17645
38669
38670
38664
38662
38663
38667
38668
38665
38666
26435
26436
26433
26434
26439
26440
26441
26442
26443
26444
26437
26438
26445
26447
26446
26453
26454
26455
26456
26458
26457
26448
26449
26450
26451
26452
35756
35758
35757
35773
35774
35775
35776
35777
35778
35786
35787
35788
35789
35790
35791
35792
35793
35794
35795
35796
35797
35798
35782
35783
35784
35785
35779
35780
35781
35759
35760
35761
35762
35763
35764
35765
35766
35767
35768
35769
35770
35771
35772
35839
35841
35840
35813
35814
35815
35816
35817
35818
35826
35827
35828
35829
35830
35831
35832
35833
35834
35835
35836
35837
35838
35822
35823
35824
35825
35819
35820
35821
35799
35800
35801
35802
35803
35804
35805
35806
35807
35808
35809
35810
35811
35812
40088
8459
8460
8461
8462
8463
8464
8465
8466
8467
8468
8469
8470
8471
8472
8473
8474
8475
8476
8477
8478
8479
8480
8481
8482
8483
8484
8485
8486
8487
8488
8457
8458
8492
8493
8494
8495
8496
8497
8498
8499
8500
8501
8502
8503
8504
8505
8506
8507
8508
8509
8510
8511
8512
8513
8514
8515
8516
8517
8518
8519
8520
8521
8552
8553
8554
8522
8523
8524
8525
8526
8527
8528
8529
8530
8531
8532
8533
8534
8535
8536
8537
8538
8539
8540
8541
8542
8543
8544
8545
8546
8547
8548
8549
8550
8551
8489
8490
8491
24519
24518
24521
24520
5677
5678
5679
5680
5599
5600
5601
5602
5603
5604
5605
5606
5607
5608
5609
5610
5611
5612
5613
5614
5615
5616
5617
5618
5619
5620
5621
5622
5623
5624
5625
5626
5627
5628
5629
5630
5631
5632
5633
5634
5635
5636
5637
5638
5639
5640
5641
5642
5643
5644
5645
5646
5647
5648
5649
5650
5651
5652
5653
5654
5655
5656
5657
5658
5659
5660
5661
5662
5663
5664
5665
5666
5667
5668
5669
5670
5671
5672
5673
5674
5675
5676
24522
5517
5518
5519
5598
5520
5521
5522
5523
5524
5525
5526
5527
5528
5529
5530
5531
5532
5533
5534
5535
5536
5537
5538
5539
5540
5541
5542
5543
5544
5545
5546
5547
5548
5549
5550
5551
5552
5553
5554
5555
5556
5557
5558
5559
5560
5561
5562
5563
5564
5565
5566
5567
5568
5569
5570
5571
5572
5573
5574
5575
5576
5577
5578
5579
5580
5581
5582
5583
5584
5585
5586
5587
5588
5589
5590
5591
5592
5593
5594
5595
5596
5597
24527
24526
36020
36645
36646
36628
36629
36630
36631
36632
36633
36634
36635
36636
36637
36638
36639
36640
36641
36642
36643
36644
36670
34198
34197
34208
34209
34199
34200
34201
34202
34203
34204
34205
34206
34207
34222
34221
34219
34220
34210
34211
34212
34213
34214
34215
34216
34217
34218
4886
4887
4888
4889
4890
4891
4892
4893
4894
4895
4896
4897
4898
4899
4900
4901
4902
4903
4904
4905
4906
4907
4908
28132
28134
28133
28129
28128
28130
28115
28116
28117
28118
28119
28120
28121
28122
28123
28124
28125
28126
28127
28131
35590
35591
35592
35593
35594
35595
35596
35597
35598
35599
35600
35601
35602
35603
35604
47203
47204
47205
47218
47224
47214
47233
47210
47219
47220
47209
47216
47217
47212
47215
47222
47237
47225
47238
47227
47239
47232
47234
47213
47208
47211
47223
47235
47228
47236
47230
47221
47226
47229
47231
47206
47207
47186
47187
47188
47189
47190
47191
47192
47193
47194
47195
47196
47197
47198
47199
47200
47201
47202
47183
47184
21828
21829
21830
21831
21832
21833
21834
21835
21836
21837
21838
21839
21840
21841
47181
47182
21825
21823
21824
21814
21815
21816
21817
21818
21819
21820
21821
21822
21827
6436
22116
47245
47240
47241
47242
47243
47244
47246
47247
47248
47249
47250
47251
47252
47253
47254
47255
47256
47257
47258
47259
47260
47294
47300
47290
47309
47286
47295
47296
47285
47292
47293
47288
47291
47298
47313
47301
47314
47303
47315
47308
47310
47289
47284
47287
47299
47311
47304
47312
47306
47297
47302
47305
47307
47279
47280
47266
47261
47262
47263
47264
47265
47267
47268
47269
47270
47271
47272
47273
47274
47275
47276
47277
47278
47281
47282
47283
31379
31378
31392
31393
31394
31395
31396
31397
31398
31399
31400
31401
31402
31403
31404
31405
31380
31381
31382
31383
31384
31385
31386
31387
31388
31389
31390
31391
31414
31415
31416
31417
31406
31407
31408
31409
31410
31411
31412
31413
31430
31426
31428
31429
31427
31418
31419
31420
31421
31422
31423
31424
31425
31527
31523
31525
31526
31524
31489
31490
31491
31492
31493
31494
31495
31496
31497
31498
31499
31500
31501
31502
31503
31504
31505
31506
31507
31508
31509
31510
31511
31512
31513
31514
31515
31516
31517
31518
31519
31520
31521
31522
31485
31486
31487
31488
31477
31478
31479
31480
31481
31482
31483
31484
31443
31444
31445
31446
31447
31448
31449
31450
31451
31452
31453
31454
31455
31456
31457
31458
31459
31460
31461
31462
31463
31464
31465
31466
31467
31468
31469
31470
31471
31472
31473
31474
31475
31476
31439
31440
31441
31442
31431
31432
31433
31434
31435
31436
31437
31438
14862
14861
14854
14855
14856
14857
14858
14859
14860
14863
14864
14865
14866
14867
14868
14869
14870
14871
14872
14873
14874
14879
14877
14878
14875
14876
14880
14881
14882
14883
14884
14885
14886
28166
28168
28169
28170
28171
28172
28173
28174
28175
28176
28177
28178
28179
28180
28181
28182
28183
28167
28163
28164
28165
28212
28213
28196
28197
28198
28199
28200
28201
28202
28203
28204
28205
28206
28207
28208
28209
28210
28211
28184
28185
28186
28187
28188
28189
28190
28191
28192
28193
28194
28195
35738
35739
35740
35741
35742
35743
35744
35745
35746
35747
35748
35749
35750
35751
35735
35736
35737
35707
35708
35706
35705
35694
35695
35696
35697
35698
35699
35700
35701
35702
35703
35704
35710
35709
35712
35713
35714
35715
35716
35717
35711
35731
35732
35733
35734
35718
35719
35720
35721
35722
35723
35724
35725
35726
35727
35728
35729
35730
16387
16385
16386
16094
16095
16096
16035
16036
16025
16026
16027
16028
16029
16030
16031
16032
16033
16034
16047
16048
16051
16049
16050
16037
16038
16039
16040
16041
16042
16043
16044
16045
16046
16088
16089
16090
16091
16092
16052
16053
16054
16055
16056
16057
16058
16059
16060
16061
16062
16063
16064
16065
16066
16067
16068
16069
16070
16071
16072
16073
16074
16075
16076
16077
16078
16079
16080
16081
16082
16083
16084
16085
16086
16087
16093
16097
16098
2971
2972
2973
2974
2975
2976
2977
2978
2979
2980
2981
2982
2983
2984
2985
2986
2987
3132
3133
3134
3135
3136
3137
3138
3139
3140
3141
3142
3143
3144
3145
3146
3147
3246
3245
3247
3244
24569
24568
24567
24563
24557
24559
24556
24558
24555
24561
24554
24562
24560
24565
24564
24570
24566
3967
3963
3970
3962
3965
3968
3969
3964
3966
3952
3953
3954
3955
3956
3957
3958
3959
3960
3961
3935
3936
3937
3938
3939
3940
3941
3942
3943
3944
3945
3946
3947
3948
3949
3950
3951
3919
3920
3921
3922
3923
3924
3925
3926
3927
3928
3929
3930
3931
3932
3933
3934
24648
24646
24644
24636
24621
24630
24620
24623
24618
24634
24615
24635
24631
24639
24637
24649
24640
24651
24645
24617
24619
24616
24632
24650
24627
24629
24628
24642
24638
24647
24643
24633
24626
24625
24641
24622
24624
24603
24604
24605
24606
24607
24608
24609
24610
24611
24612
24613
24614
38821
38814
38823
38816
38811
38813
38812
38820
38815
38822
38817
38818
38819
38769
38770
38771
38772
38773
38774
38775
38776
38777
38778
38779
38780
38781
38782
38783
38784
38785
38786
38787
38788
38789
38790
38791
38792
38793
38794
38795
38796
38797
38798
38799
38800
38801
38802
38803
38804
38805
38806
38807
38808
38809
38810
38753
38754
38755
38756
38757
38758
38759
38760
38761
38762
38763
38764
38765
38766
38767
38768
38841
38836
38837
38839
38842
38840
38844
38845
38843
38838
38835
38831
38832
38833
38834
38826
38827
38828
38829
38830
38824
38825
38687
38688
38689
38690
38691
38692
38693
38694
38695
38696
38697
38672
38673
38674
38675
38676
38677
38678
38679
38680
38681
38682
38683
38684
38685
38686
38750
38743
38752
38745
38740
38742
38741
38749
38744
38751
38746
38747
38748
38714
38715
38716
38717
38718
38719
38720
38721
38722
38723
38724
38725
38726
38727
38728
38729
38730
38731
38732
38733
38734
38735
38736
38737
38738
38739
38698
38699
38700
38701
38702
38703
38704
38705
38706
38707
38708
38709
38710
38711
38712
38713
38847
38846
12743
12746
12744
12745
12740
12741
12742
12763
12764
12765
12766
12767
12768
12769
12770
12771
12772
12773
12774
12775
12776
12777
12778
12779
12753
12754
12755
12756
12757
12758
12759
12760
12761
12762
12780
12781
12782
12747
12748
12749
12750
12751
12752
19037
19038
19039
19040
19041
19042
19043
19044
19045
19046
19047
19048
19049
19050
19051
19052
19053
19054
19055
19056
19057
19058
19059
19060
19061
12700
12701
12702
12703
12704
12705
12706
12707
12708
12709
12710
12711
12712
12713
12714
12715
12716
12717
12718
12719
12720
12721
12722
12723
12724
12725
12726
12727
12728
12729
12730
12731
12732
12733
12734
12735
12736
12737
12738
12739
26563
26564
26565
26566
26567
26546
26547
26548
26549
26550
26551
26552
26553
26554
26555
26556
26557
26558
26559
26560
26561
26562
26535
26536
26537
26538
26539
26540
26541
26542
26543
26544
26545
26516
26515
26518
26519
26520
26521
26522
26523
26524
26525
26526
26527
26528
26529
26530
26531
26532
26533
26534
26517
26510
26511
26512
26476
26477
26478
26479
26480
26481
26482
26483
26484
26485
26486
26487
26488
26489
26490
26491
26492
26493
26494
26495
26496
26497
26498
26499
26500
26501
26502
26503
26504
26505
26506
26507
26508
26509
26467
26475
26474
26468
26469
26470
26471
26473
26472
26462
26463
26464
26465
26466
26514
26513
35991
35989
35990
35993
35997
35995
35996
35992
35988
35994
35958
35959
35960
35961
35962
35967
35968
35969
35970
35952
35953
35954
35955
35956
35957
35963
35964
35965
35966
35950
35951
35971
35972
35973
35974
35975
35976
35977
35978
35979
35980
35981
35982
35983
35984
35985
35986
35987
35999
35998
8438
8440
8439
8433
8434
8435
8436
8437
8451
8453
8452
8446
8447
8448
8449
8450
8441
8442
8443
8444
8445
8430
8426
8427
8428
8429
8400
8401
8402
8403
8404
8405
8406
8407
8408
8409
8410
8411
8412
8413
8414
8415
8416
8417
8418
8419
8420
8421
8422
8423
8424
8425
8432
8431
8455
34869
34860
34861
34862
34863
34864
34865
34866
34867
34868
19168
19169
19170
22545
22546
22543
22544
22541
22542
19164
19165
19166
19167
19151
19152
19153
19154
19155
19156
19157
19158
19159
19160
19161
19162
19163
22539
22538
22528
22529
22530
22531
22532
22533
22534
22535
22536
22537
5415
5373
5374
5375
5376
5377
5378
5379
5380
5381
5382
5383
5384
5385
5386
5387
5388
5389
5390
5391
5392
5393
5394
5395
5396
5397
5398
5399
5400
5401
5402
5403
5404
5405
5406
5407
5408
5409
5410
5411
5412
5413
5414
5417
5416
24476
5418
5420
5421
5422
5423
5424
5425
5426
5427
5428
5429
5430
5431
5432
5433
5434
5435
5436
5437
5438
5439
5440
5441
5442
5443
5444
5445
5446
5447
5448
5449
5419
24472
24473
24474
24475
24374
24377
24376
24375
24442
24447
24464
24456
24451
24443
24467
24457
24460
24449
24453
24469
24462
24454
24461
24468
24459
24458
24452
24439
24440
24445
24465
24446
24466
24444
24441
24470
24455
24463
24448
24450
24382
24383
24384
24385
24386
24387
24388
24389
24390
24391
24392
24393
24394
24395
24396
24397
24398
24424
24425
24426
24427
24428
24429
24430
24431
24432
24433
24434
24435
24436
24399
24400
24401
24402
24403
24404
24405
24406
24407
24408
24409
24410
24411
24412
24413
24414
24415
24416
24417
24418
24419
24420
24378
24379
24380
24381
24437
24438
24421
24422
24423
24471
4921
4920
4915
4914
4913
37014
37015
37016
37017
37018
37019
36835
36682
36863
36864
36865
36866
36867
36868
4916
44288
6639
6632
6633
6634
6635
6636
6637
6638
6574
6575
6576
6577
6578
6579
6580
6581
6582
6583
6584
6585
6586
6587
6588
6589
6590
6591
6592
6593
6594
6595
6596
6597
6598
6599
6600
6601
6602
6603
6604
6605
6606
6607
6608
6609
6610
6611
6612
6613
6614
6615
6616
6617
6618
6619
6620
6621
6622
6623
6624
6625
6626
6627
6628
6629
6630
6631
6560
6561
6562
6563
6564
6565
6566
6567
6568
6569
6570
6571
6572
6573
6470
6471
6472
6473
6474
6475
6476
6477
6478
6479
6480
6481
6482
6483
6484
6485
6486
6487
6488
6489
6490
6491
6492
6493
6494
6495
6496
6497
6498
6499
6442
6443
6444
6445
6446
6447
6448
6449
6450
6451
6452
6453
6454
6455
6456
6457
6458
6459
6460
6461
6462
6463
6464
6465
6466
6467
6468
6469
6530
6531
6532
6533
6534
6535
6536
6537
6538
6539
6540
6541
6542
6543
6544
6545
6546
6547
6548
6549
6550
6551
6552
6553
6554
6555
6556
6557
6558
6559
6500
6501
6502
6503
6504
6505
6506
6507
6508
6509
6510
6511
6512
6513
6514
6515
6516
6517
6518
6519
6520
6521
6522
6523
6524
6525
6526
6527
6528
6529
6439
6438
6441
6440
44375
44376
44377
44378
44341
44342
44343
44344
44345
44346
44347
44348
44349
44350
44351
44352
44353
44354
44355
44356
44357
44358
44359
44360
44361
44362
44363
44364
44365
44366
44367
44368
44369
44370
44371
44372
44373
44374
38858
38855
38857
38856
31884
31868
31869
31870
31871
31842
31843
31844
31845
31846
31847
31848
31849
31850
31851
31852
31853
31854
31855
31856
31857
31858
31859
31860
31861
31862
31863
31864
31865
31866
31867
31883
31876
31877
31878
31879
31880
31881
31882
31874
31875
31873
31872
37359
37358
37357
37356
37355
37354
37348
37349
37350
37351
37352
37353
37318
37319
37320
37321
37322
37323
37324
37325
37326
37327
37328
37329
37330
37331
37332
37333
37334
37335
37336
37337
37338
37339
37340
37341
37342
37343
37344
37345
37346
37347
37316
37313
37314
37315
37311
37317
37312
37288
37289
37290
37291
37292
37293
37294
37295
37296
37297
37298
37299
37300
37301
37305
37306
37307
37308
37309
37310
37302
37303
37304
37285
37286
37287
37361
37360
19784
19785
19786
19733
19734
19735
19736
19737
19738
19739
19740
19741
19742
19743
19744
19745
19746
19747
19748
19749
19750
19751
19752
19753
19754
19755
19756
19757
19758
19759
19760
19761
19762
19763
19764
19765
19766
19767
19768
19769
19770
19771
19772
19773
19774
19775
19776
19777
19778
19779
19780
19781
19782
19783
19706
19707
19708
19709
19710
19711
19712
19713
19714
19715
19716
19717
19718
19719
19720
19721
19334
19322
19323
19485
19355
19637
19638
19639
19640
19641
19642
19643
19644
19645
19646
19647
19648
19649
19650
19651
19652
19653
19654
19655
19656
19657
19658
19659
19660
19661
19662
19663
19664
19665
19666
19550
19551
19552
19553
19554
19555
19556
19557
19558
19559
19560
19561
19562
19563
19564
19565
19566
19567
19568
19569
19570
29114
29115
29116
29054
29055
29056
29057
29058
29059
29060
29061
29062
29063
29064
29065
29066
29067
29068
29069
29070
29071
29072
29073
29074
29075
29076
29077
29078
29079
29080
29081
29082
29083
29084
29085
29086
29087
29088
29089
29090
29091
29092
29093
29094
29095
29096
29097
29098
29099
29100
29101
29102
29103
29104
29105
29106
29107
29108
29109
29110
29111
29112
29113
29117
29118
29119
29120
29121
29122
29123
29124
29125
29126
29127
29128
29129
29130
29131
29132
29133
29134
29135
29136
29137
29138
29139
29140
29141
29142
29143
29144
29145
29146
29147
29148
29149
29150
29151
29152
29153
29154
29155
29156
29157
29158
29159
29160
29161
29162
29163
29164
29165
29166
29167
29168
29169
29170
29171
29172
29173
29174
29175
29176
29177
29178
29179
29210
29211
29212
29180
29181
29182
29183
29184
29185
29186
29187
29188
29189
29190
29191
29192
29193
29194
29195
29196
29197
29198
29199
29200
29201
29202
29203
29204
29205
29206
29207
29208
29209
29213
29214
29215
29216
29217
29218
29219
29220
29221
29222
29223
29224
29225
29226
29227
29228
29229
29230
29231
29232
29233
29234
29235
29236
29237
29238
29239
29240
29241
29242
29303
29304
29305
29243
29244
29245
29246
29247
29248
29249
29250
29251
29252
29253
29254
29255
29256
29257
29258
29259
29260
29261
29262
29263
29264
29265
29266
29267
29268
29269
29270
29271
29272
29273
29274
29275
29276
29277
29278
29279
29280
29281
29282
29283
29284
29285
29286
29287
29288
29289
29290
29291
29292
29293
29294
29295
29296
29297
29298
29299
29300
29301
29302
29344
29342
29340
29345
29343
29341
29320
29321
29322
29323
29324
29325
29326
29327
29328
29329
29330
29331
29332
29333
29334
29335
29336
29337
29338
29339
29306
29307
29308
29309
29310
29311
29312
29313
29314
29315
29316
29317
29318
29319
16425
16426
16427
16428
16429
16430
16431
16432
16433
16434
16435
16436
16437
16438
16439
16440
16441
16442
16443
16444
16445
16446
16447
16448
16449
16450
16451
16452
16453
16454
16396
16397
16398
16399
16400
16401
16402
16403
16404
16405
16406
16407
16408
16409
16410
16411
16412
16413
16414
16415
16416
16417
16418
16419
16420
16421
16422
16423
16424
16389
16391
16390
16393
16392
16395
16394
4576
40974
40973
40972
40969
40971
40970
2267
16642
16641
2480
2357
1272
1092
2087
16709
16710
2878
2879
2880
2881
2882
2883
2884
2885
2886
2887
2607
18973
18974
18975
18894
18895
18896
18897
18898
18899
18900
18901
18902
18903
18904
18905
18906
18907
18908
18909
18910
18911
18912
18913
18914
18915
18916
18917
18918
18919
18920
18921
18922
18923
18924
18925
18926
18927
18928
18929
18930
18931
18932
18933
18934
18935
18936
18937
18938
18939
18940
18941
18942
18943
18944
18945
18946
18947
18948
18949
18950
18951
18952
18953
18954
18955
18956
18957
18958
18959
18960
18961
18962
18963
18964
18965
18966
18967
18968
18969
18970
18971
18972
18977
18976
18979
18980
18981
18982
18983
18984
18985
18986
18987
18988
18989
18978
12824
12827
12825
12826
12821
12822
12823
12801
12802
12803
12804
12805
12806
12807
12808
12809
12810
12811
12812
12813
12814
12815
12816
12817
12791
12792
12793
12794
12795
12796
12797
12798
12799
12800
12818
12819
12820
12785
12786
12787
12788
12789
12790
40321
40322
40323
40324
40325
40326
40320
40315
40314
40313
40307
40306
40309
40308
40310
40312
40311
40296
40297
40298
40299
40300
40301
40302
40303
40304
40305
40319
40318
40317
40316
42458
42456
42457
42442
42443
42444
42445
42446
42447
42448
42449
42450
42451
42452
42453
42454
42455
42460
42459
42470
42471
42472
42473
42474
42475
42476
42477
42478
42479
42461
42462
42463
42464
42465
42466
42467
42468
42469
42501
42482
42483
42484
42485
42486
42487
42488
42489
42490
42491
42492
42493
42494
42495
42496
42497
42498
42499
42500
42480
42481
42533
42537
42536
42535
42534
42525
42526
42527
42528
42529
42530
42531
42532
42524
42521
42522
42523
42502
42503
42504
42505
42506
42507
42508
42509
42510
42511
42512
42513
42514
42515
42516
42517
42518
42519
42520
38444
38430
38431
38432
38433
38434
38435
38436
38437
38438
38439
38440
38441
38442
38443
19226
19224
19225
40089
40090
40091
40092
40093
40094
40095
40096
40097
40098
40099
40100
22576
22577
22579
22578
22564
22565
22566
22567
22568
22569
22570
22571
22572
22573
22574
22575
22607
22608
22611
22609
22610
22613
22612
22595
22596
22597
22598
22599
22600
22601
22602
22603
22604
22605
22606
22592
22594
22593
22580
22581
22582
22583
22584
22585
22586
22587
22588
22589
22590
22591
24488
24487
24486
24485
24484
24483
24482
24481
24480
24479
9533
9534
9535
9536
9537
9538
9539
9540
9541
9568
9542
9543
9544
9545
9546
9547
9548
9549
9550
9551
9552
9553
9554
9555
9556
9557
9558
9559
9560
9561
9562
9563
9564
9565
9566
9567
9488
9489
9490
9491
9492
9493
9494
9495
9496
9497
9498
9499
9500
9501
9502
9503
9504
9505
9506
9507
9508
9509
9510
9511
9512
9513
9514
9532
9515
9516
9517
9518
9519
9520
9521
9522
9523
9524
9525
9526
9527
9528
9529
9530
9531
9484
9485
9486
9487
9467
9468
9469
9470
9471
9472
9473
9474
9475
9476
9477
9478
9479
9480
9481
9482
9483
2362
2363
2364
2365
2366
2367
2368
2369
2370
2371
2372
2373
2374
2375
2376
2377
2378
2379
2380
2381
2382
2383
2384
2385
2386
2387
2388
2389
2390
2391
2392
2393
2394
2395
2396
2397
2398
2399
2400
2401
2402
2403
2404
2405
2406
2407
2408
2409
2410
2411
2412
2413
2414
2415
2416
2417
2418
2358
6219
6210
6211
6212
6213
6214
6215
6216
6217
6218
2360
2361
34062
34063
34064
34065
34022
34023
34024
34025
34026
34027
34028
34029
34030
34031
34032
34033
34034
34035
34036
34037
34038
34039
34040
34041
34042
34043
34044
34045
34046
34047
34048
34049
34050
34051
34052
34053
34054
34055
34056
34057
34058
34059
34060
34061
2449
2450
2451
2452
2419
2420
2421
2422
2423
2424
2425
2426
2427
2428
2429
2430
2431
2432
2433
2434
2435
2436
2437
2438
2439
2440
2441
2442
2443
2444
2445
2446
2447
2448
2453
2454
2455
2456
2457
2458
2459
2460
2461
2462
2463
2464
2465
2466
2467
2468
2469
2470
2471
2472
2473
2474
2475
2476
2477
2478
2479
44287
44019
44020
44021
44016
44017
44018
44289
44290
44291
44292
44293
44294
44295
44296
44297
44298
44299
44300
44301
44302
44303
44304
44305
44306
44307
44308
44309
44310
44311
44312
44313
44314
44315
44316
44317
44318
44319
44320
44321
44322
44323
44324
44325
44326
44327
44328
44329
44330
44331
44332
44333
44334
44335
44336
44337
44338
44339
44340
44022
44379
44380
44381
44382
44383
44384
44385
44386
44387
44388
44389
44390
44391
44392
44393
44394
44445
44446
44447
44448
44395
44396
44397
44398
44399
44400
44401
44402
44403
44404
44405
44406
44407
44408
44409
44410
44411
44412
44413
44414
44415
44416
44417
44418
44419
44420
44421
44422
44423
44424
44425
44426
44427
44428
44429
44430
44431
44432
44433
44434
44435
44436
44437
44438
44439
44440
44441
44442
44443
44444
44023
44024
7415
4579
4580
4577
4578
4571
4574
4572
4568
4570
4573
4569
4575
4537
4538
4539
4540
4541
4542
4543
4544
4545
4546
4547
4548
4549
4550
4551
4552
4553
4554
4555
4556
4557
4558
4559
4560
4561
4562
4563
4564
4565
4532
4533
4534
4535
4536
4566
4567
7414
7413
7394
7395
7396
7397
7398
7399
7400
7401
7402
7403
7387
7388
7389
7390
7391
7392
7393
7404
7405
7406
7407
7408
7409
7410
7411
7412
39867
39868
39869
39870
39871
39872
39873
39874
39875
39876
39865
39866
39859
39860
39861
39862
39863
39864
35070
35072
35073
35071
35090
35089
35074
35075
35076
35077
35078
35079
35080
35081
35082
35083
35084
35085
35086
35087
35088
35106
35108
35109
35107
35111
35110
35091
35092
35093
35094
35095
35096
35097
35098
35099
35100
35101
35102
35103
35104
35105
45201
45202
4929
4930
4931
4935
4934
4932
4933
4968
4972
4970
4971
4973
4976
4977
4983
4936
4937
4938
4939
4940
4941
4942
4943
4944
4945
4946
4947
4948
4949
4950
4951
4952
4953
4978
4958
4959
4960
4961
4962
4963
4964
4965
4966
4967
4969
4974
4975
4980
4979
4981
4982
4954
4955
4956
4957
4927
4928
4925
4926
4923
4924
35471
35472
35473
35474
35475
35476
35477
35478
35479
5008
5010
5013
5023
5021
5019
5020
5022
5027
5025
5026
5028
5031
5032
5038
4984
4985
4986
4987
4988
4989
4990
4991
4992
4993
4994
4995
4996
4997
4998
4999
5000
5001
5033
5006
5007
5009
5011
5012
5014
5015
5016
5017
5018
5024
5029
5030
5035
5034
5036
5037
5002
5003
5004
5005
35493
35494
35495
35480
35481
35482
35483
35484
35485
35486
35487
35488
35489
35490
35491
35492
