50163
50159
50167
50160
50162
50161
50157
50158
50164
50165
50166
50147
50148
50149
50150
50151
50152
50153
50154
50155
50156
1052
1049
1043
1047
1050
1046
1044
1045
1048
1053
1051
1035
1036
1037
1038
1039
1040
1041
1042
1022
1023
1024
1025
1026
1027
1028
1029
1030
1031
1032
1033
1034
15132
15136
15133
15142
15135
15134
15137
15140
15138
15139
15141
15124
15125
15126
15127
15128
15129
15130
15131
15116
15117
15118
15119
15120
15121
15122
15123
16165
16162
16163
16164
16119
16120
16121
16122
16123
16124
16125
16126
16127
16128
16129
16130
16131
16148
16149
16150
16151
16152
16153
16154
16155
16156
16157
16158
16159
16160
16161
16132
16133
16134
16135
16136
16137
16138
16139
16140
16141
16142
16143
16144
16145
16146
16147
18553
18550
18551
18552
18533
18534
18535
18536
18537
18538
18539
18540
18541
18542
18543
18544
18545
18546
18547
18548
18549
20399
20385
20386
20387
20388
20389
20390
20391
20392
20393
20394
20395
20396
20397
20398
33942
33935
33941
33938
33943
33937
33939
33940
33936
37142
37143
37144
37145
37146
37147
37136
37137
37138
37139
37140
37141
39668
39669
39670
46852
46853
46854
46850
46851
47118
47096
47121
47104
47097
47120
47106
47107
47110
47122
47124
47119
47111
47105
47102
47115
47101
47094
47113
47098
47095
47109
47103
47117
47099
47123
47100
47108
47112
47114
47116
47089
47090
47091
47092
47093
47086
47087
47088
47493
47495
47496
47494
47487
47488
47489
47490
47491
47492
47475
47476
47477
47478
47479
47480
47481
47482
47483
47484
47485
47486
47829
47826
47828
47819
47825
47821
47827
47823
47820
47824
47822
47810
47811
47812
47813
47814
47815
47816
47817
47818
47798
47799
47800
47801
47802
47803
47804
47805
47806
47807
47808
47809
48227
48224
48223
48225
48226
48213
48214
48215
48216
48217
48218
48219
48220
48221
48222
49021
49022
49023
49024
49025
49026
49027
49028
48962
48963
48964
48965
48966
48967
48968
48969
48970
48971
48972
48973
48974
48975
48976
48977
48978
48979
48980
48981
48982
48983
48984
48985
48986
48987
48988
48989
48990
48991
48992
48993
48994
48995
48996
48997
48998
48999
49000
49001
49002
49003
49004
49005
49006
49007
49008
49009
49010
49011
49012
49013
49014
49015
49016
49017
49018
49019
49020
49180
49181
49182
49183
49129
49130
49131
49132
49133
49134
49135
49136
49137
49138
49139
49140
49141
49142
49143
49144
49145
49146
49147
49148
49149
49150
49151
49152
49153
49154
49155
49156
49157
49158
49159
49160
49161
49162
49163
49164
49165
49166
49167
49168
49169
49170
49171
49172
49173
49174
49175
49176
49177
49178
49179
49774
49776
49775
49762
49763
49764
49765
49766
49767
49768
49769
49770
49771
49772
49773
51061
51062
51063
51064
51033
51034
51035
51036
51037
51038
51039
51040
51041
51042
51043
51044
51045
51046
51047
51048
51049
51050
51051
51052
51053
51054
51055
51056
51057
51058
51059
51060
203
204
125
126
127
128
129
130
131
132
133
134
135
136
137
138
139
140
141
142
143
144
145
146
147
148
149
150
151
152
153
154
155
156
157
158
159
160
161
162
163
164
165
166
167
168
169
170
171
172
173
174
175
176
177
178
179
180
181
182
183
184
185
186
187
188
189
190
191
192
193
194
195
196
197
198
199
200
201
202
264
265
266
267
268
218
219
220
221
222
223
224
225
226
227
228
229
230
231
232
233
234
235
236
237
238
239
240
241
242
243
244
245
246
247
248
249
250
251
252
253
254
255
256
257
258
259
260
261
262
263
524
525
526
523
522
492
493
494
495
496
497
498
499
500
501
502
503
504
505
506
507
508
509
510
511
512
513
514
515
516
517
518
519
520
521
2837
2836
2838
2839
2822
2823
2824
2825
2826
2827
2828
2829
2830
2831
2832
2833
2834
2835
5109
5111
5108
5110
5106
5107
5315
5316
5310
5311
5312
5313
5314
5309
5690
5691
5681
5682
5683
5684
5685
5686
5687
5688
5689
6878
6883
6879
6880
6885
6882
6886
6881
6884
6875
6876
6877
6855
6856
6857
6858
6871
6872
6873
6874
6859
6860
6861
6862
6863
6864
6865
6866
6867
6868
6869
6870
7263
7265
7264
7262
7232
7233
7234
7235
7236
7237
7238
7239
7240
7241
7242
7243
7244
7245
7246
7247
7248
7249
7250
7251
7252
7253
7254
7255
7256
7257
7258
7259
7260
7261
7822
7820
7823
7821
7804
7805
7806
7807
7808
7809
7810
7811
7812
7813
7814
7815
7816
7817
7818
7819
7878
7879
7877
7848
7849
7850
7851
7852
7853
7854
7855
7856
7857
7858
7859
7860
7861
7862
7863
7864
7865
7866
7867
7868
7869
7870
7871
7872
7873
7874
7875
7876
7909
7913
7908
7911
7910
7912
7893
7894
7895
7896
7897
7898
7899
7900
7901
7902
7903
7904
7905
7906
7907
8574
8573
8572
8568
8569
8570
8571
8555
8556
8557
8558
8559
8560
8561
8562
8563
8564
8565
8566
8567
8661
8662
8663
8664
8665
8666
8667
8668
8669
8670
8671
8672
8673
8674
8675
8676
8677
8678
8679
8680
8681
8682
8683
8684
8685
8639
8640
8641
8642
8643
8644
8645
8646
8647
8648
8649
8650
8651
8652
8653
8654
8655
8656
8657
8658
8659
8660
8686
8687
8688
8689
8690
8691
8692
8693
8694
8695
8696
8697
8698
8699
8700
8701
8702
8703
8704
8705
8706
8707
8708
8709
8710
8711
8712
8836
8837
8838
8839
8840
8841
8842
8828
8829
8830
8831
8832
8833
8834
8835
9601
9598
9599
9597
9603
9591
9593
9592
9602
9600
9594
9595
9596
9588
9589
9590
9576
9577
9578
9579
9580
9581
9582
9583
9584
9585
9586
9587
9917
9916
9914
9915
9900
9901
9902
9903
9904
9905
9906
9907
9908
9909
9910
9911
9912
9913
9875
9876
9877
9878
9879
9880
9881
9882
9883
9884
9885
9886
9887
9888
9889
9890
9891
9892
9893
9894
9895
9896
9897
9898
9899
10026
10038
10027
10037
10031
10028
10034
10032
10029
10030
10035
10036
10033
9996
9997
9998
9999
10000
10001
10002
10003
10004
10005
10006
10007
10008
10009
10010
10011
10012
10013
10014
10015
10016
10017
10018
10019
10020
10021
10022
10023
10024
10025
9979
9980
9981
9982
9983
9984
9985
9986
9987
9988
9989
9990
9991
9992
9993
9994
9995
10846
10847
10832
10833
10834
10835
10836
10837
10838
10839
10840
10841
10842
10843
10844
10845
11213
11214
11200
11201
11202
11203
11204
11205
11206
11207
11208
11209
11210
11211
11212
11193
11194
11195
11196
11197
11198
11199
11702
11704
11703
11700
11701
11717
11718
11719
12055
12057
12056
12052
12053
12054
14102
14104
14103
14100
14101
14084
14085
14086
14087
14088
14089
14090
14091
14092
14093
14094
14095
14096
14097
14098
14099
14118
14124
14123
14119
14122
14125
14121
14120
14216
14211
14218
14213
14215
14212
14217
14214
14205
14206
14207
14208
14209
14210
14203
14204
14196
14197
14198
14199
14200
14201
14202
14621
14620
14624
14622
14625
14619
14626
14623
14617
14618
14657
14658
14660
14659
15053
15054
15055
15039
15040
15041
15042
15043
15044
15045
15046
15047
15048
15049
15050
15051
15052
15723
15722
15720
15724
15721
15654
15655
15656
15657
15658
15659
15660
15661
15662
15663
15664
15665
15666
15667
15668
15669
15670
15671
15672
15673
15674
15675
15676
15677
15678
15679
15708
15709
15710
15711
15712
15713
15714
15715
15716
15717
15718
15719
15680
15681
15682
15683
15684
15685
15686
15687
15688
15689
15690
15691
15692
15693
15694
15695
15696
15697
15698
15699
15700
15701
15702
15703
15704
15705
15706
15707
15871
15866
15869
15870
15867
15868
15862
15863
15864
15865
15859
15860
15861
18273
18274
18374
18377
18375
18376
18378
18356
18357
18358
18359
18360
18361
18362
18363
18364
18365
18366
18367
18368
18369
18370
18371
18372
18373
18343
18344
18345
18346
18347
18348
18349
18350
18351
18352
18353
18354
18355
18692
18688
18689
18687
18690
18691
18674
18675
18676
18677
18678
18679
18680
18681
18682
18683
18684
18685
18686
18662
18663
18664
18665
18666
18667
18668
18669
18670
18671
18672
18673
18829
18831
18830
18828
18821
18822
18823
18824
18825
18826
18827
20104
20105
20058
20059
20060
20061
20062
20063
20064
20065
20066
20067
20068
20069
20070
20071
20072
20073
20074
20075
20076
20077
20078
20079
20080
20081
20082
20083
20084
20085
20086
20087
20088
20089
20090
20091
20092
20093
20094
20095
20096
20097
20098
20099
20100
20101
20102
20103
20376
20378
20377
20379
20317
20318
20319
20320
20321
20322
20323
20324
20325
20326
20327
20328
20329
20330
20331
20332
20333
20334
20335
20336
20337
20338
20339
20340
20341
20342
20343
20344
20345
20346
20300
20301
20302
20303
20304
20305
20306
20307
20308
20309
20310
20311
20312
20313
20314
20315
20316
20347
20348
20349
20350
20351
20352
20353
20354
20355
20278
20279
20280
20281
20282
20283
20284
20285
20286
20287
20288
20289
20290
20291
20292
20293
20294
20295
20296
20297
20298
20299
20356
20357
20358
20359
20360
20361
20362
20363
20364
20365
20366
20367
20368
20369
20370
20371
20372
20373
20374
20375
21145
21144
21147
21146
21132
21133
21134
21135
21136
21137
21138
21139
21140
21141
21142
21143
21347
21348
21349
21350
21351
21333
21334
21335
21336
21337
21338
21339
21340
21341
21342
21343
21344
21345
21346
22097
22101
22099
22103
22104
22108
22098
22109
22100
22093
22095
22094
22105
22102
22092
22106
22107
22096
22089
22090
22091
23283
23285
23284
23280
23281
23282
23271
23276
23277
23278
23279
23272
23273
23274
23275
23689
23690
23692
23691
23688
23680
23681
23682
23683
23684
23685
23686
23687
23786
23785
23771
23772
23773
23774
23775
23776
23777
23778
23779
23780
23781
23782
23783
23784
24774
24775
24777
24778
24776
24767
24768
24769
24770
24771
24772
24773
24755
24756
24757
24758
24759
24760
24761
24762
24763
24764
24765
24766
24989
24990
24988
26104
26106
26108
26107
26109
26105
26103
26093
26094
26095
26096
26097
26098
26099
26100
26101
26102
26630
26629
26628
26622
26623
26624
26625
26626
26627
26981
26978
26982
26979
26980
26974
26975
26976
26977
26940
26941
26942
26943
26944
26945
26946
26947
26948
26949
26950
26951
26952
26969
26970
26971
26972
26973
26934
26935
26936
26937
26938
26939
26911
26912
26913
26914
26915
26916
26917
26918
26919
26920
26921
26922
26923
26924
26925
26926
26927
26928
26929
26930
26931
26932
26933
26953
26954
26955
26956
26957
26958
26959
26960
26961
26962
26963
26964
26965
26966
26967
26968
27390
27391
27378
27379
27380
27381
27382
27383
27384
27385
27386
27387
27388
27389
27804
27805
27806
27789
27790
27791
27792
27793
27794
27795
27796
27797
27798
27799
27800
27801
27802
27803
28012
28013
27964
27965
27966
27967
27968
27969
27970
27971
27972
27973
27974
27975
27976
27977
27978
27979
27980
27981
27982
27983
27984
27985
27986
27987
27988
27989
27990
27991
27992
27993
27994
27995
27996
27997
27998
27999
28000
28001
28002
28003
28004
28005
28006
28007
28008
28009
28010
28011
28077
28078
28079
28058
28059
28060
28061
28062
28063
28064
28065
28066
28067
28068
28069
28070
28071
28072
28073
28074
28075
28076
28294
28295
28296
28299
28298
28301
28297
28300
28284
28285
28286
28287
28288
28289
28290
28291
28292
28293
28271
28272
28273
28274
28275
28276
28277
28278
28279
28280
28281
28282
28283
29003
29004
29005
29006
28979
28980
28981
28982
28983
28984
28985
28986
28987
28988
28989
28990
28991
28992
28993
28994
28995
28996
28997
28998
28999
29000
29001
29002
31234
31231
31229
31227
31233
31232
31228
31230
31235
31637
31643
31639
31641
31640
31642
31638
31632
31633
31634
31635
31636
31613
31614
31615
31616
31617
31618
31619
31620
31621
31622
31623
31624
31625
31626
31627
31628
31629
31630
31631
32001
31999
31997
32002
32000
31998
31993
31994
31995
31996
31990
31991
31992
32448
32446
32449
32445
32447
32429
32430
32431
32432
32433
32434
32435
32436
32441
32442
32443
32444
32418
32419
32420
32421
32422
32423
32424
32425
32426
32427
32428
32437
32438
32439
32440
32410
32411
32412
32413
32414
32415
32416
32417
32936
32937
32935
32938
32897
32898
32899
32900
32901
32902
32903
32904
32905
32906
32907
32908
32909
32910
32911
32912
32913
32914
32915
32916
32917
32918
32919
32920
32921
32922
32923
32924
32925
32926
32927
32928
32929
32930
32931
32932
32933
32934
33153
33150
33151
33154
33152
33117
33118
33119
33120
33121
33122
33124
33123
33125
33126
33127
33128
33129
33145
33146
33147
33148
33149
33130
33131
33132
33133
33134
33135
33136
33137
33138
33139
33140
33141
33142
33143
33144
33319
33320
33321
33322
33323
33255
33256
33257
33258
33259
33260
33261
33262
33263
33264
33265
33266
33267
33268
33269
33270
33271
33272
33273
33274
33275
33276
33277
33278
33279
33280
33281
33282
33283
33284
33285
33286
33287
33288
33289
33290
33291
33292
33293
33294
33295
33296
33297
33298
33299
33300
33301
33302
33303
33304
33305
33306
33307
33308
33309
33310
33311
33312
33313
33314
33315
33316
33317
33318
33647
33648
33649
33586
33587
33588
33589
33590
33591
33592
33593
33594
33595
33596
33597
33598
33599
33600
33601
33602
33603
33604
33605
33606
33607
33608
33609
33610
33611
33612
33613
33614
33615
33616
33617
33618
33619
33620
33621
33622
33623
33624
33625
33626
33627
33628
33629
33630
33631
33632
33633
33634
33635
33636
33637
33638
33639
33640
33641
33642
33643
33644
33645
33646
34062
34063
34064
34065
34022
34023
34024
34025
34026
34027
34028
34029
34030
34031
34032
34033
34034
34035
34036
34037
34038
34039
34040
34041
34042
34043
34044
34045
34046
34047
34048
34049
34050
34051
34052
34053
34054
34055
34056
34057
34058
34059
34060
34061
34705
34706
34707
34685
34686
34687
34688
34689
34690
34691
34692
34693
34694
34695
34696
34697
34698
34669
34670
34671
34672
34673
34674
34675
34676
34677
34678
34679
34680
34681
34682
34683
34684
34666
34667
34668
34699
34700
34701
34702
34703
34704
35399
35400
35401
35383
35384
35385
35386
35387
35388
35389
35390
35391
35392
35393
35394
35395
35396
35397
35398
35581
35582
35583
35584
35568
35569
35570
35571
35572
35573
35574
35575
35576
35577
35578
35579
35580
35902
35897
35904
35895
35900
35901
35905
35898
35899
35896
35903
35882
35883
35884
35885
35886
35887
35888
35889
35890
35891
35892
35893
35894
35879
35880
35881
35842
35843
35844
35845
35846
35847
35848
35849
35850
35851
35852
35853
35854
35855
35856
35857
35858
35859
35860
35861
35862
35863
35864
35865
35866
35867
35868
35869
35870
35871
35872
35873
35874
35875
35876
35877
35878
36454
36455
36451
36452
36453
36448
36449
36450
36445
36446
36447
36558
36559
37067
37065
37066
37064
37068
37063
37060
37061
37062
37354
37348
37349
37350
37351
37352
37353
37318
37319
37320
37321
37322
37323
37324
37325
37326
37327
37328
37329
37330
37331
37332
37333
37334
37335
37336
37337
37338
37339
37340
37341
37342
37343
37344
37345
37346
37347
37876
37877
37878
37875
37864
37865
37866
37867
37868
37869
37870
37871
37872
37873
37874
37856
37857
37858
37859
37860
37861
37862
37863
38218
38219
38220
38221
38222
38223
38202
38203
38204
38205
38206
38207
38208
38209
38210
38211
38212
38213
38214
38215
38216
38217
38524
38523
38525
38526
38493
38494
38495
38496
38497
38489
38490
38491
38492
38498
38499
38500
38501
38502
38503
38504
38505
38506
38507
38508
38509
38510
38511
38512
38513
38514
38515
38516
38517
38518
38519
38520
38521
38522
38602
38603
38575
38576
38577
38578
38579
38580
38581
38582
38583
38584
38585
38586
38587
38588
38589
38590
38591
38592
38593
38594
38595
38596
38597
38598
38599
38600
38601
38652
38656
38655
38653
38654
38651
38647
38648
38649
38650
38872
38871
39662
39660
39658
39661
39663
39659
39651
39652
39653
39654
39655
39656
39657
39903
39910
39907
39906
39908
39909
39911
39905
39904
39895
39896
39897
39898
39899
39900
39901
39902
40054
40044
40058
40043
40048
40060
40042
40047
40050
40041
40057
40039
40053
40059
40061
40052
40051
40046
40055
40056
40049
40045
40040
40027
40028
40029
40030
40031
40032
40033
40034
40035
40036
40037
40038
40004
40005
40006
40007
40008
40009
40010
40011
40012
40013
40014
40001
40002
40019
40020
40021
40022
40023
40024
40025
40026
40003
40015
40016
40017
40018
40307
40306
40309
40308
40310
40312
40311
40296
40297
40298
40299
40300
40301
40302
40303
40304
40305
41505
41504
41503
41502
41494
41495
41496
41497
41498
41499
41500
41501
41492
41493
42172
42169
42170
42171
42168
42166
42167
42456
42457
42442
42443
42444
42445
42446
42447
42448
42449
42450
42451
42452
42453
42454
42455
42620
42621
42619
42618
42613
42614
42615
42616
42617
42606
42607
42608
42609
42610
42611
42612
43647
43646
43650
43649
43648
43635
43636
43637
43638
43639
43640
43641
43642
43643
43644
43645
43863
43864
43865
43837
43838
43839
43840
43841
43842
43843
43844
43845
43846
43847
43848
43849
43850
43851
43852
43853
43854
43855
43856
43857
43858
43859
43860
43861
43862
44192
44191
44190
44189
44186
44187
44188
45019
45023
45022
45024
45020
45025
45021
44984
44985
44986
44987
44988
44989
44990
44991
44992
44993
44994
45010
45011
45012
45013
45014
45015
45016
45017
45018
45001
45002
45003
45004
45005
45006
45007
45008
45009
44995
44996
44997
44998
44999
45000
46052
46054
46053
46051
46029
46030
46031
46032
46033
46034
46035
46011
46012
46013
46014
46015
46016
46017
46018
46019
46020
46021
46022
46023
46024
46025
46026
46027
46028
46036
46037
46038
46039
46040
46041
46042
46043
46044
46045
46046
46047
46048
46049
46050
46166
46165
46164
46167
46153
46154
46155
46156
46157
46158
46159
46160
46161
46162
46163
46183
46184
46187
46185
46186
46182
46178
46179
46180
46181
46548
46547
46549
46673
46672
46671
46658
46659
46660
46661
46662
46663
46664
46665
46666
46667
46668
46669
46670
