2970
4581
5244
6361
7788
8894
8895
8896
8897
8898
8899
8900
8901
8902
8903
8904
8905
8906
8907
8908
8909
8910
10138
10139
10140
10141
10142
10143
10144
10145
10146
10147
10148
10149
10150
10151
10152
10153
10154
10883
10884
12141
12142
12143
12107
12108
12109
12110
12111
12112
12113
12114
12115
12116
12117
12118
12119
12120
12121
12122
12123
12124
12125
12126
12127
12128
12129
12130
12131
12132
12133
12134
12135
12136
12137
12138
12139
12140
13135
13136
13137
13138
13139
13101
13102
13103
13104
13105
13106
13107
13108
13109
13110
13111
13112
13113
13114
13115
13116
13117
13118
13119
13120
13121
13122
13123
13124
13125
13126
13127
13128
13129
13130
13131
13132
13133
13134
50375
51009
51066
51184
39
209
275
530
531
592
593
594
595
596
597
598
599
600
601
602
603
604
605
606
607
608
651
653
655
650
652
654
765
746
747
748
749
750
751
752
753
754
755
756
757
758
759
760
761
762
763
764
835
837
840
834
836
838
839
815
816
817
818
819
820
821
822
823
824
825
826
827
828
829
830
831
832
833
1092
1272
1846
2087
2179
2267
2357
2480
2607
2878
2879
2880
2881
2882
2883
2884
2885
2886
2887
2971
2972
2973
2974
2975
2976
2977
2978
2979
2980
2981
2982
2983
2984
2985
2986
2987
3132
3133
3134
3135
3136
3137
3138
3139
3140
3141
3142
3143
3144
3145
3146
3147
3246
3245
3247
3244
3538
3540
3541
3537
3539
3527
3528
3529
3530
3531
3532
3533
3534
3535
3536
3510
3511
3512
3513
3514
3515
3516
3517
3518
3519
3520
3521
3522
3523
3524
3525
3526
3494
3495
3496
3497
3498
3499
3500
3501
3502
3503
3504
3505
3506
3507
3508
3509
3967
3963
3970
3962
3965
3968
3969
3964
3966
3952
3953
3954
3955
3956
3957
3958
3959
3960
3961
3935
3936
3937
3938
3939
3940
3941
3942
3943
3944
3945
3946
3947
3948
3949
3950
3951
3919
3920
3921
3922
3923
3924
3925
3926
3927
3928
3929
3930
3931
3932
3933
3934
14543
14662
14690
14721
14839
14840
14841
14842
14843
14844
14845
14846
14847
14848
14849
14850
14887
14888
14936
14937
14924
14925
14926
14927
14928
14929
14930
14931
14932
14933
14934
14935
15035
15036
15037
15038
15023
15024
15025
15026
15027
15028
15029
15030
15031
15032
15033
15034
15238
15357
15451
15559
15560
15561
15562
15563
15564
15565
15566
15567
15568
15569
15570
15571
15572
15573
15574
15575
15576
15577
15578
15579
15580
15581
15582
15583
15584
15585
15586
15587
15729
15730
15731
15732
15733
15734
15735
15780
15781
15782
15783
15784
15785
15786
15787
15848
15847
15922
15878
15879
15880
15881
15882
15883
15884
15885
15886
15887
15888
15889
15890
15891
15892
15893
15894
15895
15896
15897
15898
15899
15900
15901
15902
15903
15904
15905
15906
15907
15908
15909
15910
15911
15912
15913
15914
15915
15916
15917
15918
15919
15920
15921
16024
16022
16023
15978
15979
15980
15981
15982
15983
15984
15985
15986
15987
15988
15989
15990
15991
15992
15993
15994
15995
15996
15997
15998
15999
16000
16001
16002
16003
16004
16005
16006
16007
16008
16009
16010
16011
16012
16013
16014
16015
16016
16017
16018
16019
16020
16021
16287
16388
16456
16605
16642
16641
16709
16710
16868
16867
16869
16870
18633
18661
18713
18714
18715
18716
18717
18718
18719
18720
18721
18722
18723
18724
18725
18726
18727
18728
18729
18787
18788
18789
18790
18791
18792
18793
18794
18795
18796
18797
18798
18799
18800
18801
18802
18803
18835
18836
18837
18838
18839
18840
18841
18842
18843
18844
18845
18846
18847
18848
18849
18850
18851
19024
19025
18990
18991
18992
18993
18994
18995
18996
18997
18998
18999
19000
19001
19002
19003
19004
19005
19006
19007
19008
19009
19010
19011
19012
19013
19014
19015
19016
19017
19018
19019
19020
19021
19022
19023
19120
19121
19122
19123
19124
19125
19126
19127
19128
19129
19130
19131
19132
19133
19134
19135
19136
19222
19223
19171
19172
19173
19174
19175
19176
19177
19178
19179
19180
19181
19182
19183
19184
19185
19186
19187
19188
19189
19190
19191
19192
19193
19194
19195
19196
19197
19198
19199
19200
19201
19202
19203
19204
19205
19206
19207
19208
19209
19210
19211
19212
19213
19214
19215
19216
19217
19218
19219
19220
19221
20410
20576
20840
20883
20924
20925
20926
20927
20953
20954
21029
21028
21024
21025
21026
21027
21068
21069
21071
21070
21064
21065
21066
21067
21209
21464
21537
21579
21580
21581
21582
21583
21584
21585
21586
21587
21588
21589
21590
21591
21592
21593
21594
21595
21631
21629
21630
21678
21679
21680
21681
21682
21683
21684
21685
21686
21687
21688
21689
21690
21691
21692
21693
21694
21757
21755
21756
21738
21739
21740
21741
21742
21743
21744
21745
21746
21747
21748
21749
21750
21751
21752
21753
21754
33986
34068
34186
34240
34299
34352
34353
34398
34498
34643
34708
34845
34909
34910
34911
34912
34958
34959
34960
34961
34962
34963
34964
34965
34966
34967
34968
34969
35068
35069
35150
35143
35148
35149
35152
35146
35145
35151
35144
35147
35127
35128
35129
35130
35131
35132
35133
35134
35135
35136
35137
35138
35139
35140
35141
35142
35229
35232
35233
35224
35230
35231
35235
35227
35226
35234
35225
35228
35208
35209
35210
35211
35212
35213
35214
35215
35216
35217
35218
35219
35220
35221
35222
35223
37228
37362
37562
37609
37731
37897
37926
37958
38025
38026
38027
38028
38029
38038
38039
38040
38041
38042
38043
38044
38045
38046
38047
38048
38049
38050
38051
38200
38201
38199
38198
38197
38196
38309
38310
38311
38312
38313
38314
38315
38316
38317
38318
38319
38320
38321
38322
38323
38324
38325
38326
38327
38408
38409
38407
38406
38405
38404
38385
38386
38387
38388
38389
38390
38391
38392
38393
38394
38395
38396
38397
38398
38399
38400
38401
38402
38403
39715
39838
39912
39928
39929
39930
39931
39932
39933
39934
39981
39982
39983
39984
39985
39986
39987
39988
39989
39990
39991
39992
39993
39994
40077
40078
40079
40070
40071
40072
40073
40074
40075
40076
40101
40102
40103
40104
40105
40106
40107
40108
40109
40110
40111
40112
40113
40114
40293
40294
40295
40272
40273
40274
40275
40276
40277
40278
40279
40280
40281
40282
40283
40284
40285
40286
40287
40288
40289
40290
40291
40292
44553
44564
44585
44596
44607
44628
44836
45054
45055
45056
45138
45139
45140
45141
45142
45143
45144
45145
45146
45147
45148
45149
45150
45151
45200
45258
45260
45257
45263
45261
45259
45262
45354
45355
45356
45340
45341
45342
45343
45344
45345
45346
45347
45348
45349
45350
45351
45352
45353
45357
45515
45517
45514
45520
45518
45516
45519
45510
45511
45512
45496
45497
45498
45499
45500
45501
45502
45503
45504
45505
45506
45507
45508
45509
45513
46361
46392
46556
46617
46638
46639
46640
46641
46642
46643
46685
46686
46687
46688
46689
46775
46776
46777
46778
46779
46780
46781
46782
46783
46784
46785
46786
46787
46788
46789
46798
46799
46796
46797
46790
46791
46792
46793
46794
46795
46815
46816
46817
46818
46819
46800
46801
46802
46803
46804
46805
46806
46807
46808
46809
46810
46811
46812
46813
46814
46848
46849
46846
46847
46840
46841
46842
46843
46844
46845
46835
46836
46837
46838
46839
46820
46821
46822
46823
46824
46825
46826
46827
46828
46829
46830
46831
46832
46833
46834
46855
46857
46858
46859
46860
46861
46862
46863
46864
46865
46866
46867
46868
46873
46874
46875
46869
46870
46871
46872
46880
46881
46882
46883
46884
46885
46876
46877
46878
46879
47125
47128
47129
47130
47131
47132
47133
47134
47135
47136
47140
47141
47142
47143
47144
47145
47146
47147
47148
47149
47159
47160
47161
47162
47163
47164
47165
47166
47167
47168
47181
47182
47183
47184
47185
47186
47187
47188
47189
47190
47191
47192
47193
47194
47195
47196
47197
47198
47199
47200
47201
47202
47203
47204
47205
47218
47224
47214
47233
47210
47219
47220
47209
47216
47217
47212
47215
47222
47237
47225
47238
47227
47239
47232
47234
47213
47208
47211
47223
47235
47228
47236
47230
47221
47226
47229
47231
47206
47207
47245
47240
47241
47242
47243
47244
47246
47247
47248
47249
47250
47251
47252
47253
47254
47255
47256
47257
47258
47259
47260
47294
47300
47290
47309
47286
47295
47296
47285
47292
47293
47288
47291
47298
47313
47301
47314
47303
47315
47308
47310
47289
47284
47287
47299
47311
47304
47312
47306
47297
47302
47305
47307
47279
47280
47266
47261
47262
47263
47264
47265
47267
47268
47269
47270
47271
47272
47273
47274
47275
47276
47277
47278
47281
47282
47283
47497
47498
47499
47500
47501
47502
47503
47504
47505
47506
47507
47508
47509
47510
47511
47512
47513
47514
47515
47516
47517
47518
47519
47520
47521
47522
47523
47524
47525
47526
47527
47528
47529
47530
47546
47547
47531
47532
47533
47534
47535
47536
47537
47538
47539
47540
47541
47542
47543
47544
47545
47582
47583
47584
47585
47586
47587
47588
47589
47590
47591
47592
47593
47594
47595
47596
47597
47598
47599
47600
47601
47602
47603
47604
47605
47606
47607
47622
47621
47608
47609
47610
47611
47612
47613
47614
47615
47616
47617
47618
47619
47620
47623
47624
47625
47626
47627
47628
47629
47630
47631
47632
47633
47659
47658
47645
47646
47647
47648
47649
47650
47651
47652
47653
47654
47655
47656
47657
47634
47635
47636
47637
47638
47639
47640
47641
47642
47643
47644
47842
47843
47844
47845
47846
47847
47848
47849
47850
47851
47856
47857
47858
47859
47860
47861
47862
47863
47864
47865
47866
47867
47868
47869
47870
47871
47872
47873
47874
47875
47876
47877
47878
47879
47880
47885
47883
47882
47881
47884
47886
47913
47915
47912
47914
47887
47888
47889
47890
47891
47892
47893
47894
47895
47896
47897
47898
47899
47900
47901
47902
47903
47904
47905
47906
47907
47908
47909
47910
47911
47949
47947
47945
47943
47948
47950
47942
47946
47941
47944
47916
47917
47918
47919
47920
47921
47922
47923
47924
47925
47926
47927
47928
47929
47930
47931
47932
47933
47934
47935
47936
47937
47938
47939
47940
48228
48229
48247
48248
48249
48250
48251
48252
48253
48254
48255
48256
48257
48258
48259
48260
48261
48262
48263
48264
48265
48266
48267
48268
48269
48275
48270
48271
48274
48272
48273
48276
48277
48278
48279
48280
48281
48282
48283
48284
48285
48286
48287
48288
48289
48290
48291
48292
48293
48294
48319
48314
48315
48318
48316
48317
48295
48296
48297
48298
48299
48300
48301
48302
48303
48304
48305
48306
48307
48308
48309
48310
48311
48312
48313
48401
48402
48403
48404
48405
48406
48407
48408
48409
48410
48411
48412
48413
48414
48415
48416
48417
48418
48419
48420
48421
48422
48423
48443
48424
48425
48426
48427
48428
48429
48430
48431
48432
48433
48434
48435
48436
48437
48438
48439
48440
48441
48442
48444
48445
48446
48469
48447
48448
48449
48450
48451
48452
48453
48454
48455
48456
48457
48458
48459
48460
48461
48462
48463
48464
48465
48466
48467
48468
48543
48544
48628
48629
48630
48631
48632
48633
48634
48635
48636
48637
48638
48647
48639
48640
48641
48642
48643
48644
48645
48646
48656
48657
48658
48648
48649
48650
48651
48652
48653
48654
48655
49029
49030
49031
49032
49033
49034
49035
49036
49037
49038
49039
49040
49041
49042
49043
49044
49045
49046
49047
49048
49049
49050
49051
49052
49053
49054
49055
49056
49057
49058
49059
49060
49061
49062
49063
49094
49064
49065
49066
49067
49068
49069
49070
49071
49072
49073
49074
49075
49076
49077
49078
49079
49080
49081
49082
49083
49084
49085
49086
49087
49088
49089
49090
49091
49092
49093
49126
49127
49128
49096
49097
49098
49099
49100
49101
49102
49103
49104
49105
49106
49107
49108
49109
49110
49111
49112
49113
49114
49115
49116
49117
49118
49119
49120
49121
49122
49123
49124
49125
49184
49185
49186
49187
49188
49189
49190
49191
49192
49193
49194
49195
49196
49197
49198
49199
49200
49201
49202
49203
49204
49205
49214
49215
49216
49206
49207
49208
49209
49210
49211
49212
49213
49544
49545
49546
49547
49548
49549
49550
49551
49552
49553
49554
49555
49556
49557
49558
49559
49560
49561
49562
49563
49566
49567
49568
49569
49570
49571
49572
49573
49574
49575
49576
49577
49578
49579
49580
49581
49582
49583
49584
49585
49603
49604
49605
49586
49587
49588
49589
49590
49591
49592
49593
49594
49595
49596
49597
49598
49599
49600
49601
49602
49726
49727
49728
49729
49730
49731
49732
49733
49734
49735
49736
49737
49740
49739
49738
49741
49742
49743
49744
49745
49746
49747
49748
49749
49760
49759
49758
49761
49750
49751
49752
49753
49754
49755
49756
49757
49777
49809
49810
49811
49812
49813
49814
49815
49816
49817
49818
49819
49820
49821
49822
49823
49824
49825
49826
49827
49828
49829
49830
49831
49832
49833
49845
49846
49834
49835
49836
49837
49838
49839
49840
49841
49842
49843
49844
50754
50755
50756
50757
50759
50758
50760
50761
50764
50763
50762
50765
51008
51010
51011
51012
51013
51014
51015
51016
51017
51018
51023
51022
51024
51019
51020
51021
51029
51032
51030
51028
51031
51025
51026
51027
51065
51067
51068
51069
51070
51071
51072
51073
51074
51075
51076
51077
51078
51079
51080
51081
51082
51083
51084
51085
51086
51087
51088
51089
51090
51091
51092
51093
51094
51095
51096
51097
51098
51099
51100
51101
51102
51103
51104
51105
51106
51107
51108
51109
51110
51111
51112
51113
51114
51115
51116
51117
51118
51119
51120
51121
51122
51123
51124
51125
51154
51155
51126
51127
51128
51129
51130
51131
51132
51133
51134
51135
51136
51137
51138
51139
51140
51141
51142
51143
51144
51145
51146
51147
51148
51149
51150
51151
51152
51153
51181
51182
51183
51185
51186
51187
51188
51189
51190
51191
51192
40
41
42
43
44
45
46
47
48
49
50
51
52
53
54
55
56
57
58
59
60
67
66
72
64
68
62
61
65
71
70
69
63
88
90
87
84
92
91
89
85
86
73
74
75
76
77
78
79
80
81
82
83
114
112
124
108
115
106
104
111
123
122
119
107
116
118
113
105
121
120
117
109
110
93
94
95
96
97
98
99
100
101
102
103
205
206
207
208
210
211
212
213
214
215
216
217
269
270
271
272
273
274
276
277
278
279
280
281
282
283
284
285
286
287
288
289
290
291
292
293
294
295
296
297
298
299
300
301
302
303
304
305
306
307
308
309
310
311
312
313
314
315
316
317
318
319
320
321
322
323
324
325
326
327
328
329
330
331
332
333
334
335
336
337
338
339
340
341
342
343
347
344
345
346
416
417
348
349
350
351
352
353
354
355
356
357
358
359
360
361
362
363
364
365
366
367
368
369
370
371
372
373
374
375
376
377
378
379
380
381
382
383
384
385
386
387
388
389
390
391
392
393
394
395
396
397
398
399
400
401
402
403
404
405
406
407
408
409
410
411
412
413
414
415
491
486
487
488
489
490
418
419
420
421
422
423
424
425
426
427
428
429
430
431
432
433
434
435
436
437
438
439
440
441
442
443
444
445
446
447
448
449
450
451
452
453
454
455
456
457
458
459
460
461
462
463
464
465
466
467
468
469
470
471
472
473
474
475
476
477
478
479
480
481
482
483
484
485
527
528
529
532
533
534
535
536
537
538
539
540
541
542
543
544
545
546
547
548
549
551
555
553
554
550
552
569
570
567
568
556
557
558
559
560
561
562
563
564
565
566
586
591
589
590
585
588
584
587
582
583
571
572
573
574
575
576
577
578
579
580
581
2170
2171
2172
2173
2174
2175
2176
2177
2178
2180
2181
2182
2183
2184
2185
2358
2359
2360
2361
2362
2363
2364
2365
2366
2367
2368
2369
2370
2371
2372
2373
2374
2375
2376
2377
2378
2379
2380
2381
2382
2383
2384
2385
2386
2387
2388
2389
2390
2391
2392
2393
2394
2395
2396
2397
2398
2399
2400
2401
2402
2403
2404
2405
2406
2407
2408
2409
2410
2411
2412
2413
2414
2415
2416
2417
2418
2449
2450
2451
2452
2419
2420
2421
2422
2423
2424
2425
2426
2427
2428
2429
2430
2431
2432
2433
2434
2435
2436
2437
2438
2439
2440
2441
2442
2443
2444
2445
2446
2447
2448
2453
2454
2455
2456
2457
2458
2459
2460
2461
2462
2463
2464
2465
2466
2467
2468
2469
2470
2471
2472
2473
2474
2475
2476
2477
2478
2479
2538
2539
2540
2541
2481
2482
2483
2484
2485
2486
2487
2488
2489
2490
2491
2492
2493
2494
2495
2496
2497
2498
2499
2500
2501
2502
2503
2504
2505
2506
2507
2508
2509
2510
2511
2512
2513
2514
2515
2516
2517
2518
2519
2520
2521
2522
2523
2524
2525
2526
2527
2528
2529
2530
2531
2532
2533
2534
2535
2536
2537
2840
2841
2842
2843
2844
2845
2846
2847
2848
2849
2850
2851
2852
2853
2854
2855
2856
2857
2858
2871
2859
2860
2861
2862
2863
2864
2865
2866
2867
2868
2869
2870
2872
2873
2874
2875
2876
2877
2906
2888
2889
2890
2891
2892
2893
2894
2895
2896
2897
2898
2899
2900
2901
2902
2903
2904
2905
5052
5053
5054
5055
5056
5057
5058
5059
5060
5061
5062
5063
5064
5065
5066
5067
5068
5069
5081
5079
5080
5070
5071
5072
5073
5074
5075
5076
5077
5078
5082
5083
5084
5085
5086
5087
5105
5103
5104
5088
5089
5090
5091
5092
5093
5094
5095
5096
5097
5098
5099
5100
5101
5102
5112
5114
5115
5116
5117
5118
5119
5121
5120
5124
5122
5123
5127
5129
5128
5130
5125
5126
5320
5321
5322
5323
5324
5325
5326
5327
5328
5329
5330
5331
5332
5333
5334
5342
5343
5344
5345
5335
5336
5337
5338
5339
5340
5341
5367
5368
5369
5370
5371
5372
5360
5361
5362
5363
5364
5365
5366
5692
5693
5694
5695
5696
5697
5698
5699
5700
5701
5702
5703
5704
5705
5706
5707
5708
5709
5710
5711
5712
5713
5714
5715
5716
5717
5718
5719
5720
5721
5723
5722
5766
5741
5742
5743
5744
5745
5746
5747
5748
5749
5750
5751
5752
5753
5754
5755
5756
5757
5758
5759
5760
5761
5762
5763
5764
5765
5792
5794
5793
5795
5767
5768
5769
5770
5771
5772
5773
5774
5775
5776
5777
5778
5779
5780
5781
5782
5783
5784
5785
5786
5787
5788
5789
5790
5791
6887
6888
6889
6890
6891
6892
6893
6895
6896
6897
6898
6899
6900
6901
6902
6903
6904
6905
6906
6907
6908
6909
6910
6911
6912
6913
6914
6915
6916
6917
6918
6919
6920
6921
6922
6923
6924
6925
6926
6928
6927
6930
6929
6965
6963
6960
6964
6961
6962
6931
6932
6933
6934
6935
6936
6937
6938
6939
6940
6941
6942
6943
6944
6945
6946
6947
6948
6949
6950
6951
6952
6953
6954
6955
6956
6957
6958
6959
6996
6995
7002
6999
7004
7001
6997
7003
6998
7000
6966
6967
6968
6969
6970
6971
6972
6973
6974
6975
6976
6977
6978
6979
6980
6981
6982
6983
6984
6985
6986
6987
6988
6989
6990
6991
6992
6993
6994
7033
7034
7035
7036
7037
7038
7039
7040
7041
7042
7043
7044
7045
7046
7047
7048
7049
7050
7051
7052
7053
7054
7055
7056
7057
7058
7059
7060
7061
7062
7063
7064
7065
7066
7067
7068
7069
7070
7071
7072
7073
7074
7075
7076
7077
7078
7079
7080
7081
7082
7083
7084
7085
7086
7087
7088
7089
7090
7091
7092
7093
7094
7095
7096
7097
7098
7153
7152
7154
7126
7127
7128
7129
7130
7131
7132
7133
7134
7135
7136
7137
7138
7139
7140
7141
7142
7143
7144
7145
7146
7147
7148
7149
7150
7151
7099
7100
7101
7102
7103
7104
7105
7106
7107
7108
7109
7110
7111
7112
7113
7114
7115
7116
7117
7118
7119
7120
7121
7122
7123
7124
7125
7155
7156
7157
7158
7159
7160
7161
7162
7163
7164
7229
7228
7230
7192
7193
7194
7195
7196
7197
7198
7199
7200
7201
7202
7203
7204
7205
7206
7207
7208
7209
7210
7211
7212
7213
7214
7215
7216
7217
7165
7166
7167
7168
7169
7170
7171
7172
7173
7174
7175
7176
7177
7178
7179
7180
7181
7182
7183
7184
7185
7186
7187
7188
7189
7190
7191
7218
7219
7220
7221
7222
7223
7224
7225
7226
7227
7266
7267
7268
7269
7270
7271
7272
7273
7274
7275
7276
7277
7278
7279
7280
7281
7282
7283
7284
7285
7286
7287
7288
7289
7290
7291
7292
7293
7294
7295
7296
7297
7298
7299
7300
7301
7319
7302
7303
7304
7305
7306
7307
7308
7309
7310
7311
7312
7313
7314
7315
7316
7317
7318
7479
7480
7481
7482
7483
7485
7486
7487
7488
7489
7824
7825
7826
7827
7828
7829
7830
7831
7833
7832
7834
7835
7836
7837
7838
7839
7847
7846
7840
7841
7842
7843
7844
7845
7880
7881
7886
7888
7887
7889
7892
7891
7890
7914
7915
7916
7954
7955
7956
7957
7958
7959
7960
7961
7962
7963
7964
7965
7966
7967
7968
7969
7970
7971
7972
7973
7974
7975
7976
7977
7978
7979
7980
7981
7982
7983
7984
7985
7986
7987
7988
7989
7990
7991
7992
7993
7994
7995
7996
7997
7998
7999
8000
8001
8002
8003
8004
8005
8006
8007
8008
8009
8010
8011
8012
8013
8014
8015
8016
8017
8018
8019
8020
8021
8022
8023
8024
8025
8026
8027
8028
8029
8030
8031
8032
8033
8034
8035
8036
8037
8038
8039
8040
8041
8042
8043
8044
8045
8046
8047
8048
8049
8050
8051
8052
8053
8054
8055
8060
8062
8061
8056
8057
8058
8059
8117
8118
8119
8120
8121
8122
8123
8124
8125
8126
8127
8128
8129
8130
8131
8132
8133
8134
8135
8136
8137
8138
8139
8140
8141
8142
8143
8144
8145
8146
8147
8148
8149
8150
8151
8152
8153
8154
8155
8156
8157
8158
8159
8160
8161
8162
8163
8164
8165
8166
8179
8180
8181
8182
8183
8184
8185
8186
8187
8188
8189
8190
8191
8192
8193
8194
8195
8196
8197
8198
8199
8200
8201
8110
8111
8112
8113
8104
8105
8106
8107
8108
8109
8114
8115
8116
8167
8168
8169
8170
8171
8172
8173
8174
8175
8176
8177
8178
8304
8306
8305
8215
8216
8217
8218
8219
8220
8221
8222
8223
8224
8225
8226
8227
8228
8229
8230
8231
8232
8233
8234
8235
8236
8237
8238
8239
8240
8241
8242
8243
8244
8245
8246
8247
8248
8249
8250
8251
8252
8253
8254
8255
8256
8257
8258
8259
8260
8261
8262
8263
8264
8265
8266
8267
8268
8281
8282
8283
8284
8285
8286
8287
8288
8289
8290
8291
8292
8293
8294
8295
8296
8297
8298
8299
8300
8301
8302
8303
8208
8209
8210
8211
8202
8203
8204
8205
8206
8207
8212
8213
8214
8269
8270
8271
8272
8273
8274
8275
8276
8277
8278
8279
8280
8575
8577
8578
8579
8580
8581
8582
8583
8584
8585
8586
8587
8588
8589
8590
8591
8592
8593
8594
8595
8596
8598
8597
8615
8616
8617
8599
8600
8601
8602
8603
8604
8605
8606
8607
8608
8609
8610
8611
8612
8613
8614
8638
8637
8634
8635
8636
8618
8619
8620
8621
8622
8623
8624
8625
8626
8627
8628
8629
8630
8631
8632
8633
8713
8715
8716
8717
8718
8719
8720
8721
8722
8723
8724
8725
8726
8727
8728
8729
8730
8731
8732
8733
8734
8735
8736
8737
8738
8739
8740
8741
8742
8743
8744
8745
8773
8772
8771
8770
8746
8747
8748
8749
8750
8751
8752
8753
8754
8755
8756
8757
8758
8759
8760
8761
8762
8763
8764
8765
8766
8767
8768
8769
8798
8802
8803
8801
8800
8799
8774
8775
8776
8777
8778
8779
8780
8781
8782
8783
8784
8785
8786
8787
8788
8789
8790
8791
8792
8793
8794
8795
8796
8797
8843
8844
8845
8847
8848
8849
8850
8851
8852
8853
8854
8855
8856
8857
8858
8859
8860
8861
8862
8863
8864
8865
8866
8867
8868
8872
8869
8871
8870
8893
8889
8890
8891
8892
8873
8874
8875
8876
8877
8878
8879
8880
8881
8882
8883
8884
8885
8886
8887
8888
8935
8931
8933
8932
8934
8927
8928
8929
8930
8911
8912
8913
8914
8915
8916
8917
8918
8919
8920
8921
8922
8923
8924
8925
8926
9169
9170
9171
9172
9173
9174
9175
9176
9177
9178
9179
9180
9181
9182
9184
9183
9194
9185
9186
9187
9188
9189
9190
9191
9192
9193
9204
9207
9206
9205
9195
9196
9197
9198
9199
9200
9201
9202
9203
9604
9605
9606
9607
9608
9609
9610
9611
9615
9616
9617
9618
9619
9620
9621
9622
9623
9624
9625
9626
9627
9628
9629
9630
9631
9632
9633
9634
9635
9636
9637
9638
9639
9640
9641
9642
9643
9644
9645
9646
9647
9648
9661
9650
9655
9656
9658
9657
9653
9651
9659
9654
9652
9662
9660
9691
9690
9677
9678
9679
9680
9681
9682
9683
9684
9685
9686
9687
9688
9689
9663
9664
9665
9666
9667
9668
9669
9670
9671
9672
9673
9674
9675
9676
9732
9719
9725
9726
9728
9727
9722
9720
9730
9723
9721
9733
9731
9729
9724
9706
9707
9708
9709
9710
9711
9712
9713
9714
9715
9716
9717
9718
9692
9693
9694
9695
9696
9697
9698
9699
9700
9701
9702
9703
9704
9705
9918
9919
9920
9921
9922
9923
9924
9925
9926
9927
9928
9929
9930
9931
9932
9933
9934
9935
9936
9937
9938
9939
9958
9941
9942
9943
9944
9945
9946
9947
9948
9949
9950
9951
9952
9953
9954
9955
9956
9957
9976
9978
9977
9959
9960
9961
9962
9963
9964
9965
9966
9967
9968
9969
9970
9971
9972
9973
9974
9975
10039
10040
10041
10042
10043
10044
10045
10046
10047
10048
10049
10050
10051
10052
10053
10054
10055
10056
10057
10058
10059
10060
10061
10062
10063
10064
10065
10066
10067
10068
10069
10070
10071
10072
10073
10074
10075
10076
10077
10078
10079
10080
10081
10082
10083
10084
10085
10086
10087
10088
10089
10090
10091
10092
10093
10094
10095
10096
10097
10098
10099
10100
10101
10102
10103
10104
10135
10136
10137
10105
10106
10107
10108
10109
10110
10111
10112
10113
10114
10115
10116
10117
10118
10119
10120
10121
10122
10123
10124
10125
10126
10127
10128
10129
10130
10131
10132
10133
10134
10378
10379
10380
10381
10382
10383
10384
10385
10394
10395
10396
10397
10398
10399
10400
10401
10402
10403
10404
10405
10406
10407
10408
10409
10410
10421
10422
10423
10424
10425
10426
10427
10428
10429
10430
10431
10432
10433
10434
10435
10436
10437
10438
10439
10440
10441
10442
10443
10444
10445
10446
10447
10448
10449
10450
10451
10452
10456
10457
10458
10459
10460
10461
10462
10463
10464
10465
10510
10511
10512
10513
10514
10515
10516
10517
10565
10553
10554
10555
10556
10557
10558
10559
10560
10561
10562
10563
10566
10568
10518
10519
10520
10521
10522
10523
10524
10525
10526
10527
10528
10529
10530
10531
10532
10533
10534
10535
10536
10537
10538
10539
10540
10541
10542
10543
10544
10545
10546
10547
10548
10549
10550
10551
10552
10564
10567
10578
10584
10571
10572
10573
10574
10575
10576
10577
10579
10580
10581
10582
10583
10585
10586
10587
10588
10589
10590
10591
10592
10569
10570
10699
10676
10679
10680
10681
10682
10683
10686
10687
10689
10692
10696
10705
10711
10640
10641
10642
10643
10644
10645
10646
10647
10648
10649
10650
10651
10652
10653
10654
10655
10656
10657
10658
10659
10660
10661
10662
10663
10664
10665
10666
10667
10668
10669
10670
10671
10672
10673
10674
10697
10708
10694
10703
10678
10684
10685
10688
10690
10691
10693
10695
10698
10700
10701
10702
10704
10706
10707
10709
10710
10712
10713
10714
10675
10677
10724
10725
10726
10727
10728
10729
10732
10730
10731
10735
10734
10733
10772
10768
10770
10773
10771
10769
10848
10849
10850
10851
10868
10869
10870
10871
10873
10874
10875
10876
10877
10878
10879
10880
10881
10882
10886
10887
10888
10889
10890
10891
10892
10893
10894
10895
10896
10897
10898
10899
10900
10901
10902
10903
10904
10905
10906
10907
10908
10909
10910
10911
10912
10913
10914
10915
10916
10917
10918
10919
10920
10921
10922
10923
10924
10925
10926
10927
10928
10929
10930
10931
10932
10933
10934
10935
10936
10937
10938
10939
10940
10941
10942
10943
10944
10945
10946
10947
10948
10949
10950
10951
10952
10953
10954
10955
10956
10957
10958
10959
10960
10961
10962
10963
10964
10965
10966
10967
10968
10969
10970
10971
10972
10973
10974
10975
10976
10977
10978
10986
10981
10985
10982
10979
10980
10983
10984
11080
11081
11082
11083
11084
11085
10987
10988
10989
10990
10991
11021
11022
11023
11024
11025
11026
10992
10993
10994
10995
10996
10997
10998
10999
11000
11001
11002
11003
11004
11005
11006
11007
11008
11009
11010
11011
11012
11013
11014
11015
11016
11017
11018
11019
11020
11027
11028
11029
11030
11031
11032
11033
11034
11035
11036
11037
11038
11039
11040
11041
11042
11043
11044
11045
11046
11047
11048
11049
11050
11051
11052
11053
11054
11055
11056
11057
11058
11059
11060
11061
11062
11063
11064
11065
11066
11067
11068
11069
11070
11071
11072
11073
11074
11075
11076
11077
11078
11079
11192
11181
11191
11182
11179
11180
11183
11184
11185
11186
11187
11188
11189
11190
11086
11087
11088
11089
11090
11120
11121
11122
11123
11124
11125
11091
11092
11093
11094
11095
11096
11097
11098
11099
11100
11101
11102
11103
11104
11105
11106
11107
11108
11109
11110
11111
11112
11113
11114
11115
11116
11117
11118
11119
11126
11127
11128
11129
11130
11131
11132
11133
11134
11135
11136
11137
11138
11139
11140
11141
11142
11143
11144
11145
11146
11147
11148
11149
11150
11151
11152
11153
11154
11155
11156
11157
11158
11159
11160
11161
11162
11163
11164
11165
11166
11167
11168
11169
11170
11171
11172
11173
11174
11175
11176
11177
11178
11243
11244
11245
11246
11247
11248
11249
11250
11251
11254
11253
11252
11255
11260
11259
11256
11257
11258
11267
11265
11264
11268
11269
11266
11261
11262
11263
11705
11706
11707
11708
11709
11710
11711
11712
11716
11713
11714
11715
11720
11721
11723
11724
11725
11726
11727
11728
11729
11730
11731
11732
11733
11734
11735
11736
11737
11738
11739
11740
11741
11742
11743
11744
11745
11746
11747
11748
11749
11750
11751
11752
11753
11754
11769
11770
11771
11755
11756
11757
11758
11759
11760
11761
11762
11763
11764
11765
11766
11767
11768
12058
12060
12061
12062
12063
12064
12065
12066
12067
12443
12444
12445
12446
12447
12448
12449
12450
12451
12461
12462
12463
12464
12465
12466
12467
12468
12469
12470
12471
12472
12473
12474
12475
12476
12477
12480
12481
12478
12479
12502
12497
12499
12503
12498
12500
12501
12496
12483
12484
12485
12486
12487
12488
12489
12490
12491
12492
12493
12494
12495
12482
12523
12528
12518
12521
12527
12520
12524
12529
12522
12525
12526
12519
12505
12506
12507
12508
12509
12510
12511
12512
12513
12514
12515
12516
12517
12504
14105
14106
14107
14109
14108
14110
14113
14111
14112
14126
14127
14128
14129
14130
14131
14132
14133
14134
14139
14140
14141
14142
14143
14144
14145
14146
14147
14148
14149
14150
14151
14152
14153
14154
14155
14172
14173
14170
14171
14167
14168
14169
14158
14159
14160
14161
14162
14163
14164
14165
14166
14156
14157
14190
14191
14193
14195
14192
14194
14188
14189
14185
14186
14187
14176
14177
14178
14179
14180
14181
14182
14183
14184
14174
14175
14219
14224
14225
14226
14227
14228
14229
14230
14231
14232
14237
14236
14233
14238
14235
14234
14240
14239
14249
14250
14257
14256
14253
14258
14255
14254
14260
14259
14251
14252
14627
14628
14663
14664
14665
14666
14667
14668
14669
14670
14671
14676
14672
14675
14674
14673
14677
14678
14679
14680
14689
14685
14688
14687
14686
14681
14682
14683
14684
14708
14709
14710
14711
14838
14851
14853
14852
15056
15057
15058
15059
15060
15061
15062
15063
15067
15064
15065
15066
15071
15072
15073
15068
15069
15070
15115
15143
15144
15145
15146
15147
15148
15149
15150
15151
15152
15153
15154
15155
15156
15157
15158
15159
15160
15161
15162
15163
15164
15165
15166
15167
15168
15169
15170
15171
15172
15173
15174
15175
15176
15177
15178
15179
15180
15181
15182
15183
15184
15185
15186
15187
15188
15189
15190
15191
15235
15236
15234
15237
15218
15219
15220
15221
15222
15223
15224
15225
15226
15227
15228
15229
15230
15231
15232
15233
15192
15193
15194
15195
15196
15197
15198
15199
15200
15201
15202
15203
15204
15205
15206
15207
15208
15209
15210
15211
15212
15213
15214
15215
15216
15217
15284
15285
15282
15283
15281
15286
15265
15266
15267
15268
15269
15270
15271
15272
15273
15274
15275
15276
15277
15278
15279
15280
15239
15240
15241
15242
15243
15244
15245
15246
15247
15248
15249
15250
15251
15252
15253
15254
15255
15256
15257
15258
15259
15260
15261
15262
15263
15264
15725
15726
15727
15728
15736
15737
15788
15789
15790
15791
15792
15793
15794
15795
15796
15797
15798
15799
15800
15801
15802
15803
15804
15805
15806
15807
15816
15817
15808
15809
15810
15811
15812
15813
15814
15815
15872
15873
15874
15875
15876
15877
15923
15924
15925
15926
15931
15927
15928
15929
15930
16389
16390
16391
16392
16393
16394
16395
16396
16397
16398
16399
16400
16401
16402
16403
16404
16405
16406
16407
16408
16409
16410
16411
16412
16413
16414
16415
16416
16417
16418
16419
16420
16421
16422
16423
16424
16425
16426
16427
16428
16429
16430
16431
16432
16433
16434
16435
16436
16437
16438
16439
16440
16441
16442
16443
16444
16445
16446
16447
16448
16449
16450
16451
16452
16453
16454
16462
16457
16458
16459
16460
16461
16522
16463
16464
16465
16466
16467
16468
16469
16470
16471
16472
16473
16474
16475
16476
16477
16478
16479
16480
16481
16482
16483
16484
16485
16486
16487
16488
16489
16490
16491
16492
16493
16494
16495
16496
16497
16498
16499
16500
16501
16502
16503
16504
16505
16506
16507
16508
16509
16510
16511
16512
16513
16514
16515
16516
16517
16518
16519
16520
16521
16588
16582
16583
16584
16585
16586
16587
16523
16524
16525
16526
16527
16528
16529
16530
16531
16532
16533
16534
16535
16536
16537
16538
16539
16540
16541
16542
16543
16544
16545
16546
16547
16548
16549
16550
16551
16552
16553
16554
16555
16556
16557
16558
16559
16560
16561
16562
16563
16564
16565
16566
16567
16568
16569
16570
16571
16572
16573
16574
16575
16576
16577
16578
16579
16580
16581
18275
18276
18277
18289
18290
18291
18292
18293
18294
18295
18296
18297
18298
18299
18300
18301
18302
18303
18304
18306
18307
18308
18309
18310
18305
18311
18312
18313
18314
18315
18316
18317
18318
18319
18320
18321
18322
18323
18338
18339
18340
18341
18342
18324
18325
18326
18327
18328
18329
18330
18331
18332
18333
18334
18335
18336
18337
18379
18380
18415
18416
18417
18418
18419
18422
18420
18421
18425
18423
18426
18424
18432
18427
18430
18431
18428
18433
18429
18693
18694
18695
18696
18697
18698
18699
18700
18701
18702
18706
18707
18703
18704
18705
18712
18708
18709
18710
18711
18738
18739
18734
18735
18737
18736
18730
18731
18732
18733
18832
18833
18834
18852
18853
18854
18855
18856
18857
18858
18859
18860
18861
18862
18863
18865
18867
18866
18864
18868
18869
18870
18871
18872
18873
18874
18875
18876
18877
18878
18891
18893
18892
18890
18879
18880
18881
18882
18883
18884
18885
18886
18887
18888
18889
19697
19698
19699
19700
19701
19702
19703
19704
19705
19722
19723
19724
19725
19726
19727
19728
19729
19730
19731
19732
19787
19788
19789
19790
19791
19792
19793
19794
19795
19796
19797
19798
19799
19800
19801
19802
19803
19804
19805
19806
19807
19808
19809
19810
19811
19812
19813
19814
19815
19816
19817
19818
19819
19820
19821
19822
19823
19824
19825
19826
19827
19828
19829
19830
19831
19832
19833
19834
19835
19836
19837
19838
19839
19840
19841
19842
19843
19844
19845
19846
19847
19850
19854
19862
19855
19849
19856
19860
19851
19848
19857
19853
19859
19852
19861
19858
19928
19883
19863
19876
19877
19864
19865
19866
19867
19868
19869
19870
19871
19872
19873
19874
19875
19878
19879
19880
19881
19882
19884
19885
19886
19887
19888
19889
19890
19891
19892
19893
19894
19895
19896
19897
19898
19899
19900
19901
19902
19903
19904
19905
19906
19907
19908
19909
19910
19911
19912
19913
19914
19915
19916
19917
19918
19919
19920
19921
19922
19923
19924
19925
19926
19927
19997
20001
20009
20002
19996
20003
20007
19998
19995
20004
20000
20006
19999
20008
20005
19994
19949
19929
19942
19943
19930
19931
19932
19933
19934
19935
19936
19937
19938
19939
19940
19941
19944
19945
19946
19947
19948
19950
19951
19952
19953
19954
19955
19956
19957
19958
19959
19960
19961
19962
19963
19964
19965
19966
19967
19968
19969
19970
19971
19972
19973
19974
19975
19976
19977
19978
19979
19980
19981
19982
19983
19984
19985
19986
19987
19988
19989
19990
19991
19992
19993
20106
20107
20108
20109
20180
20181
20182
20183
20184
20185
20186
20187
20188
20189
20190
20191
20192
20193
20194
20195
20196
20197
20198
20199
20200
20201
20202
20203
20204
20205
20206
20207
20208
20209
20212
20210
20211
20243
20213
20214
20215
20216
20217
20218
20219
20220
20221
20222
20223
20224
20225
20226
20227
20228
20229
20230
20231
20232
20233
20234
20235
20236
20237
20238
20239
20240
20241
20242
20277
20274
20275
20276
20244
20245
20246
20247
20248
20249
20250
20251
20252
20253
20254
20255
20256
20257
20258
20259
20260
20261
20262
20263
20264
20265
20266
20267
20268
20269
20270
20271
20272
20273
20380
20381
20382
20383
20384
20400
20401
20402
20403
20404
20405
20406
20407
20408
20409
20411
20412
20413
20414
20415
20416
20417
20418
20419
20420
20421
20422
20423
20424
20425
20426
20427
20428
20429
20430
20431
20432
20433
20434
20435
20436
20437
20438
20439
20440
20441
20442
20443
20444
20445
20446
20447
20448
20449
20450
20451
20452
20453
20454
20455
20456
20457
20458
20459
20460
20461
20462
20463
20464
20465
20466
20467
20468
20469
20470
20471
20472
20473
20474
20475
20476
20477
20478
20479
20480
20481
20482
20483
20484
20485
20487
20488
20486
20571
20575
20565
20563
20574
20573
20572
20568
20570
20567
20569
20566
20564
20524
20525
20526
20527
20528
20529
20530
20531
20532
20533
20534
20535
20536
20537
20538
20539
20540
20541
20542
20543
20544
20545
20546
20489
20490
20491
20492
20493
20494
20495
20496
20497
20498
20499
20500
20501
20519
20520
20521
20522
20523
20547
20548
20549
20550
20551
20552
20553
20554
20555
20556
20557
20558
20559
20560
20561
20562
20506
20507
20508
20509
20510
20511
20512
20513
20514
20515
20516
20517
20518
20502
20503
20504
20505
20663
20664
20654
20660
20666
20653
20651
20665
20662
20661
20657
20659
20656
20658
20655
20652
20612
20613
20614
20615
20616
20617
20618
20619
20620
20621
20622
20623
20624
20625
20626
20627
20628
20629
20630
20631
20632
20633
20634
20577
20578
20579
20580
20581
20582
20583
20584
20585
20586
20587
20588
20589
20607
20608
20609
20610
20611
20635
20636
20637
20638
20639
20640
20641
20642
20643
20644
20645
20646
20647
20648
20649
20650
20594
20595
20596
20597
20598
20599
20600
20601
20602
20603
20604
20605
20606
20590
20591
20592
20593
21148
21149
21150
21151
21168
21169
21170
21171
21172
21173
21174
21175
21176
21177
21178
21179
21180
21181
21182
21183
21184
21185
21186
21187
21188
21189
21190
21191
21192
21193
21194
21195
21196
21197
21198
21199
21200
21201
21202
21203
21204
21205
21206
21207
21208
21210
21211
21212
21213
21214
21215
21216
21217
21218
21219
21220
21221
21222
21273
21272
21275
21271
21274
21276
21270
21255
21256
21257
21258
21259
21260
21261
21262
21263
21264
21265
21266
21267
21223
21224
21225
21226
21227
21228
21229
21230
21231
21232
21233
21234
21235
21236
21237
21238
21239
21240
21241
21242
21243
21244
21245
21268
21269
21246
21247
21248
21249
21250
21251
21252
21253
21254
21328
21330
21327
21326
21331
21325
21329
21332
21324
21309
21310
21311
21312
21313
21314
21315
21316
21317
21318
21319
21320
21321
21277
21278
21279
21280
21281
21282
21283
21284
21285
21286
21287
21288
21289
21290
21291
21292
21293
21294
21295
21296
21297
21298
21299
21322
21323
21300
21301
21302
21303
21304
21305
21306
21307
21308
21352
21353
21354
21355
21356
21357
21358
21359
21360
21361
21362
21363
21364
21365
21366
21381
21367
21368
21369
21370
21371
21372
21373
21374
21375
21376
21377
21378
21379
21380
21617
21618
21619
21620
21621
21622
21623
21624
21625
21626
21627
21628
22110
22111
22112
22113
22114
22115
22117
22118
22119
22120
22121
22122
22123
22124
22125
22126
22127
22128
22129
22130
22131
22132
22133
22134
22135
22136
22137
22138
22139
22140
22141
22142
22143
22144
22145
22146
22147
22148
22149
22150
22151
22152
22153
22154
22155
22156
22157
22158
22159
22160
22161
22162
22163
22164
22165
22166
22167
22168
22169
22170
22171
22172
22173
22174
22175
22176
22177
22178
22179
22180
22185
22187
22192
22194
22195
22199
22188
22183
22190
22198
22182
22186
22191
22197
22193
22184
22196
22189
22249
22251
22248
22250
22219
22220
22221
22222
22223
22224
22225
22226
22227
22228
22229
22230
22231
22232
22233
22234
22235
22236
22237
22238
22239
22240
22241
22242
22200
22201
22202
22203
22204
22205
22206
22243
22244
22245
22246
22247
22207
22208
22209
22210
22211
22212
22213
22214
22215
22216
22217
22218
22304
22307
22313
22316
22317
22321
22309
22301
22311
22320
22300
22305
22312
22319
22314
22303
22318
22310
22306
22315
22302
22308
22271
22272
22273
22274
22275
22276
22277
22278
22279
22280
22281
22282
22283
22284
22285
22286
22287
22288
22289
22290
22291
22292
22293
22294
22252
22253
22254
22255
22256
22257
22258
22295
22296
22297
22298
22299
22259
22260
22261
22262
22263
22264
22265
22266
22267
22268
22269
22270
22805
22806
22807
22808
22809
22810
22814
22813
22812
22816
22815
22817
22823
22822
22820
22819
22818
22821
22846
22847
22848
22849
22850
22851
22852
22853
22854
22855
22856
22857
22858
22859
22860
22861
22862
22863
22864
22865
22866
22867
22868
22869
22870
22871
22872
22874
22875
22876
22877
22878
22879
22895
22894
22896
22880
22881
22882
22883
22884
22885
22886
22887
22888
22889
22890
22891
22892
22893
22903
22904
22905
22906
22907
22908
22909
22910
22911
22912
22897
22898
22899
22900
22901
22902
22944
22943
22945
22929
22930
22931
22932
22933
22934
22935
22936
22937
22938
22939
22940
22941
22942
22919
22920
22921
22922
22923
22924
22925
22926
22927
22928
22913
22914
22915
22916
22917
22918
23286
23287
23288
23289
23303
23304
23305
23306
23309
23310
23307
23308
23658
23659
23664
23665
23666
23667
23669
23670
23671
23668
23672
23673
23677
23678
23679
23674
23675
23676
23693
23694
23749
23750
23751
23752
23753
23754
23755
23757
23758
23759
23756
23762
23760
23761
23766
23768
23769
23770
23767
23765
23763
23764
23857
23858
23859
23860
23861
23862
23863
23865
23864
23866
23867
23868
23870
23874
23873
23869
23871
23872
24790
24791
24792
24793
24794
24795
24796
24798
24797
24799
24803
24800
24801
24802
24809
24808
24810
24807
24804
24805
24806
24991
24992
24994
24995
24996
24997
24998
24999
25000
25001
25002
25003
25004
25005
25006
25007
25008
25009
25010
25011
25012
25013
25014
25015
25016
25017
25018
25019
25020
25022
25023
25024
25025
25026
25027
25028
25029
25030
25031
25032
25033
25034
25035
25036
25037
25038
25039
25040
25041
25042
25043
25044
25045
25046
25047
25048
25049
25053
25054
25051
25050
25055
25052
25056
25106
25105
25057
25058
25059
25060
25061
25062
25063
25064
25065
25066
25067
25068
25069
25070
25071
25072
25073
25074
25075
25076
25077
25078
25079
25080
25081
25082
25083
25084
25085
25086
25087
25088
25089
25090
25091
25092
25093
25094
25095
25096
25097
25098
25099
25100
25101
25102
25103
25104
25159
25160
25157
25155
25161
25158
25162
25163
25156
25107
25108
25109
25110
25111
25112
25113
25114
25115
25116
25117
25118
25119
25120
25121
25122
25123
25124
25125
25126
25127
25128
25129
25130
25131
25132
25133
25134
25135
25136
25137
25138
25139
25140
25141
25142
25143
25144
25145
25146
25147
25148
25149
25150
25151
25152
25153
25154
26110
26111
26112
26113
26114
26115
26116
26117
26118
26119
26120
26121
26122
26123
26124
26125
26126
26127
26128
26129
26131
26132
26133
26134
26135
26136
26137
26138
26160
26159
26153
26154
26155
26156
26157
26158
26139
26140
26141
26142
26143
26144
26145
26146
26147
26148
26149
26150
26151
26152
26182
26183
26185
26184
26181
26175
26176
26177
26178
26179
26180
26161
26162
26163
26164
26165
26166
26167
26168
26169
26170
26171
26172
26173
26174
26631
26632
26633
26634
26635
26636
26639
26638
26637
26643
26644
26648
26647
26646
26645
26653
26654
26655
26656
26657
26658
26659
26660
26661
26662
26663
26664
26665
26666
26667
26668
26669
26670
26671
26672
26673
26674
26675
26676
26677
26678
26679
26680
26695
26694
26681
26682
26683
26684
26685
26686
26687
26688
26689
26690
26691
26692
26693
26696
26697
26698
26699
26700
26701
26702
26703
26704
26705
26706
26707
26708
26736
26735
26709
26710
26711
26712
26713
26714
26715
26716
26717
26718
26719
26720
26721
26722
26723
26724
26725
26726
26727
26728
26729
26730
26731
26732
26733
26734
26983
26984
26985
26986
27132
27133
27134
27135
27136
27137
27138
27139
27140
27141
27142
27143
27144
27145
27146
27147
27148
27149
27150
27151
27152
27153
27154
27155
27156
27157
27158
27159
27161
27162
27163
27164
27165
27166
27167
27168
27169
27170
27171
27172
27173
27174
27175
27176
27177
27178
27179
27180
27181
27182
27183
27184
27185
27186
27187
27188
27189
27190
27191
27192
27193
27194
27195
27196
27197
27198
27199
27200
27201
27202
27203
27204
27205
27206
27207
27208
27209
27210
27211
27215
27220
27222
27216
27214
27223
27221
27219
27217
27212
27218
27213
27262
27263
27264
27265
27266
27267
27268
27269
27270
27271
27272
27273
27274
27275
27246
27247
27248
27249
27250
27251
27280
27281
27282
27283
27284
27285
27286
27287
27288
27289
27290
27291
27292
27293
27294
27276
27277
27278
27279
27252
27253
27254
27255
27256
27257
27258
27259
27260
27261
27224
27225
27226
27227
27228
27229
27230
27231
27232
27233
27234
27235
27236
27237
27238
27239
27240
27241
27242
27243
27244
27245
27369
27374
27376
27370
27368
27377
27375
27373
27371
27366
27372
27367
27333
27334
27335
27336
27337
27338
27339
27340
27341
27342
27343
27344
27345
27346
27317
27318
27319
27320
27321
27322
27351
27352
27353
27354
27355
27356
27357
27358
27359
27360
27361
27362
27363
27364
27365
27347
27348
27349
27350
27323
27324
27325
27326
27327
27328
27329
27330
27331
27332
27295
27296
27297
27298
27299
27300
27301
27302
27303
27304
27305
27306
27307
27308
27309
27310
27311
27312
27313
27314
27315
27316
27392
27423
27424
27425
27426
27427
27428
27429
27430
27431
27432
27433
27434
27435
27436
27437
27438
27439
27440
27441
27443
27442
27461
27444
27445
27446
27447
27448
27449
27450
27451
27452
27453
27454
27455
27456
27457
27458
27459
27460
27481
27479
27480
27462
27463
27464
27465
27466
27467
27468
27469
27470
27471
27472
27473
27474
27475
27476
27477
27478
27807
27808
27809
27810
27824
27825
27826
27827
27828
27829
27830
27831
27832
27833
27834
27835
27836
27837
27838
27839
27840
27841
27842
27843
27844
27845
27846
27847
27848
27849
27850
27851
27852
27853
27854
27855
27856
27857
27858
27859
27860
27861
27862
27863
27864
27865
27866
27867
27897
27898
27899
27900
27901
27868
27869
27870
27871
27872
27873
27874
27875
27876
27877
27878
27879
27880
27881
27882
27883
27884
27885
27886
27887
27888
27889
27890
27891
27892
27893
27894
27895
27896
27902
27903
27904
27905
27906
27907
27908
27909
27910
27911
27912
27913
27914
27915
27959
27960
27961
27962
27963
27916
27917
27918
27919
27920
27921
27922
27923
27924
27925
27926
27927
27928
27929
27930
27931
27932
27933
27934
27935
27936
27937
27938
27939
27940
27941
27942
27943
27944
27945
27946
27947
27948
27949
27950
27951
27952
27953
27954
27955
27956
27957
27958
28014
28015
28045
28046
28047
28048
28049
28050
28051
28052
28053
28054
28055
28056
28057
28080
28081
28082
28083
28302
28303
28304
28306
28305
28307
28310
28309
28308
28654
28655
28656
28657
28658
28659
28660
28661
28662
28663
28664
28665
28666
28667
28870
28871
28872
28873
28874
28875
28876
28877
28878
28879
28880
28881
28882
28883
28884
28885
28886
28887
28888
28889
28890
28891
28892
28893
28894
28895
28896
28927
28926
28897
28898
28899
28900
28901
28902
28903
28904
28905
28906
28907
28908
28909
28910
28911
28912
28913
28914
28915
28916
28917
28918
28919
28920
28921
28922
28923
28924
28925
28932
28933
28934
28935
28936
28937
28928
28929
28930
28931
28978
28977
28938
28939
28940
28941
28942
28943
28944
28945
28946
28947
28948
28949
28960
28961
28962
28963
28964
28965
28966
28967
28968
28969
28970
28971
28972
28973
28974
28975
28976
28954
28955
28956
28957
28958
28959
28950
28951
28952
28953
29007
29008
29009
29010
29011
29012
29013
29014
29015
29016
29017
29018
29019
29020
29021
29022
29038
29023
29024
29025
29026
29027
29028
29029
29030
29031
29032
29033
29034
29035
29036
29037
29397
29398
29399
29400
29401
29402
29403
29404
29405
29406
29407
29408
29416
29418
29417
29409
29410
29411
29412
29413
29414
29415
29427
29426
29429
29428
29419
29420
29421
29422
29423
29424
29425
29657
29658
29659
29660
29661
29662
29663
29664
29665
29666
29667
29668
29669
29670
29671
29672
29673
29674
29675
29676
29677
29678
29679
29680
29681
29682
29683
29684
29685
29686
29687
29688
29689
29690
29691
29692
29693
29694
29695
29696
29697
29698
29699
29700
29720
29721
29718
29719
29701
29702
29703
29704
29705
29706
29707
29708
29709
29710
29711
29712
29713
29714
29715
29716
29717
29722
29723
29724
29725
29726
29727
29728
29729
29730
29731
29732
29733
29734
29735
29736
29737
29738
29739
29740
29741
29742
29743
29744
29788
29789
29786
29787
29746
29747
29748
29749
29750
29751
29752
29753
29754
29755
29756
29757
29758
29759
29760
29761
29762
29763
29764
29765
29766
29767
29768
29769
29770
29771
29772
29773
29774
29775
29776
29777
29778
29779
29780
29781
29782
29783
29784
29785
29792
29793
29794
29795
29796
29797
29798
29799
29800
29801
29802
29803
29804
29805
29806
29807
29808
29809
29810
29811
29812
29813
29814
29815
29816
29817
29818
29819
29820
29821
29822
29823
29824
29825
29826
29827
29828
29829
29830
29831
29832
29833
29834
29835
29836
29837
29838
29839
29840
29841
29842
29843
29844
29845
29846
29847
29848
29849
29850
29851
29852
29853
29854
29855
29856
29857
29858
29859
29860
29861
29862
29863
29864
29865
29866
29928
29927
29929
29930
29867
29868
29869
29870
29871
29872
29873
29874
29875
29876
29877
29878
29879
29880
29881
29882
29883
29884
29885
29886
29887
29888
29889
29890
29891
29892
29893
29894
29895
29896
29897
29898
29899
29900
29901
29902
29903
29904
29905
29906
29907
29908
29909
29910
29911
29912
29913
29914
29915
29916
29917
29918
29919
29920
29921
29922
29923
29924
29925
29926
29932
29933
29934
29935
29936
29937
29938
29939
29940
29941
29942
30015
30014
30016
30017
29943
29944
29945
29946
29947
29948
29949
29950
29951
29952
29953
29954
29955
29956
29957
29958
29959
29960
29961
29962
29963
29964
29965
29966
29967
29968
29969
29970
29971
29972
29973
29974
29975
29976
29977
29978
29979
29980
29981
29982
29983
29984
29985
29986
29987
29988
29989
29990
29991
29992
29993
29994
29995
29996
29997
29998
29999
30000
30001
30002
30003
30004
30005
30006
30007
30008
30009
30010
30011
30012
30013
30050
30051
30052
30053
30054
30055
30056
30057
30058
30059
30060
30061
30062
30063
30064
30065
30066
30067
30068
30069
30070
30071
30072
30073
30074
30075
30076
30077
30078
30079
30080
30081
30082
30083
30084
30085
30086
30087
30088
30089
30090
30091
30110
30111
30112
30113
30093
30094
30095
30096
30097
30098
30099
30100
30101
30102
30103
30104
30105
30106
30107
30108
30109
30581
30582
30583
30584
30585
30603
30604
30605
30606
30649
30650
30651
30652
30653
30654
30655
30656
30657
30658
30659
30660
30661
30662
30663
30664
30665
30666
30667
30668
30669
30670
30671
30672
30673
30674
30675
30676
30677
30678
30679
30680
30681
30682
30683
30684
30685
30686
30687
30688
30689
30690
30691
30692
30693
30694
30695
30696
30697
30698
30699
30700
30701
30702
30703
30704
30705
30706
30707
30708
30709
30710
30711
30712
30713
30714
30715
30716
30717
30718
30719
30720
30721
30722
30723
30724
30725
30726
30727
30730
30731
30732
30808
30733
30734
30735
30736
30737
30738
30739
30740
30741
30742
30743
30744
30745
30746
30747
30748
30749
30750
30751
30752
30753
30754
30755
30756
30757
30758
30759
30760
30761
30762
30763
30764
30765
30766
30767
30768
30769
30770
30771
30772
30773
30774
30775
30776
30777
30778
30779
30780
30781
30782
30783
30784
30785
30786
30787
30788
30789
30790
30791
30792
30793
30794
30795
30796
30797
30798
30799
30800
30801
30802
30803
30804
30805
30806
30807
30884
30885
30886
30887
30809
30810
30811
30812
30813
30814
30815
30816
30817
30818
30819
30820
30821
30822
30823
30824
30825
30826
30827
30828
30829
30830
30831
30832
30833
30834
30835
30836
30837
30838
30839
30840
30841
30842
30843
30844
30845
30846
30847
30848
30849
30850
30851
30852
30853
30854
30855
30856
30857
30858
30859
30860
30861
30862
30863
30864
30865
30866
30867
30868
30869
30870
30871
30872
30873
30874
30875
30876
30877
30878
30879
30880
30881
30882
30883
31114
31115
31116
31117
31118
31146
31144
31145
31148
31147
31151
31149
31150
31153
31152
31236
31237
31238
31239
31240
31241
31242
31243
31244
31246
31247
31248
31249
31258
31260
31257
31259
31261
31250
31251
31252
31253
31254
31255
31256
31262
31272
31274
31271
31273
31275
31264
31265
31266
31267
31268
31269
31270
31263
31279
31280
31281
31282
31289
31290
31291
31292
31294
31296
31293
31295
31297
31298
31299
31300
31306
31308
31305
31307
31301
31302
31303
31304
31644
31645
31646
31647
31648
31649
31650
31665
31666
31667
31668
31669
31670
31671
31672
31673
31674
31678
31676
31677
31675
31690
31689
31691
31679
31680
31681
31682
31683
31684
31685
31686
31687
31688
31707
31703
31706
31702
31705
31704
31708
31692
31693
31694
31695
31696
31697
31698
31699
31700
31701
31923
31924
31926
31927
31928
31929
31930
31931
31932
31933
31934
31935
31936
31937
31938
31939
31940
31941
31942
31943
31944
31945
31954
31955
31951
31952
31953
31946
31947
31948
31949
31950
31956
31957
31958
31959
31960
31961
31962
31963
31964
31965
31966
31967
31988
31989
31973
31974
31975
31968
31969
31970
31971
31972
31976
31977
31978
31979
31980
31981
31982
31983
31984
31985
31986
31987
32003
32004
32006
32007
32008
32009
32011
32012
32010
32490
32491
32492
32493
32494
32495
32496
32497
32498
32499
32516
32517
32518
32519
32520
32521
32522
32523
32524
32525
32526
32527
32528
32529
32530
32531
32532
32533
32534
32535
32536
32537
32538
32539
32540
32541
32542
32543
32544
32545
32546
32547
32548
32549
32550
32551
32552
32553
32554
32555
32556
32557
32558
32559
32560
32561
32562
32563
32564
32566
32567
32568
32569
32570
32571
32572
32573
32574
32575
32576
32577
32578
32579
32616
32615
32612
32619
32614
32621
32620
32618
32617
32613
32611
32610
32580
32581
32582
32583
32584
32585
32586
32587
32588
32589
32590
32591
32592
32593
32594
32595
32596
32597
32598
32599
32600
32601
32602
32603
32604
32605
32606
32607
32608
32609
32651
32652
32622
32625
32626
32641
32642
32623
32624
32643
32644
32645
32646
32647
32648
32649
32650
32627
32628
32629
32630
32631
32632
32633
32634
32635
32636
32637
32638
32639
32640
32720
32719
32716
32723
32718
32725
32724
32722
32721
32717
32715
32714
32653
32654
32655
32656
32657
32658
32659
32660
32661
32662
32663
32664
32670
32671
32672
32673
32674
32675
32676
32677
32678
32679
32680
32681
32682
32683
32684
32685
32686
32687
32712
32713
32665
32668
32669
32702
32703
32666
32667
32704
32705
32706
32707
32708
32709
32710
32711
32688
32689
32690
32691
32692
32693
32694
32695
32696
32697
32698
32699
32700
32701
32939
32940
32941
32942
32943
32944
32945
32946
32947
32948
32949
32950
32951
32952
32953
32954
32955
32956
32957
32958
32959
32960
32961
32962
32963
32964
32965
32966
32967
32968
32969
32970
32971
32972
32973
32974
32975
32976
32977
32978
32979
33005
33004
32980
32981
32982
32983
32984
32985
32986
32987
32988
32989
32990
32991
32992
32993
32994
32995
32996
32997
32998
32999
33000
33001
33002
33003
33006
33007
33008
33009
33010
33011
33012
33013
33014
33015
33016
33017
33018
33019
33020
33062
33061
33022
33023
33024
33025
33026
33027
33028
33029
33030
33031
33032
33033
33034
33035
33036
33037
33038
33039
33040
33041
33042
33043
33044
33045
33046
33047
33048
33049
33050
33051
33052
33053
33054
33055
33056
33057
33058
33059
33060
33155
33156
33157
33158
33159
33160
33161
33162
33163
33164
33165
33180
33181
33182
33183
33184
33185
33186
33187
33189
33191
33190
33188
33203
33204
33205
33206
33192
33193
33194
33195
33196
33197
33198
33199
33200
33201
33202
33223
33225
33224
33222
33218
33219
33220
33221
33207
33208
33209
33210
33211
33212
33213
33214
33215
33216
33217
33327
33328
33329
33330
33331
33332
33333
33334
33335
33336
33337
33338
33339
33340
33341
33342
33343
33344
33345
33346
33347
33348
33349
33350
33351
33352
33353
33354
33355
33356
33357
33358
33359
33377
33378
33360
33361
33362
33363
33364
33365
33366
33367
33368
33369
33370
33371
33372
33373
33374
33375
33376
33379
33380
33381
33382
33383
33384
33385
33386
33387
33388
33389
33390
33391
33392
33424
33425
33393
33394
33395
33396
33397
33398
33399
33400
33401
33402
33403
33404
33405
33406
33407
33408
33409
33410
33411
33412
33413
33414
33415
33416
33417
33418
33419
33420
33421
33422
33423
33650
33673
33674
33675
33676
33677
33678
33679
33680
33681
33682
33683
33684
33685
33686
33687
33688
33689
33690
33691
33692
33693
33694
33695
33696
33697
33698
33699
33700
33701
33702
33703
33704
33705
33706
33707
33708
33709
33710
33711
33712
33713
33714
33715
33716
33717
33718
33719
33720
33721
33722
33723
33724
33725
33726
33727
33728
33729
33730
33731
33732
33733
33734
33735
33736
33737
33738
33739
33740
33741
33768
33769
33770
33771
33772
33773
33774
33775
33776
33777
33778
33779
33780
33781
33782
33783
33784
33785
33786
33787
33788
33789
33790
33791
33792
33793
33794
33795
33796
33797
33798
33799
33800
33801
33802
33803
33804
33805
33806
33807
33808
33809
33810
33811
33812
33813
33814
33815
33816
33817
33818
33819
33820
33821
33822
33823
33824
33825
33884
33885
33886
33887
33888
33889
33826
33827
33828
33829
33830
33831
33832
33833
33834
33835
33836
33837
33838
33839
33840
33841
33842
33843
33844
33845
33846
33847
33848
33849
33850
33851
33852
33853
33854
33855
33856
33857
33858
33859
33860
33861
33862
33863
33864
33865
33866
33867
33868
33869
33870
33871
33872
33873
33874
33875
33876
33877
33878
33879
33880
33881
33882
33883
34066
34067
34069
34070
34071
34072
34073
34074
34075
34076
34077
34078
34079
34080
34081
34082
34083
34084
34085
34086
34087
34088
34089
34090
34091
34092
34093
34094
34095
34096
34097
34098
34099
34100
34101
34102
34133
34134
34103
34104
34105
34106
34107
34108
34109
34110
34111
34112
34113
34114
34115
34116
34117
34118
34119
34120
34121
34122
34123
34124
34125
34126
34127
34128
34129
34130
34131
34132
34165
34166
34167
34168
34135
34136
34137
34138
34139
34140
34141
34142
34143
34144
34145
34146
34147
34148
34149
34150
34151
34152
34153
34154
34155
34156
34157
34158
34159
34160
34161
34162
34163
34164
34300
34301
34302
34303
34304
34305
34306
34308
34309
34307
34313
34310
34311
34312
34318
34320
34317
34319
34314
34315
34316
34709
34710
34711
34712
34713
34714
34715
34716
34717
34718
34719
34720
34721
34722
34723
34724
34725
34726
34727
34728
34729
34730
34731
34732
34733
34734
34735
34736
34737
34738
34751
34752
34753
34754
34755
34756
34757
34758
34759
34760
34761
34762
34763
34764
34765
34766
34739
34740
34741
34742
34743
34744
34745
34746
34747
34748
34749
34750
34795
34779
34780
34781
34782
34783
34784
34785
34786
34787
34788
34789
34790
34791
34792
34793
34794
34767
34768
34769
34770
34771
34772
34773
34774
34775
34776
34777
34778
35402
35403
35405
35406
35407
35408
35409
35410
35411
35412
35413
35414
35415
35416
35417
35418
35419
35420
35421
35422
35423
35585
35586
35588
35589
35590
35591
35592
35593
35594
35595
35596
35597
35598
35599
35600
35601
35602
35603
35604
35616
35617
35618
35619
35605
35606
35607
35608
35609
35610
35611
35612
35613
35614
35615
35620
35621
35622
35623
35639
35640
35641
35642
35624
35625
35626
35627
35628
35629
35630
35631
35632
35633
35634
35635
35636
35637
35638
35906
35907
35908
35909
35910
35911
35926
35927
35928
35929
35932
35933
35930
35931
35935
35936
35934
35939
35938
35937
35944
35945
35941
35942
35948
35949
35946
35947
35943
35940
36456
36457
36458
36459
36461
36462
36463
36464
36465
36466
36467
36473
36476
36475
36474
36468
36469
36470
36471
36472
36486
36482
36485
36484
36483
36477
36478
36479
36480
36481
36560
36561
36562
36563
36564
36565
36566
36568
36567
36569
36570
36571
36572
36573
36580
36579
36574
36575
36576
36577
36578
36588
36589
36590
36591
36592
36593
36594
36595
36596
36597
36598
36599
36604
36603
36614
36613
36612
36605
36606
36607
36608
36609
36610
36611
36626
36624
36625
36623
36622
36615
36616
36617
36618
36619
36620
36621
37069
37070
37071
37072
37073
37074
37101
37096
37097
37098
37099
37100
37355
37356
37357
37358
37359
37360
37361
37363
37364
37365
37366
37367
37368
37369
37370
37371
37372
37373
37374
37375
37376
37377
37378
37379
37380
37381
37382
37383
37384
37385
37386
37387
37388
37389
37390
37391
37392
37393
37394
37395
37396
37397
37428
37429
37398
37399
37400
37401
37402
37403
37404
37405
37406
37407
37408
37409
37410
37411
37412
37413
37414
37415
37416
37417
37418
37419
37420
37421
37422
37423
37424
37425
37426
37427
37460
37461
37462
37463
37464
37465
37466
37430
37431
37432
37433
37434
37435
37436
37437
37438
37439
37440
37441
37442
37443
37444
37445
37446
37447
37448
37449
37450
37451
37452
37453
37454
37455
37456
37457
37458
37459
37879
37880
37881
37882
38224
38225
38226
38227
38228
38229
38230
38231
38232
38233
38234
38235
38236
38237
38238
38239
38240
38241
38242
38243
38244
38245
38246
38247
38248
38249
38250
38251
38252
38253
38254
38255
38256
38257
38258
38259
38260
38261
38262
38263
38281
38282
38283
38264
38265
38266
38267
38268
38269
38270
38271
38272
38273
38274
38275
38276
38277
38278
38279
38280
38308
38328
38329
38330
38331
38332
38334
38333
38338
38337
38335
38336
38344
38342
38343
38341
38339
38340
38527
38528
38529
38530
38531
38532
38533
38534
38535
38536
38537
38538
38539
38540
38541
38542
38543
38544
38545
38546
38547
38548
38549
38550
38574
38551
38552
38553
38554
38555
38556
38557
38558
38559
38560
38561
38562
38563
38564
38565
38566
38567
38568
38569
38570
38571
38572
38573
38604
38605
38607
38608
38609
38610
38611
38612
38613
38614
38615
38616
38617
38618
38619
38620
38621
38622
38623
38624
38625
38626
38627
38628
38629
38630
38631
38632
38644
38645
38646
38633
38634
38635
38636
38637
38638
38639
38640
38641
38642
38643
38657
38658
38659
38660
38662
38663
38664
38665
38666
38667
38668
38669
38670
38672
38673
38674
38675
38676
38677
38678
38679
38680
38681
38682
38683
38684
38685
38686
38687
38688
38689
38690
38691
38692
38693
38694
38695
38696
38697
38698
38699
38700
38701
38702
38703
38704
38705
38706
38707
38708
38709
38710
38711
38712
38713
38750
38743
38752
38745
38740
38742
38741
38749
38744
38751
38746
38747
38748
38714
38715
38716
38717
38718
38719
38720
38721
38722
38723
38724
38725
38726
38727
38728
38729
38730
38731
38732
38733
38734
38735
38736
38737
38738
38739
38753
38754
38755
38756
38757
38758
38759
38760
38761
38762
38763
38764
38765
38766
38767
38768
38821
38814
38823
38816
38811
38813
38812
38820
38815
38822
38817
38818
38819
38769
38770
38771
38772
38773
38774
38775
38776
38777
38778
38779
38780
38781
38782
38783
38784
38785
38786
38787
38788
38789
38790
38791
38792
38793
38794
38795
38796
38797
38798
38799
38800
38801
38802
38803
38804
38805
38806
38807
38808
38809
38810
38876
38877
38878
38879
38880
38881
38882
38883
38884
38885
38886
38887
38888
38889
38890
38893
38892
38894
38891
38907
38897
38898
38899
38900
38901
38902
38903
38904
38905
38906
38921
38920
38922
38918
38919
38908
38909
38910
38911
38912
38913
38914
38915
38916
38917
39664
39665
39671
39672
39841
39842
39843
39844
39845
39846
39847
39848
39849
39850
39851
39852
39853
39854
39855
39856
39857
39858
39865
39866
39859
39860
39861
39862
39863
39864
39867
39868
39869
39870
39871
39872
39873
39874
39875
39876
39893
39894
39877
39878
39879
39880
39881
39882
39883
39884
39885
39886
39887
39888
39889
39890
39891
39892
39913
39914
39915
39916
39917
39918
39919
39920
39921
39922
39923
39924
39925
39926
39927
39935
39936
39948
39946
39949
39947
39945
39937
39938
39939
39940
39941
39942
39943
39944
39959
39960
39963
39961
39964
39962
39958
39950
39951
39952
39953
39954
39955
39956
39957
40062
40063
40064
40065
40066
40067
40068
40069
40080
40081
40082
40083
40084
40085
40086
40087
40088
40089
40090
40091
40092
40093
40094
40095
40096
40097
40098
40099
40100
40115
40116
40117
40118
40119
40120
40121
40122
40123
40124
40125
40126
40127
40128
40129
40130
40131
40132
40133
40134
40135
40136
40137
40138
40139
40140
40141
40142
40143
40144
40145
40146
40147
40152
40148
40150
40151
40149
40205
40200
40201
40208
40206
40203
40209
40198
40204
40207
40199
40202
40186
40187
40188
40189
40190
40191
40192
40193
40194
40195
40196
40197
40155
40156
40157
40161
40162
40163
40174
40175
40153
40154
40164
40165
40166
40167
40168
40169
40170
40171
40172
40173
40158
40159
40160
40176
40177
40178
40179
40180
40181
40182
40183
40184
40185
40266
40257
40263
40264
40262
40267
40258
40259
40270
40268
40261
40271
40255
40265
40269
40256
40260
40243
40244
40245
40246
40247
40248
40249
40250
40251
40252
40253
40254
40212
40213
40214
40218
40219
40220
40231
40232
40210
40211
40221
40222
40223
40224
40225
40226
40227
40228
40229
40230
40215
40216
40217
40233
40234
40235
40236
40237
40238
40239
40240
40241
40242
40313
40314
40315
40316
40317
40318
40319
40320
40321
40322
40323
40324
40325
40326
40327
40328
40329
40330
40331
40341
40344
40340
40343
40345
40342
40339
40346
40333
40334
40335
40336
40337
40338
40332
40347
40348
40349
40350
40364
40367
40363
40366
40368
40365
40362
40369
40352
40353
40354
40355
40356
40357
40351
40358
40359
40360
40361
40945
40946
40947
40948
40949
40950
40951
40952
40953
40954
40955
40956
40957
40958
40959
40960
40967
40968
40961
40962
40963
40964
40965
40966
41298
41299
41300
41301
41302
41303
41304
41305
41306
41307
41308
41309
41310
41311
41312
41313
41314
41315
41316
41317
41318
41319
41320
41321
41322
41323
41324
41325
41326
41327
41328
41329
41330
41331
41332
41333
41334
41388
41389
41390
41391
41392
41393
41394
41395
41396
41397
41399
41398
41401
41400
41402
41442
41444
41443
41440
41441
41439
41427
41428
41429
41430
41431
41432
41433
41434
41435
41436
41437
41438
41413
41414
41415
41416
41417
41418
41419
41420
41421
41422
41423
41424
41425
41426
41403
41404
41405
41406
41407
41408
41409
41410
41411
41412
41482
41481
41485
41484
41491
41488
41490
41489
41486
41487
41483
41469
41470
41471
41472
41473
41474
41475
41476
41477
41478
41479
41480
41455
41456
41457
41458
41459
41460
41461
41462
41463
41464
41465
41466
41467
41468
41445
41446
41447
41448
41449
41450
41451
41452
41453
41454
41506
41507
41508
41509
41510
41511
41512
41513
41514
41515
41517
41518
41519
41520
41521
41522
41523
41524
41525
41526
41535
41536
41527
41528
41529
41530
41531
41532
41533
41534
42173
42458
42459
42460
42461
42462
42463
42464
42465
42466
42467
42468
42469
42470
42471
42472
42473
42474
42475
42476
42477
42478
42479
42480
42481
42501
42482
42483
42484
42485
42486
42487
42488
42489
42490
42491
42492
42493
42494
42495
42496
42497
42498
42499
42500
42521
42522
42523
42502
42503
42504
42505
42506
42507
42508
42509
42510
42511
42512
42513
42514
42515
42516
42517
42518
42519
42520
42622
42623
42624
42625
42626
42627
42628
42629
42630
42631
42632
42633
42634
42635
42636
42637
42638
42639
42640
42641
42642
42643
42644
42657
42658
42645
42646
42647
42648
42649
42650
42651
42652
42653
42654
42655
42656
42676
42677
42678
42679
42680
42681
42682
42683
42684
42706
42707
42685
42686
42687
42688
42689
42690
42691
42692
42693
42694
42695
42696
42697
42698
42699
42700
42701
42702
42703
42704
42705
42724
42725
42726
42727
42728
42729
42749
42750
42751
42752
42753
42754
42755
42756
42757
42758
42759
42760
42761
42762
42763
42764
42765
42766
42767
42768
42769
42770
42771
42772
42773
42774
42775
42776
42777
42778
42779
42780
42781
42782
42783
42784
42785
42786
42787
42788
42789
42790
42791
42792
42793
42794
42795
42796
42797
42798
42799
42800
42801
42802
42803
42808
42807
42804
42806
42805
42809
42810
42811
42812
42813
42814
42815
42816
42817
42818
42819
42820
42821
42822
42823
42824
42835
42836
42837
42838
42839
42840
42841
42842
42843
42844
42845
42846
42847
42848
42849
42850
42851
42852
42853
42854
42855
42856
42857
42858
42859
42860
42861
42862
42863
42864
42825
42826
42827
42828
42829
42830
42831
42832
42833
42834
42924
42923
42920
42922
42921
42925
42865
42866
42867
42868
42869
42870
42871
42872
42873
42874
42875
42876
42877
42878
42879
42890
42891
42892
42893
42894
42895
42896
42897
42898
42899
42900
42901
42902
42903
42904
42905
42906
42907
42908
42909
42910
42911
42912
42913
42914
42915
42916
42917
42918
42919
42880
42881
42882
42883
42884
42885
42886
42887
42888
42889
43651
43652
43653
43654
43655
43656
43658
43659
43660
43661
43662
43663
43664
43665
43666
43667
43668
43673
43671
43669
43672
43674
43670
43685
43675
43676
43677
43678
43679
43680
43681
43682
43683
43684
43700
43698
43696
43699
43702
43697
43701
43686
43687
43688
43689
43690
43691
43692
43693
43694
43695
43866
43867
43868
43869
43870
43871
43872
43873
43874
43875
43876
43877
43878
43879
43880
43881
43882
43883
43884
43885
43886
43887
43888
43889
43890
43891
43892
43893
43894
43895
43896
43897
43910
43911
43912
43913
43914
43915
43916
43917
43918
43919
43920
43921
43922
43923
43924
43925
43969
43926
43927
43928
43929
43930
43931
43932
43933
43934
43935
43936
43937
43938
43939
43940
43941
43942
43943
43944
43945
43946
43947
43948
43949
43950
43951
43952
43953
43954
43955
43956
43957
43958
43959
43960
43961
43962
43963
43964
43965
43966
43967
43968
44013
44014
44015
43970
43971
43972
43973
43974
43975
43976
43977
43978
43979
43980
43981
43982
43983
43984
43985
43986
43987
43988
43989
43990
43991
43992
43993
43994
43995
43996
43997
43998
43999
44000
44001
44002
44003
44004
44005
44006
44007
44008
44009
44010
44011
44012
44193
44194
44195
44196
44197
44198
44199
44200
44201
44202
44203
44204
44205
44214
44206
44207
44208
44209
44210
44211
44212
44213
44215
44216
44217
44218
44231
44219
44220
44221
44222
44223
44224
44225
44226
44227
44228
44229
44230
44805
44806
44807
44808
44809
44810
44811
44812
44813
44814
44815
44816
44817
44818
44819
44820
44821
44822
44823
44824
44825
44826
44827
44828
44829
44830
44831
44832
44833
44834
44837
44838
44839
44840
44841
44842
44843
44844
44845
44846
44847
44848
44849
44850
44851
44852
44853
44854
44855
44856
44857
44858
44859
44860
44861
44862
44863
44864
44865
44866
44867
44923
44924
44868
44869
44870
44871
44872
44873
44874
44875
44876
44877
44878
44879
44880
44881
44882
44883
44884
44885
44886
44887
44888
44889
44890
44891
44892
44893
44894
44895
44896
44897
44898
44899
44900
44901
44902
44903
44904
44905
44906
44907
44908
44909
44910
44911
44912
44913
44914
44915
44916
44917
44918
44919
44920
44921
44922
44981
44982
44980
44983
44925
44926
44927
44928
44929
44930
44931
44932
44933
44934
44935
44936
44937
44938
44939
44940
44941
44942
44943
44944
44945
44946
44947
44948
44949
44950
44951
44952
44953
44954
44955
44956
44957
44958
44959
44960
44961
44962
44963
44964
44965
44966
44967
44968
44969
44970
44971
44972
44973
44974
44975
44976
44977
44978
44979
45026
45027
45028
45029
45030
45031
45032
45033
45034
45035
45036
45037
45038
45039
45040
45041
45042
45043
45044
45045
45046
45047
45048
45049
45050
45051
45052
45053
45069
45070
45057
45058
45059
45060
45061
45062
45063
45064
45065
45066
45067
45068
45862
45863
45864
45865
45867
45868
45869
45870
45919
45920
45921
45922
45923
45924
45925
45926
45935
45936
45937
45938
45939
45940
45941
45942
45943
45944
45945
45946
45947
45948
45949
45950
45951
45952
45953
45954
45960
45958
45955
45961
45959
45956
45957
45962
45963
45964
45967
45968
45969
45970
45971
45972
45973
45974
45975
45976
45977
45978
45979
45980
45981
45982
45965
45966
46008
46006
46003
46009
46007
46004
46005
46010
45983
45984
45987
45988
45989
45990
45991
45992
45993
45994
45995
45996
45997
45998
45999
46000
46001
46002
45985
45986
46057
46058
46059
46060
46061
46062
46063
46064
46065
46066
46067
46068
46069
46070
46071
46072
46073
46074
46075
46076
46077
46078
46079
46080
46081
46082
46083
46084
46108
46107
46091
46092
46093
46094
46095
46096
46097
46098
46099
46100
46101
46102
46103
46104
46105
46106
46085
46086
46087
46088
46089
46090
46132
46134
46133
46131
46115
46116
46117
46118
46119
46120
46121
46122
46123
46124
46125
46126
46127
46128
46129
46130
46109
46110
46111
46112
46113
46114
46168
46169
46170
46171
46172
46177
46173
46174
46175
46176
46188
46189
46190
46191
46212
46213
46550
46551
46552
46553
46554
46557
46558
46559
46560
46561
46562
46563
46564
46565
46566
46569
46568
46567
46579
46580
46581
46570
46571
46572
46573
46574
46575
46576
46577
46578
46596
46592
46591
46593
46594
46595
46582
46583
46584
46585
46586
46587
46588
46589
46590
46674
46675
46676
46677
46678
46679
46680
46681
46682
46683
46684
46690
46691
46692
46693
46694
46695
46696
46697
46698
46699
46700
46701
46702
46703
46704
46705
46706
46707
46708
46709
46710
46717
46713
46716
46714
46715
46711
46712
46726
46727
46728
46729
46730
46731
46732
46733
46734
46735
46736
46737
46738
46739
46740
46741
46742
46718
46719
46720
46721
46722
46723
46724
46725
46774
46770
46773
46771
46772
46743
46744
46753
46754
46755
46756
46757
46758
46759
46760
46761
46762
46763
46764
46765
46766
46767
46768
46769
46745
46746
46747
46748
46749
46750
46751
46752
