21
20
22
19
0
1
2
3
4
5
6
7
8
9
10
11
12
13
14
15
16
17
18
34346
34347
34342
34341
34345
34343
34344
34317
34318
34335
34336
34337
34338
34339
34340
34319
34320
34321
34322
34323
34324
34325
34326
34327
34328
34329
34330
34331
34332
34333
34334
5994
5993
5992
5995
5997
5999
5996
5998
5991
5989
5990
21871
21859
21860
21861
21862
21863
21864
21865
21866
21867
21868
21869
21870
22697
22696
22699
22698
24789
24787
24784
24782
24780
24786
24785
24783
24781
24788
24779
27131
27125
27126
27127
27128
27129
27130
26987
26988
26989
26990
26991
26992
26993
26994
26995
26996
26997
26998
26999
27000
27001
27002
27003
27004
27005
27006
27007
27008
27009
27010
27011
27012
27013
27014
27015
27016
27017
27018
27019
27020
27021
27022
27023
27024
27025
27026
27027
27028
27029
27030
27031
27032
27033
27034
27035
27036
27037
27038
27039
27040
27041
27042
27043
27044
27045
27046
27047
27048
27049
27050
27051
27052
27053
27054
27055
27056
27057
27058
27059
27060
27061
27062
27063
27064
27065
27066
27067
27068
27069
27070
27071
27072
27073
27074
27075
27076
27077
27078
27079
27080
27081
27082
27083
27084
27085
27086
27087
27088
27089
27090
27091
27092
27093
27094
27095
27096
27097
27098
27099
27100
27101
27102
27103
27104
27105
27106
27107
27108
27109
27110
27111
27112
27113
27114
27115
27116
27117
27118
27119
27120
27121
27122
27123
27124
31197
31194
31196
31195
31198
31192
31193
38440
38426
38427
38428
38429
38430
38431
38432
38433
38434
38435
38436
38437
38438
38439
39664
39665
39666
44451
44458
44459
44460
44450
44456
44452
44453
44449
44457
44454
44455
44445
44446
44447
44448
46343
46345
46346
46344
46325
46326
46327
46328
46312
46313
46314
46315
46316
46317
46318
46319
46320
46321
46322
46323
46324
46333
46334
46335
46336
46337
46338
46339
46340
46341
46342
46329
46330
46331
46332
48055
48054
48053
48014
48015
48016
48017
48018
48019
48020
48021
48022
48023
48024
48009
48010
48011
48012
48013
48025
48026
48027
48028
48029
48030
48031
48032
48033
48034
48035
48036
48037
48038
48039
48040
48041
48042
48043
48044
48045
48046
48047
48048
48049
48050
48051
48052
48110
48108
48109
48106
48107
49324
49320
49321
49322
49323
49232
49233
49234
49235
49236
49237
49238
49239
49240
49241
49242
49243
49244
49245
49246
49247
49248
49249
49250
49251
49252
49253
49254
49255
49256
49257
49258
49259
49260
49261
49262
49263
49264
49265
49266
49267
49268
49269
49270
49271
49272
49273
49274
49275
49276
49277
49278
49279
49280
49281
49282
49283
49284
49285
49286
49287
49288
49289
49290
49291
49292
49293
49294
49295
49296
49297
49298
49299
49300
49301
49302
49303
49304
49305
49306
49307
49308
49309
49310
49311
49312
49313
49314
49315
49316
49317
49318
49319
49694
49695
49693
49688
49689
49690
49691
49692
49935
49936
49937
49938
49939
49940
49843
49844
49845
49846
49847
49848
49849
49850
49851
49852
49853
49854
49855
49856
49857
49858
49859
49860
49861
49862
49863
49864
49865
49866
49867
49868
49869
49870
49871
49872
49873
49874
49875
49876
49877
49878
49879
49880
49881
49882
49883
49884
49885
49886
49887
49888
49889
49890
49891
49892
49893
49894
49895
49896
49897
49898
49899
49900
49901
49902
49903
49904
49905
49906
49907
49908
49909
49910
49911
49912
49913
49914
49915
49916
49917
49918
49919
49920
49921
49922
49923
49924
49925
49926
49927
49928
49929
49930
49931
49932
49933
49934
50747
50746
50745
50748
50749
50744
50741
50742
50743
51057
51058
51059
51060
51029
51030
51031
51032
51033
51034
51035
51036
51037
51038
51039
51040
51041
51042
51043
51044
51045
51046
51047
51048
51049
51050
51051
51052
51053
51054
51055
51056
51161
51164
51174
51162
51168
51170
51165
51157
51176
51171
51175
51169
51172
51166
51159
51173
51167
51160
51158
51163
51153
51152
51154
51155
51156
524
525
526
523
522
492
493
494
495
496
497
498
499
500
501
502
503
504
505
506
507
508
509
510
511
512
513
514
515
516
517
518
519
520
521
956
957
958
959
939
940
941
942
943
944
945
946
947
948
949
950
951
952
953
954
955
1739
1740
1741
1650
1651
1652
1653
1654
1655
1656
1657
1658
1659
1660
1661
1662
1663
1664
1665
1666
1667
1668
1669
1670
1671
1672
1673
1674
1675
1676
1677
1678
1679
1680
1681
1682
1683
1684
1685
1686
1687
1688
1689
1690
1691
1692
1693
1694
1695
1696
1697
1698
1699
1700
1701
1702
1703
1704
1705
1706
1707
1708
1709
1710
1711
1712
1713
1714
1715
1716
1717
1718
1719
1720
1721
1722
1723
1724
1725
1726
1727
1728
1729
1730
1731
1732
1733
1734
1735
1736
1737
1738
2065
2055
2056
2057
2058
2059
2060
2061
2062
2063
2064
2326
2297
2298
2299
2300
2301
2302
2303
2304
2305
2306
2307
2308
2309
2310
2311
2312
2313
2314
2315
2316
2317
2318
2319
2320
2321
2322
2323
2324
2325
2268
2269
2270
2271
2272
2273
2274
2275
2276
2277
2278
2279
2280
2281
2282
2283
2284
2285
2286
2287
2288
2289
2290
2291
2292
2293
2294
2295
2296
2542
2543
2544
2944
2946
2943
2945
2947
2948
2919
2920
2921
2922
2923
2924
2925
2926
2927
2928
2910
2911
2912
2913
2914
2915
2916
2917
2918
2907
2908
2909
2929
2930
2931
2932
2933
2934
2935
2936
2937
2938
2939
2940
2941
2942
4822
4824
4825
4829
4831
4832
4827
4839
4849
4848
4855
4854
4856
4857
4860
4861
4865
4867
4811
4812
4813
4814
4815
4816
4817
4818
4819
4820
4821
4836
4841
4863
4866
4868
4826
4823
4828
4830
4833
4834
4835
4852
4837
4838
4840
4842
4843
4844
4847
4850
4845
4846
4851
4853
4858
4859
4862
4864
4869
5048
5049
5050
5039
5040
5041
5042
5043
5044
5045
5046
5047
5690
5691
5681
5682
5683
5684
5685
5686
5687
5688
5689
5947
5948
5946
5942
5943
5944
5945
5926
5927
5928
5929
5930
5931
5932
5933
5934
5935
5936
5937
5938
5939
5940
5941
6358
6356
6354
6357
6355
6340
6341
6342
6343
6344
6345
6346
6347
6348
6349
6350
6351
6352
6353
7346
7345
7321
7322
7323
7324
7325
7326
7327
7328
7329
7330
7331
7332
7333
7334
7335
7336
7337
7338
7339
7340
7341
7342
7343
7344
7320
8574
8573
8572
8568
8569
8570
8571
8555
8556
8557
8558
8559
8560
8561
8562
8563
8564
8565
8566
8567
8939
8936
8937
8938
9255
9254
9211
9212
9213
9214
9215
9216
9217
9218
9219
9220
9221
9222
9223
9224
9225
9226
9227
9228
9229
9230
9231
9232
9233
9234
9235
9236
9237
9238
9239
9240
9241
9242
9243
9244
9245
9246
9247
9248
9249
9250
9251
9252
9253
12068
12069
12070
13436
13435
13437
13438
13433
13434
13431
13430
13432
13405
13406
13407
13408
13409
13410
13411
13412
13413
13414
13415
13416
13417
13418
13419
13420
13421
13422
13423
13424
13425
13426
13427
13428
13429
13373
13374
13375
13376
13377
13378
13379
13380
13381
13382
13383
13384
13385
13386
13387
13388
13389
13390
13391
13392
13393
13394
13395
13396
13397
13398
13399
13400
13401
13402
13403
13404
13879
13862
13873
13850
13881
13877
13875
13872
13853
13855
13874
13878
13857
13851
13876
13866
13854
13852
13868
13861
13869
13856
13871
13867
13870
13880
13858
13859
13860
13863
13864
13865
13828
13829
13830
13831
13832
13833
13822
13823
13824
13825
13826
13827
13814
13815
13816
13817
13818
13819
13820
13821
13834
13835
13836
13837
13838
13839
13840
13841
13842
13843
13844
13845
13846
13847
13848
13849
14024
14025
14026
14027
14028
14029
14030
14031
14032
14033
14645
14648
14646
14649
14650
14644
14647
14642
14643
14635
14636
14637
14629
14630
14631
14632
14633
14634
14638
14639
14640
14641
14831
14832
14834
14836
14835
14837
14833
14810
14811
14812
14813
14814
14815
14816
14817
14818
14819
14820
14821
14822
14823
14824
14825
14826
14827
14828
14829
14830
15421
15415
15416
15417
15418
15419
15420
15410
15411
15412
15413
15414
16635
16630
16631
16632
16633
16634
17061
17062
17063
17065
17066
17067
17064
17068
17046
17047
17048
17043
17044
17045
17049
17050
17051
17052
17053
17054
17055
17056
17057
17058
17059
17060
18222
18220
18219
18221
18223
18224
18215
18216
18217
18218
18374
18377
18375
18376
18378
18356
18357
18358
18359
18360
18361
18362
18363
18364
18365
18366
18367
18368
18369
18370
18371
18372
18373
18343
18344
18345
18346
18347
18348
18349
18350
18351
18352
18353
18354
18355
18628
18629
18631
18632
18630
18616
18617
18618
18619
18620
18621
18622
18623
18624
18625
18626
18627
18614
18615
18782
18783
18784
18785
18776
18777
18778
18779
18780
18781
19164
19165
19166
19167
19151
19152
19153
19154
19155
19156
19157
19158
19159
19160
19161
19162
19163
19540
19548
19541
19547
19544
19545
19542
19539
19549
19546
19543
19520
19521
19522
19523
19524
19525
19526
19527
19528
19529
19530
19531
19532
19533
19534
19535
19536
19537
19538
19518
19519
19682
19692
19688
19696
19691
19686
19689
19695
19683
19693
19690
19694
19684
19685
19687
19681
19673
19674
19675
19676
19677
19678
19672
19667
19668
19669
19670
19671
19679
19680
20022
20023
20024
20021
20016
20017
20018
20019
20020
20010
20011
20012
20013
20014
20015
20376
20378
20377
20379
20317
20318
20319
20320
20321
20322
20323
20324
20325
20326
20327
20328
20329
20330
20331
20332
20333
20334
20335
20336
20337
20338
20339
20340
20341
20342
20343
20344
20345
20346
20300
20301
20302
20303
20304
20305
20306
20307
20308
20309
20310
20311
20312
20313
20314
20315
20316
20347
20348
20349
20350
20351
20352
20353
20354
20355
20278
20279
20280
20281
20282
20283
20284
20285
20286
20287
20288
20289
20290
20291
20292
20293
20294
20295
20296
20297
20298
20299
20356
20357
20358
20359
20360
20361
20362
20363
20364
20365
20366
20367
20368
20369
20370
20371
20372
20373
20374
20375
21021
21018
21019
21017
21020
20997
20998
20999
21000
21001
21002
21003
21004
21005
21006
20986
20987
20988
20989
20990
20991
20992
20993
20994
20995
20996
21009
21010
21011
21012
20982
20983
20984
20985
21013
21014
21015
21016
21007
21008
21544
21545
21546
21538
21539
21540
21541
21542
21543
21632
21633
21729
21728
21730
21717
21718
21719
21720
21721
21722
21723
21724
21725
21726
21727
22326
22325
22327
22323
22324
22322
22539
22538
22528
22529
22530
22531
22532
22533
22534
22535
22536
22537
23319
23320
23311
23312
23313
23314
23315
23316
23317
23318
24294
24293
24295
24296
24292
24666
24667
24668
24652
24653
24654
24655
24656
24657
24658
24659
24660
24661
24662
24663
24664
24665
24853
24854
24852
25741
25743
25742
26630
26629
26628
26622
26623
26624
26625
26626
26627
28129
28128
28130
28115
28116
28117
28118
28119
28120
28121
28122
28123
28124
28125
28126
28127
28648
28653
28649
28650
28652
28651
29003
29004
29005
29006
28979
28980
28981
28982
28983
28984
28985
28986
28987
28988
28989
28990
28991
28992
28993
28994
28995
28996
28997
28998
28999
29000
29001
29002
29653
29655
29656
29652
29654
29640
29641
29642
29643
29644
29645
29646
29647
29648
29649
29650
29651
29790
29791
30047
30048
30049
30018
30019
30020
30021
30022
30023
30024
30025
30026
30027
30028
30029
30030
30031
30032
30033
30034
30035
30036
30037
30038
30039
30040
30041
30042
30043
30044
30045
30046
30414
30425
30415
30418
30420
30421
30427
30417
30416
30426
30419
30422
30423
30424
30408
30409
30410
30411
30412
30413
30404
30405
30406
30407
30401
30402
30403
31234
31231
31229
31227
31233
31232
31228
31230
31235
31277
31276
31278
31637
31643
31639
31641
31640
31642
31638
31632
31633
31634
31635
31636
31613
31614
31615
31616
31617
31618
31619
31620
31621
31622
31623
31624
31625
31626
31627
31628
31629
31630
31631
32448
32446
32449
32445
32447
32429
32430
32431
32432
32433
32434
32435
32436
32441
32442
32443
32444
32418
32419
32420
32421
32422
32423
32424
32425
32426
32427
32428
32437
32438
32439
32440
32410
32411
32412
32413
32414
32415
32416
32417
32729
32731
32732
32730
32726
32727
32728
34178
34177
34172
34173
34174
34175
34176
34165
34166
34167
34168
34169
34170
34171
34837
34838
34792
34793
34794
34795
34796
34797
34798
34799
34800
34801
34802
34803
34804
34805
34806
34807
34808
34809
34810
34811
34812
34813
34814
34815
34816
34817
34818
34819
34820
34821
34822
34823
34824
34825
34826
34827
34828
34829
34830
34831
34832
34833
34834
34835
34836
35113
35110
35111
35112
35114
35115
35109
35108
35193
35199
35197
35192
35195
35194
35198
35196
35185
35186
35187
35188
35189
35190
35191
35395
35396
35397
35379
35380
35381
35382
35383
35384
35385
35386
35387
35388
35389
35390
35391
35392
35393
35394
35448
35449
35420
35421
35422
35423
35424
35425
35426
35427
35428
35429
35430
35431
35432
35433
35434
35435
35436
35437
35438
35439
35440
35441
35442
35443
35444
35445
35446
35447
35577
35578
35579
35580
35564
35565
35566
35567
35568
35569
35570
35571
35572
35573
35574
35575
35576
36652
36660
36661
36662
36655
36653
36656
36658
36659
36657
36654
36651
36650
36643
36644
36645
36646
36647
36648
36649
36903
36901
36902
36892
36893
36894
36895
36896
36897
36898
36899
36900
37063
37061
37062
37060
37064
37059
37056
37057
37058
37553
37550
37554
37552
37551
37556
37555
37545
37546
37547
37548
37549
37507
37508
37509
37510
37511
37512
37513
37514
37515
37516
37517
37518
37519
37520
37521
37522
37523
37524
37525
37526
37527
37528
37529
37530
37531
37532
37533
37534
37535
37536
37537
37538
37539
37540
37541
37542
37543
37544
39238
39239
39237
39289
39290
39286
39287
39288
39283
39284
39285
39658
39656
39654
39657
39659
39655
39647
39648
39649
39650
39651
39652
39653
39835
39836
41585
41586
41609
41610
41689
41690
41691
41692
41657
41658
41659
41660
41661
41662
41663
41664
41665
41666
41667
41668
41669
41670
41671
41672
41673
41674
41675
41676
41677
41678
41679
41680
41681
41682
41683
41684
41685
41686
41687
41688
42115
42104
42105
42106
42107
42108
42109
42110
42111
42112
42113
42114
42420
42421
42416
42417
42418
42419
42384
42385
42372
42373
42374
42375
42376
42377
42378
42379
42380
42381
42382
42383
42386
42387
42388
42389
42390
42391
42392
42393
42394
42395
42396
42397
42398
42399
42400
42401
42402
42403
42404
42405
42406
42407
42408
42409
42410
42411
42412
42413
42414
42415
42719
42715
42718
42717
42716
42704
42705
42706
42707
42708
42709
42710
42711
42712
42713
42714
42931
42932
42938
42934
42935
42937
42933
42936
42930
42922
42923
42924
42925
42926
42927
42928
42929
43581
43580
43579
43567
43568
43569
43570
43571
43572
43573
43574
43575
43576
43577
43578
43804
43788
43789
43790
43791
43792
43793
43794
43795
43796
43797
43798
43799
43800
43801
43802
43803
44536
44505
44506
44507
44508
44512
44513
44518
44520
44522
44524
44525
44530
44529
44532
44535
44537
44539
44538
44494
44496
44495
44498
44501
44502
44461
44462
44463
44464
44465
44466
44467
44468
44469
44470
44471
44472
44473
44474
44475
44476
44477
44478
44479
44480
44481
44482
44483
44484
44485
44486
44487
44488
44489
44490
44491
44492
44526
44527
44504
44515
44516
44509
44510
44511
44514
44517
44519
44521
44523
44528
44531
44533
44534
44493
44497
44499
44500
44503
45015
45019
45018
45020
45016
45021
45017
44980
44981
44982
44983
44984
44985
44986
44987
44988
44989
44990
45006
45007
45008
45009
45010
45011
45012
45013
45014
44997
44998
44999
45000
45001
45002
45003
45004
45005
44991
44992
44993
44994
44995
44996
45129
45130
45133
45131
45128
45132
45315
45320
45316
45318
45317
45319
45281
45282
45283
45289
45290
45291
45292
45293
45284
45285
45286
45287
45288
45294
45295
45296
45297
45298
45299
45300
45301
45302
45303
45304
45305
45306
45307
45308
45309
45310
45311
45312
45313
45314
45484
45490
45488
45489
45486
45487
45485
45481
45482
45483
45907
45908
45913
45911
45909
45910
45912
45914
45904
45905
45906
45903
46048
46050
46049
46047
46025
46026
46027
46028
46029
46030
46031
46007
46008
46009
46010
46011
46012
46013
46014
46015
46016
46017
46018
46019
46020
46021
46022
46023
46024
46032
46033
46034
46035
46036
46037
46038
46039
46040
46041
46042
46043
46044
46045
46046
46162
46161
46160
46163
46149
46150
46151
46152
46153
46154
46155
46156
46157
46158
46159
46617
46618
46620
46619
8454
