23
12106
39666
46935
47830
47831
47832
47833
47834
47835
47836
47837
47838
47839
47840
48829
48828
49961
49960
49949
49950
49951
49952
49953
49954
49955
49956
49957
49958
49959
38
35
37
36
24
25
26
27
28
29
30
31
32
33
34
35126
36000
36681
37284
38037
38895
39667
40409
41336
41341
41338
41335
41340
41339
41337
42206
43143
43148
43145
43141
43147
43146
43144
43142
44835
45775
46555
46856
46936
46937
46947
46948
46949
46950
47126
47127
47138
47139
47137
47158
47156
47157
47152
47153
47154
47155
47150
47151
47179
47180
47177
47178
47175
47176
47171
47172
47173
47174
47169
47170
50375
51009
51066
51184
39
209
275
530
531
592
593
594
595
596
597
598
599
600
601
602
603
604
605
606
607
608
651
653
655
650
652
654
765
746
747
748
749
750
751
752
753
754
755
756
757
758
759
760
761
762
763
764
835
837
840
834
836
838
839
815
816
817
818
819
820
821
822
823
824
825
826
827
828
829
830
831
832
833
6120
6196
6257
6362
6437
6640
6894
7032
7231
7349
7416
7484
7506
7507
7508
7509
7510
7511
7512
7513
7514
7515
7516
7517
7518
7519
7789
7790
7791
7792
7793
7794
7795
7796
7797
7798
7799
7800
7801
7802
7803
7884
7882
7885
7883
7953
7947
7946
7951
7949
7952
7948
7950
7932
7933
7934
7935
7936
7937
7938
7939
7940
7941
7942
7943
7944
7945
7917
7918
7919
7920
7921
7922
7923
7924
7925
7926
7927
7928
7929
7930
7931
8102
8093
8103
8095
8101
8094
8092
8099
8097
8100
8096
8098
8078
8079
8080
8081
8082
8083
8084
8085
8086
8087
8088
8089
8090
8091
8063
8064
8065
8066
8067
8068
8069
8070
8071
8072
8073
8074
8075
8076
8077
17069
17088
17174
17264
17370
17548
17558
17569
17578
17593
17842
17843
17844
17912
17913
17914
17915
18188
18189
18190
18191
18192
18193
18194
18195
18196
18197
18198
18227
18228
18229
18230
18231
18232
18233
18234
18235
18286
18287
18288
18408
18410
18413
18409
18414
18411
18412
18385
18386
18387
18381
18382
18383
18384
18388
18389
18390
18391
18392
18393
18394
18395
18396
18397
18398
18399
18400
18401
18402
18403
18404
18405
18406
18407
18517
18518
18523
18515
18519
18522
18516
18524
18520
18521
18492
18493
18494
18488
18489
18490
18491
18495
18496
18497
18498
18499
18500
18501
18502
18503
18504
18505
18506
18507
18508
18509
18510
18511
18512
18513
18514
22012
22116
22181
22336
22337
22338
22339
22340
22341
22342
22343
22344
22345
22346
22347
22348
22349
22350
22351
22352
22465
22466
22467
22468
22469
22470
22471
22472
22473
22474
22475
22476
22477
22478
22479
22480
22481
22518
22516
22517
22499
22500
22501
22502
22503
22504
22505
22506
22507
22508
22509
22510
22511
22512
22513
22514
22515
22547
22548
22549
22550
22551
22552
22553
22554
22555
22556
22557
22558
22559
22560
22561
22562
22563
22685
22683
22684
22649
22650
22651
22652
22653
22654
22655
22656
22657
22658
22659
22660
22661
22662
22663
22664
22665
22666
22667
22668
22669
22670
22671
22672
22673
22674
22675
22676
22677
22678
22679
22680
22681
22682
22735
22811
22873
23006
23109
23110
23111
23112
23113
23114
23115
23116
23117
23118
23119
23120
23121
23122
23290
23291
23292
23293
23294
23295
23296
23297
23298
23299
23300
23301
23302
23371
23372
23373
23374
23375
23376
23377
23378
23379
23380
23381
23382
23505
23506
23507
23508
23509
23510
23511
23512
23513
23514
23515
23516
23517
23518
23519
23660
23663
23661
23662
23708
23709
23710
23711
23712
23713
23714
23715
23716
23717
23718
23719
23720
23721
23695
23696
23697
23698
23699
23700
23701
23702
23703
23704
23705
23706
23707
23722
23723
23724
23725
23726
23727
23728
23729
23730
23731
23732
23733
23734
23735
23736
23737
23738
23739
23740
23741
23742
23743
23744
23745
23746
23747
23748
23853
23856
23854
23855
23812
23813
23814
23815
23816
23817
23818
23819
23820
23821
23822
23823
23824
23825
23799
23800
23801
23802
23803
23804
23805
23806
23807
23808
23809
23810
23811
23826
23827
23828
23829
23830
23831
23832
23833
23834
23835
23836
23837
23838
23839
23840
23841
23842
23843
23844
23845
23846
23847
23848
23849
23850
23851
23852
24027
24093
24285
24312
24373
24478
24489
24490
24491
24492
24493
24494
24495
24496
24497
24498
24499
24500
24501
24512
24513
24514
24515
24516
24517
24529
24530
24531
24532
24533
24534
24535
24536
24537
24538
24539
24540
24541
24695
24696
24697
24698
24699
24700
24682
24683
24684
24685
24686
24687
24688
24689
24690
24691
24692
24693
24694
24839
24857
24993
25021
25228
25432
25612
25623
25740
25801
25999
26130
26223
26224
26422
26423
26424
26425
26426
26427
26428
26429
26430
26431
26432
26459
26460
26461
26568
26569
26570
26571
26572
26573
26574
26575
26576
26577
26642
26640
26641
26768
26772
26764
26765
26771
26770
26767
26766
26769
26738
26739
26740
26741
26742
26743
26744
26745
26746
26747
26748
26749
26750
26761
26762
26763
26751
26752
26753
26754
26755
26756
26757
26758
26759
26760
26856
26852
26854
26853
26859
26848
26849
26858
26857
26851
26850
26855
26822
26823
26824
26825
26826
26827
26828
26829
26830
26831
26832
26833
26834
26845
26846
26847
26835
26836
26837
26838
26839
26840
26841
26842
26843
26844
27160
27393
27394
27395
27396
27397
27398
27399
27400
27401
27402
27403
27404
27405
27406
27407
27408
27409
27410
27411
27412
27413
27414
27415
27416
27417
27418
27419
27420
27421
27422
27523
27524
27525
27526
27527
27528
27529
27530
27531
27532
27533
27534
27535
27536
27537
27538
27539
27540
27541
27542
27543
27588
27589
27590
27591
27592
27593
27594
27595
27596
27597
27598
27599
27600
27601
27602
27603
27604
27605
27606
27607
27608
27609
27610
27611
27612
27613
27614
27615
27616
27617
27667
27668
27669
27670
27671
27811
27812
27813
27814
27815
27816
27817
27818
27819
27820
27821
27822
27823
28016
28017
28018
28019
28020
28021
28022
28023
28024
28025
28026
28027
28028
28029
28030
28031
28032
28033
28034
28035
28036
28037
28038
28039
28040
28041
28042
28043
28044
28085
28086
28087
28088
28089
28090
28091
28092
28093
28094
28095
28096
28097
28098
28099
28100
28101
28102
28103
28104
28105
28106
28107
28108
28109
28110
28111
28112
28113
28114
28135
28136
28137
28138
28139
28140
28141
28142
28143
28144
28145
28146
28147
28148
28149
28150
28151
28152
28153
28154
28155
28156
28157
28158
28159
28160
28161
28162
28214
28215
28216
28217
28218
28219
28220
28221
28222
28223
28224
28225
28226
28227
28228
28344
28314
28315
28316
28317
28318
28319
28320
28321
28322
28323
28324
28325
28326
28327
28328
28329
28330
28331
28332
28333
28334
28335
28336
28337
28338
28339
28340
28341
28342
28343
28352
28353
28354
28355
28356
28357
28358
28359
28360
28361
28362
28363
28364
28365
28366
28367
28368
28369
28370
28371
28372
28373
28374
28375
28376
28377
28378
28379
28380
28381
28382
28383
28384
28385
28386
28387
28388
28389
28390
28391
28392
28393
28394
28395
28396
28397
28398
28399
28400
28401
28402
28403
28404
28405
28406
28407
28408
28409
28410
28411
28412
28413
28414
28415
28416
28417
28418
28419
28420
28421
28422
28423
28424
28425
28426
28427
28428
28429
28430
28431
28432
28433
28434
28435
28436
28437
28438
28439
28440
28441
28442
28443
28444
28445
28446
28447
28448
28449
28450
28451
28452
28453
28454
28455
28456
28457
28458
28459
28460
28461
28462
28463
28464
28465
28466
28467
28468
28469
28470
28471
28472
28473
28474
28475
28476
28477
28478
28479
28480
28481
28482
28483
28484
28485
28486
28487
28488
28489
28490
28491
28492
28493
28494
28495
28496
28497
28498
28499
28500
28501
28502
28503
28504
28505
28506
28507
28508
28509
28510
28511
28512
28513
28514
28515
28516
28517
28518
28519
28520
28521
28522
28869
28668
28669
28670
28671
28672
28673
28674
28675
28676
28677
28678
28679
28680
28681
28682
28683
28684
28685
28686
28687
28688
28689
28690
28691
28692
28693
28694
28695
28696
28697
28698
28699
28700
28701
28702
28703
28704
28705
28706
28707
28708
28709
28710
28711
28712
28713
28714
28715
28716
28717
28718
28719
28720
28721
28722
28723
28724
28725
28726
28727
28728
28729
28730
28731
28732
28733
28734
28735
28736
28737
28738
28739
28740
28741
28742
28743
28744
28745
28746
28747
28748
28749
28750
28751
28752
28753
28754
28755
28756
28757
28758
28759
28760
28761
28762
28763
28764
28765
28766
28767
28768
28769
28770
28771
28772
28773
28774
28775
28776
28777
28778
28779
28780
28781
28782
28783
28784
28785
28786
28787
28788
28789
28790
28791
28792
28793
28794
28795
28796
28797
28798
28799
28800
28801
28802
28803
28804
28805
28806
28807
28808
28809
28810
28811
28812
28813
28814
28815
28816
28817
28818
28819
28820
28821
28822
28823
28824
28825
28826
28827
28828
28829
28830
28831
28832
28833
28834
28835
28836
28837
28838
28839
28840
28841
28842
28843
28844
28845
28846
28847
28848
28849
28850
28851
28852
28853
28854
28855
28856
28857
28858
28859
28860
28861
28862
28863
28864
28865
28866
28867
28868
31245
31283
31284
31285
31286
31287
31288
31375
31376
31377
31534
31528
31529
31530
31531
31532
31533
31578
31579
31580
31664
31655
31656
31657
31658
31659
31660
31661
31662
31663
33986
34068
34186
34240
34299
34352
34353
34398
34498
34643
34708
34845
34909
34910
34911
34912
34958
34959
34960
34961
34962
34963
34964
34965
34966
34967
34968
34969
35068
35069
35150
35143
35148
35149
35152
35146
35145
35151
35144
35147
35127
35128
35129
35130
35131
35132
35133
35134
35135
35136
35137
35138
35139
35140
35141
35142
35229
35232
35233
35224
35230
35231
35235
35227
35226
35234
35225
35228
35208
35209
35210
35211
35212
35213
35214
35215
35216
35217
35218
35219
35220
35221
35222
35223
37228
37362
38606
38661
38671
38848
38873
38874
38875
38896
38939
38940
38941
38942
39715
39838
39912
39928
39929
39930
39931
39932
39933
39934
39981
39982
39983
39984
39985
39986
39987
39988
39989
39990
39991
39992
39993
39994
40077
40078
40079
40070
40071
40072
40073
40074
40075
40076
40101
40102
40103
40104
40105
40106
40107
40108
40109
40110
40111
40112
40113
40114
40293
40294
40295
40272
40273
40274
40275
40276
40277
40278
40279
40280
40281
40282
40283
40284
40285
40286
40287
40288
40289
40290
40291
40292
44553
44564
44585
44596
44607
44628
44836
45054
45055
45056
45138
45139
45140
45141
45142
45143
45144
45145
45146
45147
45148
45149
45150
45151
45200
45258
45260
45257
45263
45261
45259
45262
45354
45355
45356
45340
45341
45342
45343
45344
45345
45346
45347
45348
45349
45350
45351
45352
45353
45357
45515
45517
45514
45520
45518
45516
45519
45510
45511
45512
45496
45497
45498
45499
45500
45501
45502
45503
45504
45505
45506
45507
45508
45509
45513
46361
46392
46556
46617
46638
46639
46640
46641
46642
46643
46685
46686
46687
46688
46689
46775
46776
46777
46778
46779
46780
46781
46782
46783
46784
46785
46786
46787
46788
46789
46798
46799
46796
46797
46790
46791
46792
46793
46794
46795
46815
46816
46817
46818
46819
46800
46801
46802
46803
46804
46805
46806
46807
46808
46809
46810
46811
46812
46813
46814
46848
46849
46846
46847
46840
46841
46842
46843
46844
46845
46835
46836
46837
46838
46839
46820
46821
46822
46823
46824
46825
46826
46827
46828
46829
46830
46831
46832
46833
46834
46855
46857
46858
46859
46860
46861
46862
46863
46864
46865
46866
46867
46868
46873
46874
46875
46869
46870
46871
46872
46880
46881
46882
46883
46884
46885
46876
46877
46878
46879
47582
47583
47584
47585
47586
47587
47588
47589
47590
47591
47592
47593
47594
47595
47596
47597
47598
47599
47600
47601
47602
47603
47604
47605
47606
47607
47622
47621
47608
47609
47610
47611
47612
47613
47614
47615
47616
47617
47618
47619
47620
47623
47624
47625
47626
47627
47628
47629
47630
47631
47632
47633
47659
47658
47645
47646
47647
47648
47649
47650
47651
47652
47653
47654
47655
47656
47657
47634
47635
47636
47637
47638
47639
47640
47641
47642
47643
47644
48060
48061
48062
48063
48064
48070
48071
48072
48073
48074
48075
48076
48077
48078
48079
48081
48082
48080
48083
48094
48084
48085
48086
48087
48088
48089
48090
48091
48092
48093
48106
48107
48105
48108
48109
48095
48096
48097
48098
48099
48100
48101
48102
48103
48104
48115
48116
48117
48118
48119
48137
48138
48139
48140
48141
48142
48143
48144
48145
48146
48147
48148
48149
48150
48151
48152
48153
48154
48155
48156
48157
48158
48159
48160
48161
48162
48185
48183
48184
48163
48164
48165
48166
48167
48168
48169
48170
48171
48172
48173
48174
48175
48176
48177
48178
48179
48180
48181
48182
48208
48209
48210
48212
48211
48206
48207
48186
48187
48188
48189
48190
48191
48192
48193
48194
48195
48196
48197
48198
48199
48200
48201
48202
48203
48204
48205
48228
48229
48247
48248
48249
48250
48251
48252
48253
48254
48255
48256
48257
48258
48259
48260
48261
48262
48263
48264
48265
48266
48267
48268
48269
48275
48270
48271
48274
48272
48273
48276
48277
48278
48279
48280
48281
48282
48283
48284
48285
48286
48287
48288
48289
48290
48291
48292
48293
48294
48319
48314
48315
48318
48316
48317
48295
48296
48297
48298
48299
48300
48301
48302
48303
48304
48305
48306
48307
48308
48309
48310
48311
48312
48313
48543
48544
48628
48629
48630
48631
48632
48633
48634
48635
48636
48637
48638
48647
48639
48640
48641
48642
48643
48644
48645
48646
48656
48657
48658
48648
48649
48650
48651
48652
48653
48654
48655
49329
49330
49335
49336
49337
49338
49339
49340
49341
49342
49343
49344
49350
49351
49352
49353
49354
49355
49356
49357
49358
49359
49360
49361
49362
49363
49364
49365
49366
49367
49368
49369
49370
49371
49372
49373
49374
49375
49376
49377
49378
49379
49380
49381
49382
49383
49384
49385
49386
49387
49388
49389
49390
49391
49392
49393
49394
49395
49398
49396
49397
49445
49446
49447
49448
49449
49450
49451
49452
49453
49399
49400
49401
49402
49403
49404
49405
49406
49407
49408
49409
49410
49411
49412
49413
49414
49415
49416
49417
49418
49419
49420
49421
49422
49423
49424
49425
49426
49427
49428
49429
49430
49431
49432
49433
49434
49435
49436
49437
49438
49439
49440
49441
49442
49443
49444
49511
49509
49510
49500
49501
49502
49503
49504
49505
49506
49507
49508
49454
49455
49456
49457
49458
49459
49460
49461
49462
49463
49464
49465
49466
49467
49468
49469
49470
49471
49472
49473
49474
49475
49476
49477
49478
49479
49480
49481
49482
49483
49484
49485
49486
49487
49488
49489
49490
49491
49492
49493
49494
49495
49496
49497
49498
49499
49624
49625
49626
49627
49628
49629
49630
49631
49632
49633
49634
49635
49636
49637
49638
49639
49678
49669
49670
49671
49672
49673
49674
49675
49676
49677
49688
49689
49690
49691
49679
49680
49681
49682
49683
49684
49685
49686
49687
49700
49701
49702
49703
49704
49705
49707
49708
49706
49945
49946
49947
49948
50008
50009
50010
50011
50012
50013
50014
50015
50016
50017
50018
50019
50020
50021
50022
50023
50024
50025
50026
50027
50028
50029
50030
50031
50032
50033
50034
50035
50036
50037
50038
50039
50040
50041
50072
50073
50074
50075
50042
50043
50044
50045
50046
50047
50048
50049
50050
50051
50052
50053
50054
50055
50056
50057
50058
50059
50060
50061
50062
50063
50064
50065
50066
50067
50068
50069
50070
50071
50106
50107
50108
50109
50110
50111
50076
50077
50078
50079
50080
50081
50082
50083
50084
50085
50086
50087
50088
50089
50090
50091
50092
50093
50094
50095
50096
50097
50098
50099
50100
50101
50102
50103
50104
50105
50356
50357
50358
50359
50360
50361
50362
50363
50364
50365
50366
50367
50368
50369
50370
50371
50372
50373
50374
50376
50377
50394
50378
50379
50380
50381
50382
50383
50384
50385
50386
50387
50388
50389
50390
50391
50392
50393
50411
50412
50413
50395
50396
50397
50398
50399
50400
50401
50402
50403
50404
50405
50406
50407
50408
50409
50410
50754
50755
50756
50757
50759
50758
50760
50761
50764
50763
50762
50765
51065
51067
51068
51069
51070
51071
51072
51073
51074
51075
51076
51077
51078
51079
51080
51081
51082
51083
51084
51085
51086
51087
51088
51089
51090
51091
51092
51093
51094
51095
51096
51097
51098
51099
51100
51101
51102
51103
51104
51105
51106
51107
51108
51109
51110
51111
51112
51113
51114
51115
51116
51117
51118
51119
51120
51121
51122
51123
51124
51125
51154
51155
51126
51127
51128
51129
51130
51131
51132
51133
51134
51135
51136
51137
51138
51139
51140
51141
51142
51143
51144
51145
51146
51147
51148
51149
51150
51151
51152
51153
51181
51182
51183
51185
51186
51187
51188
51189
51190
51191
51192
40
41
42
43
44
45
46
47
48
49
50
51
52
53
54
55
56
57
58
59
60
67
66
72
64
68
62
61
65
71
70
69
63
88
90
87
84
92
91
89
85
86
73
74
75
76
77
78
79
80
81
82
83
114
112
124
108
115
106
104
111
123
122
119
107
116
118
113
105
121
120
117
109
110
93
94
95
96
97
98
99
100
101
102
103
527
528
529
532
533
534
535
536
537
538
539
540
541
542
543
544
545
546
547
548
549
551
555
553
554
550
552
569
570
567
568
556
557
558
559
560
561
562
563
564
565
566
586
591
589
590
585
588
584
587
582
583
571
572
573
574
575
576
577
578
579
580
581
960
1018
1019
1020
1021
1054
1055
1056
1057
1058
1059
1060
1061
1062
1063
1093
1094
1095
1096
1097
1098
1099
1100
1101
1102
1103
1104
1105
1106
1107
1108
1109
1110
1111
1112
1113
1114
1115
1116
1117
1118
1119
1120
1121
1122
1123
1124
1125
1126
1127
1128
1129
1130
1131
1132
1133
1134
1135
1136
1137
1138
1139
1140
1141
1142
1143
1144
1145
1146
1147
1148
1149
1150
1151
1152
1153
1154
1155
1156
1157
1158
1159
1160
1161
1162
1163
1164
1165
1166
1167
1168
1169
1170
1171
1172
1173
1174
1175
1176
1177
1178
1179
1180
1181
1182
1183
1184
1185
1186
1187
1188
1189
1190
1191
1192
1193
1194
1195
1196
1197
1198
1199
1200
1201
1202
1203
1204
1205
1206
1207
1208
1209
1210
1211
1212
1213
1214
1215
1216
1217
1218
1219
1220
1221
1222
1223
1224
1225
1226
1227
1228
1229
1230
1231
1232
1233
1234
1235
1236
1237
1238
1239
1240
1241
1242
1243
1244
1245
1246
1247
1248
1249
1250
1251
1252
1253
1254
1255
1256
1257
1258
1259
1260
1261
1262
1263
1264
1265
1266
1267
1268
1270
1269
1271
1458
1450
1457
1459
1456
1451
1449
1455
1452
1453
1454
1273
1274
1275
1276
1277
1278
1279
1280
1281
1282
1283
1284
1285
1286
1287
1288
1289
1290
1291
1292
1293
1294
1295
1296
1297
1298
1299
1300
1301
1302
1354
1355
1356
1357
1358
1338
1339
1340
1341
1342
1343
1344
1345
1346
1347
1348
1349
1350
1351
1352
1353
1318
1319
1320
1321
1322
1323
1324
1325
1326
1327
1328
1329
1330
1331
1332
1333
1334
1335
1336
1337
1303
1304
1305
1306
1307
1308
1309
1310
1311
1312
1313
1314
1315
1316
1317
1359
1360
1361
1362
1363
1364
1365
1366
1367
1368
1369
1370
1371
1372
1373
1374
1375
1376
1377
1378
1379
1380
1381
1382
1383
1384
1385
1386
1387
1388
1389
1390
1391
1392
1393
1394
1395
1396
1397
1398
1399
1400
1401
1402
1403
1404
1405
1406
1407
1408
1409
1410
1411
1412
1413
1414
1415
1416
1417
1418
1419
1420
1421
1422
1423
1424
1425
1426
1427
1428
1429
1430
1431
1432
1433
1434
1435
1436
1437
1438
1439
1440
1441
1442
1443
1444
1445
1446
1447
1448
1646
1639
1647
1648
1637
1645
1649
1644
1638
1636
1643
1640
1641
1642
1460
1461
1462
1463
1464
1465
1466
1467
1468
1469
1470
1471
1472
1473
1474
1475
1476
1477
1478
1479
1480
1481
1482
1483
1484
1485
1486
1487
1488
1489
1541
1542
1543
1544
1545
1525
1526
1527
1528
1529
1530
1531
1532
1533
1534
1535
1536
1537
1538
1539
1540
1505
1506
1507
1508
1509
1510
1511
1512
1513
1514
1515
1516
1517
1518
1519
1520
1521
1522
1523
1524
1490
1491
1492
1493
1494
1495
1496
1497
1498
1499
1500
1501
1502
1503
1504
1546
1547
1548
1549
1550
1551
1552
1553
1554
1555
1556
1557
1558
1559
1560
1561
1562
1563
1564
1565
1566
1567
1568
1569
1570
1571
1572
1573
1574
1575
1576
1577
1578
1579
1580
1581
1582
1583
1584
1585
1586
1587
1588
1589
1590
1591
1592
1593
1594
1595
1596
1597
1598
1599
1600
1601
1602
1603
1604
1605
1606
1607
1608
1609
1610
1611
1612
1613
1614
1615
1616
1617
1618
1619
1620
1621
1622
1623
1624
1625
1626
1627
1628
1629
1630
1631
1632
1633
1634
1635
1742
1743
1744
1745
1746
1747
1748
1749
1750
1751
1752
1753
1754
1755
1756
1757
1758
1759
1760
1761
1762
1763
1764
1765
1766
1767
1768
1769
1770
1771
1772
1773
1774
1775
1776
1777
1778
1779
1780
1781
1782
1783
1784
1785
1786
1787
1788
1789
1790
1791
1792
1793
1794
1795
1796
1797
1798
1799
1800
1801
1802
1803
1804
1805
1806
1807
1808
1809
1810
1811
1812
1813
1814
1815
1816
1817
1818
1819
1820
1821
1822
1823
1824
1825
1826
1827
1828
1829
1830
1831
1832
1833
1834
1835
1836
1837
1838
1839
1840
1841
1842
1843
1844
1845
1877
1878
1879
1847
1848
1849
1850
1851
1852
1853
1854
1855
1856
1857
1858
1859
1860
1861
1862
1863
1864
1865
1866
1867
1868
1869
1870
1871
1872
1873
1874
1875
1876
1880
1881
1882
1883
1884
1885
1886
1887
1888
1889
1890
1891
1892
1893
1894
1895
1896
1897
1898
1899
1900
1901
1902
1903
1904
1905
1906
1907
1908
1909
1910
1911
1912
1913
1914
1915
1916
1917
1918
1919
1920
1921
1922
1923
1924
1925
1926
1927
1928
1929
1930
1931
1932
1933
1934
1935
1936
1937
1938
1939
1940
1941
1942
1943
1944
1945
1946
1947
1948
1949
1950
2052
2053
2054
1951
1952
1953
1954
1955
1956
1957
1958
1959
1960
1961
1962
1963
1964
1965
1966
1967
1968
1969
1970
1971
1972
1973
1974
1975
1976
1977
1978
1979
1980
1981
1982
1983
1984
1985
1986
1987
1988
1989
1990
1991
1992
1993
1994
1995
1996
1997
1998
1999
2000
2001
2002
2003
2004
2005
2006
2007
2008
2009
2010
2011
2012
2013
2014
2015
2016
2017
2018
2019
2020
2021
2022
2023
2024
2025
2026
2027
2028
2029
2030
2031
2032
2033
2034
2035
2036
2037
2038
2039
2040
2041
2042
2043
2044
2045
2046
2047
2048
2049
2050
2051
2066
2067
2068
2069
2070
2071
2072
2073
2074
2075
2076
2077
2078
2079
2080
2081
2082
2083
2084
2085
2086
2096
2097
2095
2098
2088
2089
2090
2091
2092
2093
2094
2099
2100
2101
2102
2103
2104
2105
2106
2107
2108
2127
2128
2126
2129
2119
2120
2121
2122
2123
2124
2125
2109
2110
2111
2112
2113
2114
2115
2116
2117
2118
2327
2328
2329
2330
2331
2334
2333
2332
2336
2338
2337
2335
2358
2359
2360
2361
2362
2363
2364
2365
2366
2367
2368
2369
2370
2371
2372
2373
2374
2375
2376
2377
2378
2379
2380
2381
2382
2383
2384
2385
2386
2387
2388
2389
2390
2391
2392
2393
2394
2395
2396
2397
2398
2399
2400
2401
2402
2403
2404
2405
2406
2407
2408
2409
2410
2411
2412
2413
2414
2415
2416
2417
2418
2449
2450
2451
2452
2419
2420
2421
2422
2423
2424
2425
2426
2427
2428
2429
2430
2431
2432
2433
2434
2435
2436
2437
2438
2439
2440
2441
2442
2443
2444
2445
2446
2447
2448
2453
2454
2455
2456
2457
2458
2459
2460
2461
2462
2463
2464
2465
2466
2467
2468
2469
2470
2471
2472
2473
2474
2475
2476
2477
2478
2479
2538
2539
2540
2541
2481
2482
2483
2484
2485
2486
2487
2488
2489
2490
2491
2492
2493
2494
2495
2496
2497
2498
2499
2500
2501
2502
2503
2504
2505
2506
2507
2508
2509
2510
2511
2512
2513
2514
2515
2516
2517
2518
2519
2520
2521
2522
2523
2524
2525
2526
2527
2528
2529
2530
2531
2532
2533
2534
2535
2536
2537
2545
2546
2547
2548
2549
2550
2551
2552
2553
2554
2555
2556
2557
2558
2559
2560
2561
2562
2563
2564
2565
2566
2567
2568
2569
2570
2571
2572
2573
2574
2575
2576
2577
2578
2579
2580
2581
2582
2583
2584
2585
2586
2587
2588
2589
2590
2591
2592
2593
2594
2595
2596
2597
2598
2599
2600
2601
2602
2603
2604
2605
2606
2608
2609
2610
2611
2612
2613
2614
2615
2616
2617
2618
2619
2620
2621
2622
2623
2624
2625
2626
2627
2628
2629
2630
2631
2632
2633
2634
2635
2636
2637
2638
2639
2726
2727
2728
2729
2640
2641
2642
2643
2644
2645
2646
2647
2648
2649
2650
2651
2652
2653
2654
2655
2656
2657
2658
2659
2660
2661
2662
2663
2664
2665
2666
2667
2668
2669
2670
2671
2672
2673
2674
2675
2676
2677
2678
2679
2680
2681
2682
2683
2684
2685
2686
2687
2688
2689
2690
2691
2692
2693
2694
2695
2696
2697
2698
2699
2700
2701
2702
2703
2704
2705
2706
2707
2708
2709
2710
2711
2712
2713
2714
2715
2716
2717
2718
2719
2720
2721
2722
2723
2724
2725
2816
2817
2818
2819
2820
2821
2730
2731
2732
2733
2734
2735
2736
2737
2738
2739
2740
2741
2742
2743
2744
2745
2746
2747
2748
2749
2750
2751
2752
2753
2754
2755
2756
2757
2758
2759
2760
2761
2762
2763
2764
2765
2766
2767
2768
2769
2770
2771
2772
2773
2774
2775
2776
2777
2778
2779
2780
2781
2782
2783
2784
2785
2786
2787
2788
2789
2790
2791
2792
2793
2794
2795
2796
2797
2798
2799
2800
2801
2802
2803
2804
2805
2806
2807
2808
2809
2810
2811
2812
2813
2814
2815
2949
2950
2951
2952
2953
2954
2955
2956
2957
2958
2959
2960
2961
2962
2963
2964
2965
2966
2967
2968
2969
2988
2989
2990
2991
2992
2993
2994
2995
2996
2997
2998
2999
3000
3001
3002
3003
3004
3005
3006
3007
3008
3009
3010
3011
3012
3013
3014
3015
3045
3047
3050
3046
3049
3048
3016
3017
3018
3019
3020
3021
3022
3023
3024
3025
3026
3027
3028
3029
3030
3031
3032
3033
3034
3035
3036
3037
3038
3039
3040
3041
3042
3043
3044
3051
3052
3053
3054
3055
3056
3057
3058
3059
3060
3061
3062
3063
3064
3108
3110
3113
3109
3112
3111
3065
3066
3067
3068
3069
3070
3071
3072
3073
3074
3075
3076
3077
3078
3079
3080
3081
3082
3083
3084
3085
3086
3087
3088
3089
3090
3091
3092
3093
3094
3095
3096
3097
3098
3099
3100
3101
3102
3103
3104
3105
3106
3107
4870
4871
4872
4873
4875
4876
4877
4878
4879
4880
4881
4882
4883
4884
4886
4887
4888
4889
4890
4891
4892
4893
4894
4895
4896
4897
4898
4899
4900
4901
4902
4903
4904
4905
4906
4907
4908
4909
4910
4912
4913
4914
4915
4916
4917
4918
4919
4920
4921
4923
4924
4925
4926
4927
4928
4929
4930
4931
4935
4934
4932
4933
4968
4972
4970
4971
4973
4976
4977
4983
4936
4937
4938
4939
4940
4941
4942
4943
4944
4945
4946
4947
4948
4949
4950
4951
4952
4953
4978
4958
4959
4960
4961
4962
4963
4964
4965
4966
4967
4969
4974
4975
4980
4979
4981
4982
4954
4955
4956
4957
5008
5010
5013
5023
5021
5019
5020
5022
5027
5025
5026
5028
5031
5032
5038
4984
4985
4986
4987
4988
4989
4990
4991
4992
4993
4994
4995
4996
4997
4998
4999
5000
5001
5033
5006
5007
5009
5011
5012
5014
5015
5016
5017
5018
5024
5029
5030
5035
5034
5036
5037
5002
5003
5004
5005
5052
5053
5054
5055
5056
5057
5058
5059
5060
5061
5062
5063
5064
5065
5066
5067
5068
5069
5081
5079
5080
5070
5071
5072
5073
5074
5075
5076
5077
5078
5082
5083
5084
5085
5086
5087
5105
5103
5104
5088
5089
5090
5091
5092
5093
5094
5095
5096
5097
5098
5099
5100
5101
5102
5692
5693
5694
5695
5696
5697
5698
5699
5700
5701
5702
5703
5704
5705
5706
5707
5708
5709
5710
5711
5712
5713
5714
5715
5716
5717
5718
5719
5720
5721
5723
5722
5766
5741
5742
5743
5744
5745
5746
5747
5748
5749
5750
5751
5752
5753
5754
5755
5756
5757
5758
5759
5760
5761
5762
5763
5764
5765
5792
5794
5793
5795
5767
5768
5769
5770
5771
5772
5773
5774
5775
5776
5777
5778
5779
5780
5781
5782
5783
5784
5785
5786
5787
5788
5789
5790
5791
5949
5950
5951
5952
5953
5954
5955
5956
5957
5958
5959
5960
5961
5962
5963
5964
5965
5966
5967
5968
5969
5970
5971
5972
5973
5974
5975
5976
5977
5978
5979
5980
5981
5982
5983
5984
5985
5986
5987
5988
6020
6000
6001
6002
6003
6004
6005
6006
6007
6008
6009
6010
6011
6012
6013
6014
6015
6016
6017
6018
6019
6021
6022
6023
6024
6025
6026
6027
6028
6029
6030
6031
6032
6033
6034
6035
6036
6037
6038
6039
6079
6040
6041
6042
6043
6044
6045
6046
6047
6048
6049
6050
6051
6052
6053
6054
6055
6056
6057
6058
6059
6060
6061
6062
6063
6064
6065
6066
6067
6068
6069
6070
6071
6072
6073
6074
6075
6076
6077
6078
6359
6360
6363
6364
6365
6366
6367
6368
6369
6372
6370
6371
7347
7348
7350
7351
7352
7353
7354
7355
7356
7357
7358
7359
7360
7362
7361
7373
7363
7364
7365
7366
7367
7368
7369
7370
7371
7372
7385
7384
7386
7374
7375
7376
7377
7378
7379
7380
7381
7382
7383
7415
7417
7418
7419
7420
7421
7422
7423
7424
7425
7426
7427
7428
7429
7430
7431
7432
7434
7435
7433
7436
7437
7438
7439
7440
7441
7442
7443
7444
7445
7446
7447
7448
7449
7465
7466
7464
7450
7451
7452
7453
7454
7455
7456
7457
7458
7459
7460
7461
7462
7463
7479
7480
7481
7482
7483
7485
7486
7487
7488
7489
7914
7915
7916
7954
7955
7956
7957
7958
7959
7960
7961
7962
7963
7964
7965
7966
7967
7968
7969
7970
7971
7972
7973
7974
7975
7976
7977
7978
7979
7980
7981
7982
7983
7984
7985
7986
7987
7988
7989
7990
7991
7992
7993
7994
7995
7996
7997
7998
7999
8000
8001
8002
8003
8004
8005
8006
8007
8008
8009
8010
8011
8012
8013
8014
8015
8016
8017
8018
8019
8020
8021
8022
8023
8024
8025
8026
8027
8028
8029
8030
8031
8032
8033
8034
8035
8036
8037
8038
8039
8040
8041
8042
8043
8044
8045
8046
8047
8048
8049
8050
8051
8052
8053
8054
8055
8060
8062
8061
8056
8057
8058
8059
8117
8118
8119
8120
8121
8122
8123
8124
8125
8126
8127
8128
8129
8130
8131
8132
8133
8134
8135
8136
8137
8138
8139
8140
8141
8142
8143
8144
8145
8146
8147
8148
8149
8150
8151
8152
8153
8154
8155
8156
8157
8158
8159
8160
8161
8162
8163
8164
8165
8166
8179
8180
8181
8182
8183
8184
8185
8186
8187
8188
8189
8190
8191
8192
8193
8194
8195
8196
8197
8198
8199
8200
8201
8110
8111
8112
8113
8104
8105
8106
8107
8108
8109
8114
8115
8116
8167
8168
8169
8170
8171
8172
8173
8174
8175
8176
8177
8178
8304
8306
8305
8215
8216
8217
8218
8219
8220
8221
8222
8223
8224
8225
8226
8227
8228
8229
8230
8231
8232
8233
8234
8235
8236
8237
8238
8239
8240
8241
8242
8243
8244
8245
8246
8247
8248
8249
8250
8251
8252
8253
8254
8255
8256
8257
8258
8259
8260
8261
8262
8263
8264
8265
8266
8267
8268
8281
8282
8283
8284
8285
8286
8287
8288
8289
8290
8291
8292
8293
8294
8295
8296
8297
8298
8299
8300
8301
8302
8303
8208
8209
8210
8211
8202
8203
8204
8205
8206
8207
8212
8213
8214
8269
8270
8271
8272
8273
8274
8275
8276
8277
8278
8279
8280
8455
8457
8458
8459
8460
8461
8462
8463
8464
8465
8466
8467
8468
8469
8470
8471
8472
8473
8474
8475
8476
8477
8478
8479
8480
8481
8482
8483
8484
8485
8486
8487
8488
8489
8490
8491
8492
8493
8494
8495
8496
8497
8498
8499
8500
8501
8502
8503
8504
8505
8506
8507
8508
8509
8510
8511
8512
8513
8514
8515
8516
8517
8518
8519
8520
8521
8552
8553
8554
8522
8523
8524
8525
8526
8527
8528
8529
8530
8531
8532
8533
8534
8535
8536
8537
8538
8539
8540
8541
8542
8543
8544
8545
8546
8547
8548
8549
8550
8551
8575
8577
8578
8579
8580
8581
8582
8583
8584
8585
8586
8587
8588
8589
8590
8591
8592
8593
8594
8595
8596
8598
8597
8615
8616
8617
8599
8600
8601
8602
8603
8604
8605
8606
8607
8608
8609
8610
8611
8612
8613
8614
8638
8637
8634
8635
8636
8618
8619
8620
8621
8622
8623
8624
8625
8626
8627
8628
8629
8630
8631
8632
8633
8940
8941
8942
8943
8944
8945
8946
8947
8948
8949
8950
8951
8952
8953
8954
8955
8956
8957
8958
8959
8960
8961
8962
8963
8964
8965
8966
8967
8968
8969
8970
8971
8972
8973
8974
8975
8976
8977
8978
8979
8980
8981
8982
8983
8984
8985
8986
8987
8988
8989
8990
8991
8992
9024
9023
8993
8994
8995
8996
8997
8998
8999
9000
9001
9002
9003
9004
9005
9006
9007
9008
9009
9010
9011
9012
9013
9014
9015
9016
9017
9018
9019
9020
9021
9022
9025
9026
9027
9028
9029
9030
9031
9032
9033
9034
9035
9036
9037
9038
9039
9040
9041
9042
9043
9044
9045
9100
9099
9052
9053
9054
9055
9056
9057
9058
9059
9060
9061
9062
9063
9064
9065
9066
9067
9068
9069
9070
9071
9072
9073
9074
9075
9076
9077
9078
9079
9080
9081
9048
9049
9050
9051
9082
9083
9084
9085
9086
9087
9088
9089
9090
9091
9092
9093
9094
9095
9096
9097
9098
9256
9257
9258
9259
9260
9261
9262
9263
9264
9265
9266
9267
9268
9269
9270
9271
9272
9273
9274
9275
9276
9277
9278
9279
9280
9281
9282
9283
9284
9285
9286
9287
9288
9289
9290
9291
9292
9293
9294
9295
9296
9297
9298
9299
9300
9301
9302
9303
9304
9305
9306
9307
9308
9309
9310
9311
9312
9313
9314
9315
9316
9317
9318
9319
9320
9321
9322
9323
9324
9332
9331
9330
9329
9333
9397
9362
9363
9364
9365
9366
9334
9335
9336
9337
9338
9339
9340
9341
9342
9343
9344
9345
9346
9347
9348
9349
9350
9351
9352
9353
9354
9355
9356
9357
9358
9359
9360
9361
9367
9368
9369
9370
9371
9372
9373
9374
9375
9376
9377
9378
9379
9380
9381
9382
9383
9384
9385
9386
9387
9388
9389
9390
9391
9392
9393
9394
9395
9396
9464
9463
9462
9461
9465
9466
9426
9427
9428
9429
9430
9398
9399
9400
9401
9402
9403
9404
9405
9406
9407
9408
9409
9410
9411
9412
9413
9414
9415
9416
9417
9418
9419
9420
9421
9422
9423
9424
9425
9431
9432
9433
9434
9435
9436
9437
9438
9439
9440
9441
9442
9443
9444
9445
9446
9447
9448
9449
9450
9451
9452
9453
9454
9455
9456
9457
9458
9459
9460
9488
9489
9490
9491
9492
9493
9494
9495
9496
9497
9498
9499
9500
9501
9502
9503
9504
9505
9506
9507
9508
9509
9510
9511
9512
9513
9514
9532
9515
9516
9517
9518
9519
9520
9521
9522
9523
9524
9525
9526
9527
9528
9529
9530
9531
9533
9534
9535
9536
9537
9538
9539
9540
9541
9568
9542
9543
9544
9545
9546
9547
9548
9549
9550
9551
9552
9553
9554
9555
9556
9557
9558
9559
9560
9561
9562
9563
9564
9565
9566
9567
9739
9740
9741
9742
9743
9744
9745
9746
9747
9748
9749
9750
9751
9752
9753
9754
9755
9756
9757
9758
9759
9760
9761
9762
9763
9764
9765
9766
9767
9768
9769
9770
9771
9772
9773
9774
9775
9776
9777
9778
9779
9780
9781
9782
9783
9815
9817
9818
9816
9785
9786
9787
9788
9789
9790
9791
9792
9793
9794
9795
9796
9797
9798
9799
9800
9801
9802
9803
9804
9805
9806
9807
9808
9809
9810
9811
9812
9813
9814
9819
9820
9821
9822
9823
9824
9825
9826
9827
9828
9829
9871
9873
9874
9872
9830
9831
9832
9833
9834
9835
9836
9837
9838
9839
9840
9841
9842
9843
9844
9845
9846
9847
9848
9849
9850
9851
9852
9853
9854
9855
9856
9857
9858
9859
9860
9861
9862
9863
9864
9865
9866
9867
9868
9869
9870
12071
12072
12073
12074
12076
12077
12078
12079
12081
12080
12082
12083
12086
12087
12084
12085
12092
12091
12094
12095
12090
12093
12088
12089
12104
12105
12145
12146
12147
12148
12149
12150
12151
12152
12160
12153
12154
12155
12156
12157
12158
12159
12168
12169
12161
12162
12163
12164
12165
12166
12167
13439
13440
13441
13442
13443
13444
13445
13446
13458
13459
13460
13461
13462
13463
13464
13465
13466
13467
13468
13469
13470
13471
13472
13473
13474
13475
13476
13477
13478
13479
13480
13481
13482
13483
13484
13485
13486
13487
13488
13489
13490
13491
13492
13493
13494
13495
13496
13497
13498
13499
13500
13501
13513
13512
13506
13510
13509
13507
13514
13515
13511
13508
13516
13502
13503
13504
13505
13530
13531
13532
13533
13534
13535
13536
13537
13538
13539
13540
13541
13542
13543
13544
13545
13546
13547
13548
13549
13550
13551
13552
13553
13517
13518
13519
13520
13521
13522
13523
13524
13525
13526
13527
13528
13529
13602
13601
13595
13599
13598
13596
13603
13604
13600
13597
13605
13567
13568
13569
13570
13571
13572
13573
13574
13575
13576
13577
13578
13579
13580
13581
13582
13583
13584
13585
13586
13587
13588
13589
13590
13591
13592
13593
13594
13554
13555
13556
13557
13558
13559
13560
13561
13562
13563
13564
13565
13566
13882
13883
13890
13891
13892
13893
13894
13895
13896
13897
13898
13899
13901
13902
13903
13904
13905
13906
13907
13908
13909
13910
13911
13912
13913
13914
13915
13916
13917
13918
13919
13942
13921
13938
13931
13922
13934
13943
13937
13925
13920
13941
13924
13936
13939
13940
13944
13935
13923
13926
13927
13928
13929
13930
13932
13933
13949
13950
13946
13947
13948
13945
14021
13998
14017
14008
13999
14013
14022
14016
14002
13997
14020
14001
14015
14018
14019
14023
14014
14000
14003
14004
14005
14006
14007
14009
14010
14011
14012
13994
13995
13996
13993
14034
14035
14036
14037
14038
14039
14040
14041
14042
14043
14044
14045
14046
14047
14048
14049
14052
14053
14064
14065
14066
14067
14054
14055
14056
14057
14058
14059
14060
14061
14062
14063
14078
14083
14079
14080
14081
14082
14068
14069
14070
14071
14072
14073
14074
14075
14076
14077
14105
14106
14107
14109
14108
14110
14113
14111
14112
14541
14542
14544
14545
14546
14547
14548
14549
14550
14551
14552
14553
14554
14555
14556
14557
14558
14559
14560
14561
14562
14563
14564
14565
14566
14568
14569
14570
14567
14591
14579
14580
14581
14582
14583
14584
14585
14586
14587
14588
14589
14590
14571
14572
14573
14574
14575
14576
14577
14578
14613
14614
14616
14612
14615
14600
14601
14602
14603
14604
14605
14606
14607
14608
14609
14610
14611
14592
14593
14594
14595
14596
14597
14598
14599
14651
14652
14653
14654
14656
14655
14838
14851
14853
14852
14863
14864
14865
14866
14867
14868
14869
14870
14871
14872
14873
14874
14879
14877
14878
14875
14876
14880
14881
14882
14883
14884
14885
14886
14900
14898
14899
14889
14890
14891
14892
14893
14894
14895
14896
14897
15304
15305
15306
15307
15308
15309
15310
15311
15312
15313
15314
15315
15316
15317
15318
15319
15320
15321
15322
15323
15324
15325
15326
15327
15328
15329
15330
15331
15332
15333
15334
15335
15336
15337
15338
15355
15356
15354
15339
15340
15341
15342
15343
15344
15345
15346
15347
15348
15349
15350
15351
15352
15353
15365
15366
15367
15368
15369
15370
15371
15372
15373
15374
15358
15359
15360
15361
15362
15363
15364
15408
15409
15407
15392
15393
15394
15395
15396
15397
15398
15399
15400
15401
15402
15403
15404
15405
15406
15382
15383
15384
15385
15386
15387
15388
15389
15390
15391
15375
15376
15377
15378
15379
15380
15381
15422
15423
15424
15425
15426
15427
15428
15429
15430
15431
15432
15433
15434
15435
15436
15437
15438
15439
15440
15441
15442
15443
15444
15445
15446
15447
15448
15449
15452
15453
15454
15455
15456
15457
15458
15459
15485
15487
15486
15484
15481
15460
15461
15462
15463
15464
15465
15466
15467
15468
15469
15470
15471
15472
15473
15474
15475
15476
15477
15478
15479
15480
15482
15483
15488
15489
15490
15491
15492
15493
15494
15495
15529
15531
15530
15528
15525
15504
15505
15506
15507
15508
15509
15510
15511
15512
15513
15514
15515
15516
15517
15518
15519
15520
15521
15522
15523
15524
15526
15527
15496
15497
15498
15499
15500
15501
15502
15503
15752
15753
15754
15755
15756
15757
15758
15759
15760
15765
15761
15762
15763
15764
15771
15772
15770
15766
15767
15768
15769
15845
15846
15849
15850
15851
15852
15854
15853
15855
15858
15857
15856
16383
16384
16593
16594
16595
16596
16597
16598
16599
16600
16601
16602
16603
16604
16606
16607
16608
16609
16610
16611
16612
16613
16614
16615
16616
16617
16625
16626
16627
16628
16629
16618
16619
16620
16621
16622
16623
16624
16636
16637
16638
16639
16640
16643
16644
16645
16646
16647
16648
16649
16650
16651
16652
16653
16654
16663
16655
16656
16657
16658
16659
16660
16661
16662
16672
16673
16674
16675
16676
16664
16665
16666
16667
16668
16669
16670
16671
17070
17071
17072
17073
17074
17075
17076
17077
17078
17079
17080
17086
17084
17085
17081
17087
17082
17083
17092
17089
17090
17091
17102
17100
17101
17096
17103
17098
17099
17097
17093
17094
17095
17108
17109
17110
17111
17112
17113
17114
17115
17116
17117
17118
17119
17120
17121
17122
17123
17124
17125
17126
17127
17128
17129
17130
17131
17132
17133
17134
17135
17136
17137
17138
17139
17140
17141
17142
17153
17154
17155
17156
17157
17158
17159
17160
17161
17162
17163
17164
17165
17166
17167
17168
17169
17170
17171
17172
17173
17143
17144
17145
17146
17147
17148
17149
17150
17151
17152
17206
17207
17185
17186
17187
17188
17189
17190
17191
17192
17193
17194
17195
17196
17197
17198
17199
17200
17201
17202
17203
17204
17205
17175
17176
17177
17178
17179
17180
17181
17182
17183
17184
18225
18226
18236
18237
18238
18239
18240
18241
18242
18243
18244
18245
18246
18254
18253
18247
18248
18249
18250
18251
18252
18255
18256
18257
18258
18259
18272
18271
18260
18261
18262
18263
18269
18270
18264
18265
18266
18267
18268
18379
18380
18415
18416
18417
18418
18419
18422
18420
18421
18425
18423
18426
18424
18432
18427
18430
18431
18428
18433
18429
18634
18635
18636
18637
18638
18639
18640
18641
18642
18646
18645
18644
18643
18647
18648
18649
18650
18651
18660
18659
18658
18654
18652
18653
18655
18656
18657
18786
18804
18805
18806
18807
18808
18810
18809
18811
18812
18813
18814
18820
18819
18815
18816
18817
18818
19168
19169
19170
19226
19224
19225
19484
19486
19487
19488
19489
19490
19491
19492
19493
19494
19495
19503
19502
19500
19501
19504
19496
19497
19498
19499
19505
19506
19516
19515
19513
19514
19517
19509
19510
19511
19512
19507
19508
19571
19572
19573
19574
19575
19576
19577
19578
19579
19580
19581
19582
19583
19584
19585
19586
19587
19588
19589
19590
19591
19592
19595
19597
19596
19594
19593
19612
19613
19614
19598
19599
19600
19601
19602
19603
19604
19605
19606
19607
19608
19609
19610
19611
19634
19636
19635
19633
19632
19629
19630
19631
19615
19616
19617
19618
19619
19620
19621
19622
19623
19624
19625
19626
19627
19628
19697
19698
19699
19700
19701
19702
19703
19704
19705
19722
19723
19724
19725
19726
19727
19728
19729
19730
19731
19732
19787
19788
19789
19790
19791
19792
19793
19794
19795
19796
19797
19798
19799
19800
19801
19802
19803
19804
19805
19806
19807
19808
19809
19810
19811
19812
19813
19814
19815
19816
19817
19818
19819
19820
19821
19822
19823
19824
19825
19826
19827
19828
19829
19830
19831
19832
19833
19834
19835
19836
19837
19838
19839
19840
19841
19842
19843
19844
19845
19846
19847
19850
19854
19862
19855
19849
19856
19860
19851
19848
19857
19853
19859
19852
19861
19858
19928
19883
19863
19876
19877
19864
19865
19866
19867
19868
19869
19870
19871
19872
19873
19874
19875
19878
19879
19880
19881
19882
19884
19885
19886
19887
19888
19889
19890
19891
19892
19893
19894
19895
19896
19897
19898
19899
19900
19901
19902
19903
19904
19905
19906
19907
19908
19909
19910
19911
19912
19913
19914
19915
19916
19917
19918
19919
19920
19921
19922
19923
19924
19925
19926
19927
19997
20001
20009
20002
19996
20003
20007
19998
19995
20004
20000
20006
19999
20008
20005
19994
19949
19929
19942
19943
19930
19931
19932
19933
19934
19935
19936
19937
19938
19939
19940
19941
19944
19945
19946
19947
19948
19950
19951
19952
19953
19954
19955
19956
19957
19958
19959
19960
19961
19962
19963
19964
19965
19966
19967
19968
19969
19970
19971
19972
19973
19974
19975
19976
19977
19978
19979
19980
19981
19982
19983
19984
19985
19986
19987
19988
19989
19990
19991
19992
19993
20025
20044
20045
20046
20047
20049
20048
20050
20051
20052
20057
20056
20053
20054
20055
20106
20107
20108
20109
20180
20181
20182
20183
20184
20185
20186
20187
20188
20189
20190
20191
20192
20193
20194
20195
20196
20197
20198
20199
20200
20201
20202
20203
20204
20205
20206
20207
20208
20209
20212
20210
20211
20243
20213
20214
20215
20216
20217
20218
20219
20220
20221
20222
20223
20224
20225
20226
20227
20228
20229
20230
20231
20232
20233
20234
20235
20236
20237
20238
20239
20240
20241
20242
20277
20274
20275
20276
20244
20245
20246
20247
20248
20249
20250
20251
20252
20253
20254
20255
20256
20257
20258
20259
20260
20261
20262
20263
20264
20265
20266
20267
20268
20269
20270
20271
20272
20273
20380
20381
20382
20383
20384
20400
20401
20402
20403
20404
20405
20406
20407
20408
20409
20411
20412
20413
20414
20415
20416
20417
20418
20419
20420
20421
20422
20423
20424
20425
20426
20427
20428
20429
20430
20431
20432
20433
20434
20435
20436
20437
20438
20439
20440
20441
20442
20443
20444
20445
20446
20447
20448
20449
20450
20451
20452
20453
20454
20455
20456
20457
20458
20459
20460
20461
20462
20463
20464
20465
20466
20467
20468
20469
20470
20471
20472
20473
20474
20475
20476
20477
20478
20479
20480
20481
20482
20483
20484
20485
20487
20488
20486
20571
20575
20565
20563
20574
20573
20572
20568
20570
20567
20569
20566
20564
20524
20525
20526
20527
20528
20529
20530
20531
20532
20533
20534
20535
20536
20537
20538
20539
20540
20541
20542
20543
20544
20545
20546
20489
20490
20491
20492
20493
20494
20495
20496
20497
20498
20499
20500
20501
20519
20520
20521
20522
20523
20547
20548
20549
20550
20551
20552
20553
20554
20555
20556
20557
20558
20559
20560
20561
20562
20506
20507
20508
20509
20510
20511
20512
20513
20514
20515
20516
20517
20518
20502
20503
20504
20505
20663
20664
20654
20660
20666
20653
20651
20665
20662
20661
20657
20659
20656
20658
20655
20652
20612
20613
20614
20615
20616
20617
20618
20619
20620
20621
20622
20623
20624
20625
20626
20627
20628
20629
20630
20631
20632
20633
20634
20577
20578
20579
20580
20581
20582
20583
20584
20585
20586
20587
20588
20589
20607
20608
20609
20610
20611
20635
20636
20637
20638
20639
20640
20641
20642
20643
20644
20645
20646
20647
20648
20649
20650
20594
20595
20596
20597
20598
20599
20600
20601
20602
20603
20604
20605
20606
20590
20591
20592
20593
20881
20882
20884
20885
20886
20887
20888
20889
20890
20891
20892
20893
20894
20895
20904
20903
20905
20902
20899
20901
20900
20896
20897
20898
20906
20907
20908
20909
20922
20921
20923
20920
20917
20919
20918
20914
20915
20916
20910
20911
20912
20913
21022
21023
21030
21031
21032
21033
21034
21035
21036
21037
21038
21039
21040
21041
21042
21043
21044
21045
21046
21047
21048
21049
21050
21051
21072
21073
21074
21075
21099
21094
21095
21091
21097
21093
21098
21096
21092
21076
21077
21078
21079
21080
21081
21082
21083
21084
21085
21086
21087
21088
21089
21090
21100
21101
21102
21103
21131
21126
21127
21123
21129
21125
21130
21128
21124
21107
21108
21109
21110
21111
21112
21113
21114
21115
21116
21118
21119
21120
21121
21122
21104
21105
21106
21117
21547
21548
21549
21577
21578
21596
21597
21634
21635
21636
21637
21638
21639
21640
21641
21642
21643
21644
21645
21646
21647
21648
21649
21650
21651
21652
21653
21654
21655
21656
21658
21657
21676
21677
21659
21660
21661
21662
21663
21664
21665
21666
21667
21668
21669
21670
21671
21672
21673
21674
21675
21712
21715
21714
21713
21716
21695
21696
21697
21698
21699
21700
21701
21702
21703
21704
21705
21706
21707
21708
21709
21710
21711
21731
21732
21825
21826
21827
21828
21829
21830
21831
21832
21833
21834
21835
21836
21837
21838
21839
21840
21841
21842
21843
21844
21845
21846
21847
21848
21849
21850
21851
21852
21853
21854
21855
21856
21857
21858
21886
21887
21888
21872
21873
21874
21875
21876
21877
21878
21879
21880
21881
21882
21883
21884
21885
21889
21890
21891
21892
21893
21894
21895
21896
21897
21898
21899
21900
21901
21902
21903
21904
21905
21937
21938
21939
21906
21907
21908
21909
21910
21911
21912
21913
21914
21915
21916
21917
21918
21919
21920
21921
21922
21923
21924
21925
21926
21927
21928
21929
21930
21931
21932
21933
21934
21935
21936
21968
21969
21970
21971
21972
21973
21974
21975
21976
21977
21978
21979
21980
21981
21982
21983
21984
21985
21986
21987
21988
21989
21990
21991
21992
21993
21994
21995
21996
21997
21998
21999
22000
22001
22002
22003
22004
22005
22013
22014
22050
22015
22016
22017
22018
22019
22020
22021
22022
22023
22024
22025
22026
22027
22028
22029
22030
22031
22032
22033
22034
22035
22036
22037
22038
22039
22040
22041
22042
22043
22044
22045
22046
22047
22048
22049
22086
22087
22088
22051
22052
22053
22054
22055
22056
22057
22058
22059
22060
22061
22062
22063
22064
22065
22066
22067
22068
22069
22070
22071
22072
22073
22074
22075
22076
22077
22078
22079
22080
22081
22082
22083
22084
22085
22328
22329
22330
22331
22334
22333
22332
22335
22356
22355
22354
22353
22540
22541
22542
22543
22544
22545
22546
22564
22565
22566
22567
22568
22569
22570
22571
22572
22573
22574
22575
22576
22577
22579
22578
22592
22594
22593
22580
22581
22582
22583
22584
22585
22586
22587
22588
22589
22590
22591
22607
22608
22611
22609
22610
22613
22612
22595
22596
22597
22598
22599
22600
22601
22602
22603
22604
22605
22606
23092
23093
23094
23095
23096
23097
23098
23099
23100
23101
23102
23103
23104
23105
23106
23107
23108
23123
23124
23125
23126
23127
23128
23129
23130
23131
23132
23133
23134
23135
23136
23137
23138
23139
23140
23141
23142
23143
23144
23145
23146
23147
23148
23149
23150
23151
23152
23153
23154
23155
23156
23157
23158
23159
23160
23189
23188
23191
23190
23175
23176
23177
23178
23179
23180
23181
23182
23183
23184
23185
23186
23187
23161
23162
23163
23164
23165
23166
23167
23168
23169
23170
23171
23172
23173
23174
23205
23206
23207
23208
23209
23210
23211
23212
23213
23214
23215
23192
23193
23194
23195
23196
23197
23198
23199
23200
23201
23202
23203
23204
23268
23267
23270
23269
23230
23231
23232
23233
23234
23235
23236
23237
23238
23239
23240
23241
23242
23216
23217
23218
23219
23220
23221
23222
23223
23224
23225
23226
23227
23228
23229
23256
23257
23258
23259
23260
23261
23262
23263
23264
23265
23266
23243
23244
23245
23246
23247
23248
23249
23250
23251
23252
23253
23254
23255
23321
23322
23323
23324
23325
23326
23327
23328
23329
23330
23331
23332
23333
23334
23335
23336
23337
23338
23339
23340
23341
23342
23343
23344
23345
23346
23347
23348
23349
23350
23351
23352
23353
23354
23355
23356
23357
23358
23359
23360
23361
23362
23363
23364
23365
23366
23367
23368
23369
23370
23413
23412
23410
23411
23383
23384
23385
23386
23387
23388
23389
23390
23391
23392
23393
23394
23395
23396
23397
23398
23399
23400
23401
23402
23403
23404
23405
23406
23407
23408
23409
23414
23415
23416
23417
23418
23419
23420
23421
23422
23423
23424
23425
23426
23427
23428
23429
23430
23431
23432
23482
23481
23479
23480
23433
23434
23435
23436
23437
23438
23439
23440
23441
23442
23443
23444
23445
23446
23447
23448
23449
23450
23451
23452
23453
23454
23455
23456
23457
23458
23459
23460
23461
23462
23463
23464
23465
23466
23467
23468
23469
23470
23471
23472
23473
23474
23475
23476
23477
23478
23926
23927
23928
23929
23930
23931
23932
23933
23934
23935
23936
23937
23938
23939
23940
23941
23942
23943
23944
23945
23946
23947
23948
23949
23950
23951
23952
23953
23954
23955
23956
23957
23958
23959
23960
23961
23962
23963
23964
23965
23966
23967
23968
23969
23970
23971
23972
23973
23974
23975
23976
23977
23978
23979
24004
24005
24006
23980
23981
23982
23983
23984
23985
23986
23987
23988
23989
23990
23991
23992
23993
23994
23995
23996
23997
23998
23999
24000
24001
24002
24003
24297
24298
24299
24300
24301
24302
24303
24304
24305
24306
24307
24308
24309
24310
24311
24313
24314
24327
24326
24315
24316
24317
24318
24319
24320
24321
24322
24323
24324
24325
24339
24341
24342
24340
24328
24329
24330
24331
24332
24333
24334
24335
24336
24337
24338
24669
24670
24671
24672
24855
24856
24858
24859
24860
24861
24862
24863
24864
24865
24866
24867
24868
24869
24870
24871
24872
24873
24874
24875
24876
24877
24878
24879
24880
24881
24882
24883
24884
24885
24886
24887
24888
24889
24890
24891
24892
24893
24894
24895
24896
24897
24898
24899
24901
24900
24943
24942
24928
24929
24930
24931
24932
24933
24934
24935
24936
24937
24938
24939
24940
24941
24902
24903
24904
24905
24906
24907
24908
24909
24910
24911
24912
24913
24914
24915
24916
24917
24918
24919
24920
24921
24922
24923
24924
24925
24926
24927
24986
24985
24987
24984
24970
24971
24972
24973
24974
24975
24976
24977
24978
24979
24980
24981
24982
24983
24944
24945
24946
24947
24948
24949
24950
24951
24952
24953
24954
24955
24956
24957
24958
24959
24960
24961
24962
24963
24964
24965
24966
24967
24968
24969
25744
25745
25746
25747
25748
25749
25750
25751
25752
25753
25754
25755
25756
25757
25758
25759
25760
25761
25762
25763
25764
25781
25765
25766
25767
25768
25769
25770
25771
25772
25773
25774
25775
25776
25777
25778
25779
25780
25798
25800
25799
25782
25783
25784
25785
25786
25787
25788
25789
25790
25791
25792
25793
25794
25795
25796
25797
26513
26514
26515
26516
26517
26518
26519
26520
26521
26522
26523
26524
26525
26526
26527
26528
26529
26530
26531
26532
26533
26534
26535
26536
26537
26538
26539
26540
26541
26542
26543
26544
26545
26563
26564
26565
26566
26567
26546
26547
26548
26549
26550
26551
26552
26553
26554
26555
26556
26557
26558
26559
26560
26561
26562
26578
26579
26580
26581
26582
26583
26584
26585
26586
26587
26588
26617
26618
26619
26620
26621
26589
26590
26591
26592
26593
26594
26595
26596
26597
26598
26599
26600
26601
26602
26603
26604
26605
26606
26607
26608
26609
26610
26611
26612
26613
26614
26615
26616
26631
26632
26633
26634
26635
26636
26639
26638
26637
26643
26644
26648
26647
26646
26645
28131
28132
28134
28133
28654
28655
28656
28657
28658
28659
28660
28661
28662
28663
28664
28665
28666
28667
28870
28871
28872
28873
28874
28875
28876
28877
28878
28879
28880
28881
28882
28883
28884
28885
28886
28887
28888
28889
28890
28891
28892
28893
28894
28895
28896
28927
28926
28897
28898
28899
28900
28901
28902
28903
28904
28905
28906
28907
28908
28909
28910
28911
28912
28913
28914
28915
28916
28917
28918
28919
28920
28921
28922
28923
28924
28925
28932
28933
28934
28935
28936
28937
28928
28929
28930
28931
28978
28977
28938
28939
28940
28941
28942
28943
28944
28945
28946
28947
28948
28949
28960
28961
28962
28963
28964
28965
28966
28967
28968
28969
28970
28971
28972
28973
28974
28975
28976
28954
28955
28956
28957
28958
28959
28950
28951
28952
28953
29007
29008
29009
29010
29011
29012
29013
29014
29015
29016
29017
29018
29019
29020
29021
29022
29038
29023
29024
29025
29026
29027
29028
29029
29030
29031
29032
29033
29034
29035
29036
29037
29657
29658
29659
29660
29661
29662
29663
29664
29665
29666
29667
29668
29669
29670
29671
29672
29673
29674
29675
29676
29677
29678
29679
29680
29681
29682
29683
29684
29685
29686
29687
29688
29689
29690
29691
29692
29693
29694
29695
29696
29697
29698
29699
29700
29720
29721
29718
29719
29701
29702
29703
29704
29705
29706
29707
29708
29709
29710
29711
29712
29713
29714
29715
29716
29717
29722
29723
29724
29725
29726
29727
29728
29729
29730
29731
29732
29733
29734
29735
29736
29737
29738
29739
29740
29741
29742
29743
29744
29788
29789
29786
29787
29746
29747
29748
29749
29750
29751
29752
29753
29754
29755
29756
29757
29758
29759
29760
29761
29762
29763
29764
29765
29766
29767
29768
29769
29770
29771
29772
29773
29774
29775
29776
29777
29778
29779
29780
29781
29782
29783
29784
29785
29792
29793
29794
29795
29796
29797
29798
29799
29800
29801
29802
29803
29804
29805
29806
29807
29808
29809
29810
29811
29812
29813
29814
29815
29816
29817
29818
29819
29820
29821
29822
29823
29824
29825
29826
29827
29828
29829
29830
29831
29832
29833
29834
29835
29836
29837
29838
29839
29840
29841
29842
29843
29844
29845
29846
29847
29848
29849
29850
29851
29852
29853
29854
29855
29856
29857
29858
29859
29860
29861
29862
29863
29864
29865
29866
29928
29927
29929
29930
29867
29868
29869
29870
29871
29872
29873
29874
29875
29876
29877
29878
29879
29880
29881
29882
29883
29884
29885
29886
29887
29888
29889
29890
29891
29892
29893
29894
29895
29896
29897
29898
29899
29900
29901
29902
29903
29904
29905
29906
29907
29908
29909
29910
29911
29912
29913
29914
29915
29916
29917
29918
29919
29920
29921
29922
29923
29924
29925
29926
29932
29933
29934
29935
29936
29937
29938
29939
29940
29941
29942
30015
30014
30016
30017
29943
29944
29945
29946
29947
29948
29949
29950
29951
29952
29953
29954
29955
29956
29957
29958
29959
29960
29961
29962
29963
29964
29965
29966
29967
29968
29969
29970
29971
29972
29973
29974
29975
29976
29977
29978
29979
29980
29981
29982
29983
29984
29985
29986
29987
29988
29989
29990
29991
29992
29993
29994
29995
29996
29997
29998
29999
30000
30001
30002
30003
30004
30005
30006
30007
30008
30009
30010
30011
30012
30013
30050
30051
30052
30053
30054
30055
30056
30057
30058
30059
30060
30061
30062
30063
30064
30065
30066
30067
30068
30069
30070
30071
30072
30073
30074
30075
30076
30077
30078
30079
30080
30081
30082
30083
30084
30085
30086
30087
30088
30089
30090
30091
30110
30111
30112
30113
30093
30094
30095
30096
30097
30098
30099
30100
30101
30102
30103
30104
30105
30106
30107
30108
30109
30428
30429
30430
30431
30432
30433
30434
30435
30437
30438
30439
30440
30441
30442
30443
30444
30445
30446
30447
30448
30449
30450
30451
30452
30453
30454
30455
30458
30456
30459
30460
30457
30475
30477
30478
30482
30476
30479
30480
30481
30469
30470
30471
30472
30473
30474
30466
30467
30468
30461
30462
30463
30464
30465
30503
30500
30504
30505
30501
30498
30502
30506
30510
30499
30507
30508
30509
30492
30493
30494
30495
30496
30497
30489
30490
30491
30484
30485
30486
30487
30488
31236
31237
31238
31239
31240
31241
31242
31243
31244
31246
31247
31248
31249
31258
31260
31257
31259
31261
31250
31251
31252
31253
31254
31255
31256
31262
31272
31274
31271
31273
31275
31264
31265
31266
31267
31268
31269
31270
31263
31279
31280
31281
31282
31289
31290
31291
31292
31294
31296
31293
31295
31297
31298
31299
31300
31306
31308
31305
31307
31301
31302
31303
31304
31644
31645
31646
31647
31648
31649
31650
31665
31666
31667
31668
31669
31670
31671
31672
31673
31674
31678
31676
31677
31675
31690
31689
31691
31679
31680
31681
31682
31683
31684
31685
31686
31687
31688
31707
31703
31706
31702
31705
31704
31708
31692
31693
31694
31695
31696
31697
31698
31699
31700
31701
32490
32491
32492
32493
32494
32495
32496
32497
32498
32499
32516
32517
32518
32519
32520
32521
32522
32523
32524
32525
32526
32527
32528
32529
32530
32531
32532
32533
32534
32535
32536
32537
32538
32539
32540
32541
32542
32543
32544
32545
32546
32547
32548
32549
32550
32551
32552
32553
32554
32555
32556
32557
32558
32559
32560
32561
32562
32563
32564
32566
32567
32568
32569
32570
32571
32572
32573
32574
32575
32576
32577
32578
32579
32616
32615
32612
32619
32614
32621
32620
32618
32617
32613
32611
32610
32580
32581
32582
32583
32584
32585
32586
32587
32588
32589
32590
32591
32592
32593
32594
32595
32596
32597
32598
32599
32600
32601
32602
32603
32604
32605
32606
32607
32608
32609
32651
32652
32622
32625
32626
32641
32642
32623
32624
32643
32644
32645
32646
32647
32648
32649
32650
32627
32628
32629
32630
32631
32632
32633
32634
32635
32636
32637
32638
32639
32640
32720
32719
32716
32723
32718
32725
32724
32722
32721
32717
32715
32714
32653
32654
32655
32656
32657
32658
32659
32660
32661
32662
32663
32664
32670
32671
32672
32673
32674
32675
32676
32677
32678
32679
32680
32681
32682
32683
32684
32685
32686
32687
32712
32713
32665
32668
32669
32702
32703
32666
32667
32704
32705
32706
32707
32708
32709
32710
32711
32688
32689
32690
32691
32692
32693
32694
32695
32696
32697
32698
32699
32700
32701
32733
32734
32735
32736
32738
32739
32740
32741
32742
32743
32744
32745
32746
32747
32748
32749
32750
32752
32751
32767
32766
32753
32754
32755
32756
32757
32758
32759
32760
32761
32762
32763
32764
32765
32784
32782
32783
32781
32768
32769
32770
32771
32772
32773
32774
32775
32776
32777
32778
32779
32780
32939
32940
32941
32942
32943
32944
32945
32946
32947
32948
32949
32950
32951
32952
32953
32954
32955
32956
32957
32958
32959
32960
32961
32962
32963
32964
32965
32966
32967
32968
32969
32970
32971
32972
32973
32974
32975
32976
32977
32978
32979
33005
33004
32980
32981
32982
32983
32984
32985
32986
32987
32988
32989
32990
32991
32992
32993
32994
32995
32996
32997
32998
32999
33000
33001
33002
33003
33006
33007
33008
33009
33010
33011
33012
33013
33014
33015
33016
33017
33018
33019
33020
33062
33061
33022
33023
33024
33025
33026
33027
33028
33029
33030
33031
33032
33033
33034
33035
33036
33037
33038
33039
33040
33041
33042
33043
33044
33045
33046
33047
33048
33049
33050
33051
33052
33053
33054
33055
33056
33057
33058
33059
33060
34183
34184
34185
34187
34188
34189
34190
34191
34192
34193
34194
34195
34196
34198
34197
34208
34209
34199
34200
34201
34202
34203
34204
34205
34206
34207
34222
34221
34219
34220
34210
34211
34212
34213
34214
34215
34216
34217
34218
34843
34844
34846
34847
34848
34849
34850
34851
34852
34853
34854
34855
34856
34857
34858
34859
34869
34860
34861
34862
34863
34864
34865
34866
34867
34868
34879
34880
34881
34882
34870
34871
34872
34873
34874
34875
34876
34877
34878
35047
35048
35049
35050
35051
35052
35053
35054
35055
35056
35057
35058
35059
35060
35061
35062
35063
35064
35065
35066
35067
35070
35072
35073
35071
35090
35089
35074
35075
35076
35077
35078
35079
35080
35081
35082
35083
35084
35085
35086
35087
35088
35106
35108
35109
35107
35111
35110
35091
35092
35093
35094
35095
35096
35097
35098
35099
35100
35101
35102
35103
35104
35105
35120
35121
35122
35123
35124
35125
35153
35154
35155
35156
35157
35158
35159
35160
35168
35166
35169
35167
35165
35170
35161
35162
35163
35164
35171
35172
35173
35174
35186
35184
35187
35185
35183
35188
35179
35180
35181
35182
35175
35176
35177
35178
35204
35205
35206
35207
35236
35237
35238
35239
35240
35241
35242
35243
35244
35245
35246
35247
35248
35249
35250
35251
35252
35253
35254
35255
35256
35257
35258
35259
35260
35261
35262
35263
35264
35265
35266
35267
35282
35289
35287
35283
35285
35284
35288
35286
35268
35269
35270
35271
35272
35273
35274
35275
35276
35277
35278
35279
35280
35281
35290
35291
35292
35293
35294
35295
35296
35297
35298
35299
35300
35301
35302
35303
35332
35339
35337
35333
35335
35334
35338
35336
35304
35305
35306
35307
35308
35309
35310
35311
35312
35313
35314
35315
35316
35317
35318
35319
35320
35321
35322
35323
35324
35325
35326
35327
35328
35329
35330
35331
35402
35403
35405
35406
35407
35408
35409
35410
35411
35412
35413
35414
35415
35416
35417
35418
35419
35420
35421
35422
35423
35455
35456
35457
35458
35459
35460
35461
35462
35463
35464
35465
35466
35467
35468
35469
35470
35471
35472
35473
35474
35475
35476
35477
35478
35479
35493
35494
35495
35480
35481
35482
35483
35484
35485
35486
35487
35488
35489
35490
35491
35492
35496
35497
35498
35499
35500
35501
35502
35503
35504
35527
35528
35529
35505
35506
35507
35508
35509
35510
35511
35512
35513
35514
35515
35516
35517
35518
35519
35520
35521
35522
35523
35524
35525
35526
35585
35586
35588
35589
35590
35591
35592
35593
35594
35595
35596
35597
35598
35599
35600
35601
35602
35603
35604
35616
35617
35618
35619
35605
35606
35607
35608
35609
35610
35611
35612
35613
35614
35615
35620
35621
35622
35623
35639
35640
35641
35642
35624
35625
35626
35627
35628
35629
35630
35631
35632
35633
35634
35635
35636
35637
35638
35646
35647
35648
35649
35650
35651
35652
35653
35654
35655
35656
35657
35658
35659
35660
35661
35662
35693
35677
35678
35679
35680
35681
35682
35683
35684
35685
35686
35687
35688
35689
35690
35691
35692
36667
36668
36669
36671
36672
36673
36674
36675
36676
36677
36678
36679
36680
36683
36684
36685
36686
36687
36688
36689
36690
36691
36692
36693
36694
36695
36696
36697
36698
36699
36700
36701
36702
36703
36704
36705
36706
36707
36708
36709
36710
36711
36712
36713
36714
36715
36716
36717
36718
36719
36720
36721
36722
36723
36724
36727
36725
36730
36728
36726
36729
36779
36774
36771
36776
36769
36777
36773
36775
36772
36778
36770
36768
36739
36740
36741
36742
36743
36744
36745
36746
36747
36748
36749
36750
36751
36752
36753
36754
36755
36756
36757
36758
36759
36760
36761
36762
36763
36764
36765
36766
36767
36731
36732
36733
36734
36735
36736
36737
36738
36825
36821
36829
36827
36823
36828
36834
36826
36820
36831
36818
36832
36824
36830
36822
36833
36819
36817
36788
36789
36790
36791
36792
36793
36794
36795
36796
36797
36798
36799
36800
36801
36802
36803
36804
36805
36806
36807
36808
36809
36810
36811
36812
36813
36814
36815
36816
36780
36781
36782
36783
36784
36785
36786
36787
36908
36915
36916
36917
36918
36919
36920
36921
36922
36923
36924
36925
36926
36927
36928
36929
36930
36931
36932
36933
36934
36935
36936
36937
36956
36955
36957
36954
36938
36939
36940
36941
36942
36943
36944
36945
36946
36947
36948
36949
36950
36951
36952
36953
36978
36979
36976
36975
36977
36974
36958
36959
36960
36961
36962
36963
36964
36965
36966
36967
36968
36969
36970
36971
36972
36973
37069
37070
37071
37072
37073
37074
37101
37096
37097
37098
37099
37100
37561
37563
37564
37565
37566
37567
37568
37569
37570
37571
37572
37573
37574
37584
37585
37575
37576
37577
37578
37579
37580
37581
37582
37583
37595
37596
37597
37586
37587
37588
37589
37590
37591
37592
37593
37594
37879
37880
37881
37882
37943
37944
37945
37946
37947
37948
37949
37950
37951
37952
37953
37954
37955
37956
37957
37959
37960
37962
37963
37961
37977
37976
37973
37967
37968
37969
37970
37971
37972
37964
37965
37966
37974
37975
37993
37994
37991
37992
37990
37987
37981
37982
37983
37984
37985
37986
37978
37979
37980
37988
37989
38876
38877
38878
38879
38880
38881
38882
38883
38884
38885
38886
38887
38888
38889
38890
38893
38892
38894
38891
38907
38897
38898
38899
38900
38901
38902
38903
38904
38905
38906
38921
38920
38922
38918
38919
38908
38909
38910
38911
38912
38913
38914
38915
38916
38917
38994
38995
38996
38997
38998
38999
39000
39001
39002
39003
39004
39005
39006
39007
39008
39009
39010
39011
39012
39013
39014
39015
39016
39017
39018
39019
39020
39021
39022
39023
39024
39025
39026
39027
39028
39029
39030
39031
39032
39033
39034
39035
39036
39037
39038
39039
39040
39041
39042
39043
39044
39045
39046
39047
39048
39049
39050
39051
39078
39079
39080
39052
39053
39054
39055
39056
39057
39058
39059
39060
39061
39062
39063
39064
39065
39066
39067
39068
39069
39070
39071
39072
39073
39074
39075
39076
39077
39244
39245
39246
39247
39248
39249
39250
39251
39252
39253
39254
39255
39256
39257
39260
39259
39258
39261
39262
39263
39264
39265
39266
39267
39268
39269
39270
39271
39286
39285
39284
39273
39274
39275
39276
39277
39278
39279
39280
39281
39282
39283
39295
39296
39297
39298
39299
39300
39301
39302
39303
39304
39305
39306
39307
39308
39309
39326
39327
39337
39338
39339
39340
39328
39329
39330
39331
39332
39333
39334
39335
39336
39354
39355
39350
39351
39352
39353
39341
39342
39343
39344
39345
39346
39347
39348
39349
39664
39665
39671
39672
39841
39842
39843
39844
39845
39846
39847
39848
39849
39850
39851
39852
39853
39854
39855
39856
39857
39858
39865
39866
39859
39860
39861
39862
39863
39864
39867
39868
39869
39870
39871
39872
39873
39874
39875
39876
39893
39894
39877
39878
39879
39880
39881
39882
39883
39884
39885
39886
39887
39888
39889
39890
39891
39892
40748
40749
40750
40751
40752
40753
40754
40755
40756
40757
40758
40759
40760
40761
40762
40763
40764
40765
40766
40767
40768
40769
40770
40771
40772
40773
40774
40775
40776
40777
40778
40779
40780
40781
40782
40783
40784
40785
40786
40787
40788
40789
40790
40791
40792
40793
40794
40795
40796
40797
40798
40799
40800
40801
40802
40803
40804
40805
40806
40807
40808
40809
40817
40819
40821
40823
40820
40815
40824
40818
40825
40816
40822
40810
40811
40812
40813
40814
40826
40827
40828
40829
40830
40831
40832
40833
40834
40835
40836
40837
40838
40839
40840
40841
40842
40843
40844
40845
40846
40847
40848
40849
40850
40851
40852
40853
40854
40855
40856
40857
40858
40859
40860
40861
40862
40863
40864
40865
40866
40867
40868
40869
40870
40871
40925
40927
40929
40931
40928
40923
40932
40926
40933
40924
40930
40872
40873
40874
40875
40876
40877
40878
40879
40880
40881
40882
40883
40884
40885
40886
40887
40888
40889
40890
40891
40892
40893
40894
40895
40896
40897
40898
40899
40900
40901
40902
40903
40904
40905
40906
40907
40908
40909
40910
40911
40912
40913
40914
40915
40916
40917
40918
40919
40920
40921
40922
41591
41592
41593
41594
41595
41596
41597
41598
41599
41604
41605
41601
41602
41603
41609
41612
41610
41611
41606
41607
41608
41615
41616
41617
41618
41619
41620
41621
41622
41623
41624
41625
41626
41627
41628
41629
41631
41632
41633
41644
41645
41640
41641
41642
41643
41634
41635
41636
41637
41638
41639
41656
41657
41658
41659
41660
41652
41653
41654
41655
41646
41647
41648
41649
41650
41651
41697
41698
41699
41700
41701
41702
41703
41704
41705
41706
41707
41708
41739
41740
41741
41742
41743
41744
41745
41746
41747
41748
41749
41750
41751
41752
41753
41754
41755
41756
41757
41758
41759
41760
41761
41787
41788
41789
41790
41762
41763
41764
41765
41766
41767
41768
41769
41770
41771
41772
41773
41774
41775
41776
41777
41778
41779
41780
41781
41782
41783
41784
41785
41786
41791
41792
41793
41794
41795
41796
41828
41829
41830
41831
41797
41798
41799
41800
41801
41802
41803
41804
41805
41806
41807
41808
41809
41810
41811
41812
41813
41814
41815
41816
41817
41818
41819
41820
41821
41822
41823
41824
41825
41826
41827
41885
41886
41887
41888
41889
41890
41891
41892
41926
41927
41925
41928
41929
41930
41931
41932
41939
41940
41938
41933
41934
41935
41936
41937
42120
42121
42122
42123
42146
42147
42148
42149
42150
42151
42157
42156
42152
42153
42154
42155
42162
42163
42165
42164
42158
42159
42160
42161
42300
42301
42302
42303
42304
42305
42306
42307
42308
42309
42310
42311
42312
42313
42314
42315
42316
42317
42318
42319
42320
42321
42322
42323
42324
42325
42327
42326
42347
42349
42348
42332
42333
42334
42335
42336
42337
42338
42339
42340
42341
42342
42343
42344
42345
42346
42328
42329
42330
42331
42371
42375
42374
42370
42373
42372
42355
42356
42357
42358
42359
42360
42361
42362
42363
42364
42365
42366
42367
42368
42369
42351
42352
42353
42354
42426
42427
42428
42429
42430
42432
42433
42431
42435
42434
42437
42439
42436
42440
42438
42622
42623
42624
42625
42626
42627
42628
42629
42630
42631
42632
42633
42634
42635
42636
42637
42638
42639
42640
42641
42642
42643
42644
42657
42658
42645
42646
42647
42648
42649
42650
42651
42652
42653
42654
42655
42656
42676
42677
42678
42679
42680
42681
42682
42683
42684
42706
42707
42685
42686
42687
42688
42689
42690
42691
42692
42693
42694
42695
42696
42697
42698
42699
42700
42701
42702
42703
42704
42705
42724
42725
42726
42727
42728
42729
42749
42750
42751
42752
42753
42754
42755
42756
42757
42758
42759
42760
42761
42762
42763
42764
42765
42766
42767
42768
42769
42770
42771
42772
42773
42774
42775
42776
42777
42778
42779
42780
42781
42782
42783
42784
42785
42786
42787
42788
42789
42790
42791
42792
42793
42794
42795
42796
42797
42798
42799
42800
42801
42802
42803
42808
42807
42804
42806
42805
42809
42810
42811
42812
42813
42814
42815
42816
42817
42818
42819
42820
42821
42822
42823
42824
42835
42836
42837
42838
42839
42840
42841
42842
42843
42844
42845
42846
42847
42848
42849
42850
42851
42852
42853
42854
42855
42856
42857
42858
42859
42860
42861
42862
42863
42864
42825
42826
42827
42828
42829
42830
42831
42832
42833
42834
42924
42923
42920
42922
42921
42925
42865
42866
42867
42868
42869
42870
42871
42872
42873
42874
42875
42876
42877
42878
42879
42890
42891
42892
42893
42894
42895
42896
42897
42898
42899
42900
42901
42902
42903
42904
42905
42906
42907
42908
42909
42910
42911
42912
42913
42914
42915
42916
42917
42918
42919
42880
42881
42882
42883
42884
42885
42886
42887
42888
42889
42943
42944
42945
42988
42989
42990
42991
42992
42993
42994
42995
42996
42997
42998
42999
43000
43001
43002
43003
43004
43014
43013
43010
43012
43009
43011
43005
43006
43007
43008
43017
43018
43019
43020
43021
43022
43023
43024
43015
43016
43044
43043
43040
43042
43039
43041
43027
43028
43029
43030
43031
43032
43033
43034
43035
43036
43037
43038
43025
43026
43207
43208
43209
43210
43211
43212
43213
43215
43216
43217
43218
43219
43227
43225
43222
43223
43226
43220
43224
43221
43231
43235
43237
43234
43230
43232
43236
43228
43233
43229
43586
43587
43588
43589
43590
43591
43592
43593
43594
43595
43596
43597
43598
43599
43600
43601
43603
43617
43618
43604
43605
43606
43607
43608
43609
43610
43611
43612
43613
43614
43615
43616
43633
43632
43634
43619
43620
43621
43622
43623
43624
43625
43626
43627
43628
43629
43630
43631
43809
43810
43811
43812
43829
43830
43831
43832
43833
43834
43835
43836
43866
43867
43868
43869
43870
43871
43872
43873
43874
43875
43876
43877
43878
43879
43880
43881
43882
43883
43884
43885
43886
43887
43888
43889
43890
43891
43892
43893
43894
43895
43896
43897
43910
43911
43912
43913
43914
43915
43916
43917
43918
43919
43920
43921
43922
43923
43924
43925
43969
43926
43927
43928
43929
43930
43931
43932
43933
43934
43935
43936
43937
43938
43939
43940
43941
43942
43943
43944
43945
43946
43947
43948
43949
43950
43951
43952
43953
43954
43955
43956
43957
43958
43959
43960
43961
43962
43963
43964
43965
43966
43967
43968
44013
44014
44015
43970
43971
43972
43973
43974
43975
43976
43977
43978
43979
43980
43981
43982
43983
43984
43985
43986
43987
43988
43989
43990
43991
43992
43993
43994
43995
43996
43997
43998
43999
44000
44001
44002
44003
44004
44005
44006
44007
44008
44009
44010
44011
44012
44086
44087
44088
44089
44092
44090
44091
44093
44096
44094
44095
44097
44287
44288
44289
44290
44291
44292
44293
44294
44295
44296
44297
44298
44299
44300
44301
44302
44303
44304
44305
44306
44307
44308
44309
44310
44311
44312
44313
44314
44315
44316
44317
44318
44319
44320
44321
44322
44323
44324
44325
44326
44327
44328
44329
44330
44331
44332
44333
44334
44335
44336
44337
44338
44339
44340
44375
44376
44377
44378
44341
44342
44343
44344
44345
44346
44347
44348
44349
44350
44351
44352
44353
44354
44355
44356
44357
44358
44359
44360
44361
44362
44363
44364
44365
44366
44367
44368
44369
44370
44371
44372
44373
44374
44379
44380
44381
44382
44383
44384
44385
44386
44387
44388
44389
44390
44391
44392
44393
44394
44445
44446
44447
44448
44395
44396
44397
44398
44399
44400
44401
44402
44403
44404
44405
44406
44407
44408
44409
44410
44411
44412
44413
44414
44415
44416
44417
44418
44419
44420
44421
44422
44423
44424
44425
44426
44427
44428
44429
44430
44431
44432
44433
44434
44435
44436
44437
44438
44439
44440
44441
44442
44443
44444
44544
44545
44546
44547
44548
44549
44550
44551
44552
44554
44555
44556
44557
44558
44559
44560
44561
44562
44563
44565
44566
44567
44568
44569
44570
44571
44572
44573
44574
44575
44576
44577
44578
44579
44580
44581
44582
44583
44584
44586
44587
44588
44589
44590
44591
44592
44593
44594
44595
44597
44598
44599
44600
44601
44602
44603
44604
44605
44606
44608
44609
44610
44611
44612
44613
44614
44615
44616
44621
44617
44618
44619
44620
44622
44623
44624
44625
44626
44627
44668
44669
44670
44672
44674
44678
44681
44683
44684
44685
44644
44645
44646
44647
44629
44630
44631
44632
44633
44634
44635
44636
44637
44638
44639
44640
44657
44659
44660
44661
44671
44649
44655
44658
44650
44651
44654
44652
44653
44656
44662
44664
44663
44665
44666
44667
44673
44675
44676
44677
44679
44680
44682
44641
44642
44643
44648
44724
44707
44708
44709
44719
44725
44730
44731
44732
44733
44734
44736
44737
44738
44740
44742
44746
44749
44751
44752
44753
44701
44702
44703
44704
44686
44687
44688
44689
44690
44691
44692
44693
44694
44695
44696
44697
44717
44720
44721
44722
44739
44706
44715
44718
44710
44711
44714
44712
44713
44716
44723
44727
44726
44728
44729
44735
44741
44743
44744
44745
44747
44748
44750
44698
44699
44700
44705
44805
44806
44807
44808
44809
44810
44811
44812
44813
44814
44815
44816
44817
44818
44819
44820
44821
44822
44823
44824
44825
44826
44827
44828
44829
44830
44831
44832
44833
44834
44837
44838
44839
44840
44841
44842
44843
44844
44845
44846
44847
44848
44849
44850
44851
44852
44853
44854
44855
44856
44857
44858
44859
44860
44861
44862
44863
44864
44865
44866
44867
44923
44924
44868
44869
44870
44871
44872
44873
44874
44875
44876
44877
44878
44879
44880
44881
44882
44883
44884
44885
44886
44887
44888
44889
44890
44891
44892
44893
44894
44895
44896
44897
44898
44899
44900
44901
44902
44903
44904
44905
44906
44907
44908
44909
44910
44911
44912
44913
44914
44915
44916
44917
44918
44919
44920
44921
44922
44981
44982
44980
44983
44925
44926
44927
44928
44929
44930
44931
44932
44933
44934
44935
44936
44937
44938
44939
44940
44941
44942
44943
44944
44945
44946
44947
44948
44949
44950
44951
44952
44953
44954
44955
44956
44957
44958
44959
44960
44961
44962
44963
44964
44965
44966
44967
44968
44969
44970
44971
44972
44973
44974
44975
44976
44977
44978
44979
45026
45027
45028
45029
45030
45031
45032
45033
45034
45035
45036
45037
45038
45039
45040
45041
45042
45043
45044
45045
45046
45047
45048
45049
45050
45051
45052
45053
45069
45070
45057
45058
45059
45060
45061
45062
45063
45064
45065
45066
45067
45068
45152
45153
45154
45155
45156
45159
45157
45158
45160
45161
45166
45164
45165
45162
45163
45325
45326
45327
45328
45329
45330
45331
45332
45333
45334
45335
45336
45337
45338
45339
45358
45359
45360
45361
45362
45363
45377
45376
45378
45371
45372
45364
45365
45373
45374
45375
45366
45367
45368
45369
45370
45379
45380
45381
45382
45383
45384
45404
45403
45405
45398
45399
45385
45386
45400
45401
45402
45393
45394
45395
45396
45397
45387
45388
45389
45390
45391
45392
45495
45521
45522
45523
45524
45525
45526
45527
45528
45529
45530
45531
45532
45533
45534
45535
45536
45537
45538
45539
45540
45541
45542
45543
45544
45545
45546
45547
45548
45549
45550
45551
45552
45623
45626
45625
45627
45622
45624
45628
45654
45640
45641
45642
45643
45644
45645
45646
45647
45629
45630
45631
45632
45633
45634
45635
45636
45637
45638
45639
45648
45649
45650
45651
45652
45653
45681
45684
45683
45685
45680
45682
45686
45687
45666
45667
45668
45669
45670
45671
45672
45673
45655
45656
45657
45658
45659
45660
45661
45662
45663
45664
45665
45674
45675
45676
45677
45678
45679
45919
45920
45921
45922
45923
45924
45925
45926
45935
45936
45937
45938
45939
45940
45941
45942
45943
45944
45945
45946
45947
45948
45949
45950
45951
45952
45953
45954
45960
45958
45955
45961
45959
45956
45957
45962
45963
45964
45967
45968
45969
45970
45971
45972
45973
45974
45975
45976
45977
45978
45979
45980
45981
45982
45965
45966
46008
46006
46003
46009
46007
46004
46005
46010
45983
45984
45987
45988
45989
45990
45991
45992
45993
45994
45995
45996
45997
45998
45999
46000
46001
46002
45985
45986
46057
46058
46059
46060
46061
46062
46063
46064
46065
46066
46067
46068
46069
46070
46071
46072
46073
46074
46075
46076
46077
46078
46079
46080
46081
46082
46083
46084
46108
46107
46091
46092
46093
46094
46095
46096
46097
46098
46099
46100
46101
46102
46103
46104
46105
46106
46085
46086
46087
46088
46089
46090
46132
46134
46133
46131
46115
46116
46117
46118
46119
46120
46121
46122
46123
46124
46125
46126
46127
46128
46129
46130
46109
46110
46111
46112
46113
46114
46168
46169
46170
46171
46172
46177
46173
46174
46175
46176
46309
46310
46311
46312
46313
46314
46315
46351
46352
46353
46354
46355
46356
46357
46358
46359
46360
46362
46363
46364
46365
46366
46367
46368
46369
46370
46371
46372
46373
46374
46375
46376
46377
46378
46379
46380
46381
46382
46383
46384
46385
46386
46387
46388
46389
46390
46391
46393
46394
46395
46396
46397
46398
46399
46400
46401
46402
46403
46404
46405
46406
46407
46408
46409
46410
46411
46412
46421
46424
46426
46417
46419
46427
46420
46425
46431
46416
46415
46429
46418
46413
46414
46422
46423
46428
46430
46432
46479
46478
46477
46452
46453
46454
46433
46434
46435
46436
46437
46438
46475
46476
46439
46440
46441
46442
46443
46444
46445
46446
46447
46448
46449
46450
46451
46455
46456
46457
46458
46459
46460
46461
46462
46463
46464
46465
46466
46467
46468
46469
46470
46471
46472
46473
46474
46534
46538
46540
46528
46530
46541
46531
46539
46545
46527
46526
46543
46529
46524
46525
46536
46537
46542
46544
46546
46535
46533
46532
46499
46500
46501
46480
46481
46482
46483
46484
46485
46522
46523
46486
46487
46488
46489
46490
46491
46492
46493
46494
46495
46496
46497
46498
46502
46503
46504
46505
46506
46507
46508
46509
46510
46511
46512
46513
46514
46515
46516
46517
46518
46519
46520
46521
46625
46626
46627
46628
46629
46630
46631
46632
46633
46635
46634
46636
46637
46644
46645
46646
46647
46648
46655
46654
46656
46657
46649
46650
46651
46652
46653
