34346
34347
34342
34341
34345
34343
34344
34317
34318
34335
34336
34337
34338
34339
34340
34319
34320
34321
34322
34323
34324
34325
34326
34327
34328
34329
34330
34331
34332
34333
34334
44051
44052
44050
44057
44049
44053
44054
44055
44056
44040
44041
44042
44043
44044
44045
44046
44047
44048
44033
44034
44035
44036
44037
44038
44039
44031
44032
48619
48620
48621
48622
48623
48613
48614
48615
48616
48617
48618
48551
48552
48544
48545
48546
48547
48548
48549
48550
48541
48542
48543
48553
48554
48555
48556
48557
48558
48559
48560
48561
48562
48563
48564
48565
48566
48567
48568
48569
48570
48571
48572
48573
48574
48575
48576
48577
48578
48579
48580
48581
48582
48583
48584
48585
48586
48587
48588
48589
48590
48591
48592
48593
48594
48595
48596
48597
48598
48599
48600
48601
48602
48603
48604
48605
48606
48607
48608
48609
48610
48611
48612
4126
4124
4118
4114
4116
4117
4119
4125
4121
4111
4122
4110
4115
4120
4123
4113
4112
4092
4093
4094
4095
4096
4097
4098
4099
4100
4101
4102
4103
4104
4105
4074
4075
4076
4077
4078
4079
4080
4081
4082
4083
4084
4085
4086
4087
4088
4089
4090
4091
4106
4107
4108
4109
9612
9614
9613
11696
11698
11699
11695
11697
13889
13887
13888
13884
13885
13886
15132
15136
15133
15142
15135
15134
15137
15140
15138
15139
15141
15124
15125
15126
15127
15128
15129
15130
15131
15116
15117
15118
15119
15120
15121
15122
15123
21167
21165
21166
21152
21153
21154
21155
21156
21157
21158
21159
21160
21161
21162
21163
21164
22697
22696
22699
22698
24789
24787
24784
24782
24780
24786
24785
24783
24781
24788
24779
35345
35337
35338
35339
35340
35341
35342
35343
35344
45615
45613
45612
45616
45614
45617
45586
45587
45588
45589
45590
45591
45592
45593
45594
45595
45561
45562
45563
45564
45565
45566
45567
45568
45569
45570
45571
45572
45573
45574
45549
45550
45551
45575
45576
45577
45578
45579
45580
45581
45582
45583
45584
45585
45552
45553
45554
45555
45556
45557
45558
45559
45560
45596
45597
45598
45599
45600
45601
45602
45603
45604
45605
45606
45607
45608
45609
45610
45611
48538
48537
48536
48466
48467
48468
48469
48470
48471
48472
48473
48474
48475
48476
48477
48478
48479
48480
48481
48482
48483
48484
48485
48486
48487
48488
48489
48490
48491
48492
48493
48494
48495
48496
48497
48498
48499
48500
48501
48502
48503
48504
48505
48506
48507
48508
48509
48510
48511
48512
48513
48514
48515
48516
48517
48518
48519
48520
48521
48522
48523
48524
48525
48526
48527
48528
48529
48530
48531
48532
48533
48534
48535
49017
49018
49019
49020
49021
49022
49023
49024
48958
48959
48960
48961
48962
48963
48964
48965
48966
48967
48968
48969
48970
48971
48972
48973
48974
48975
48976
48977
48978
48979
48980
48981
48982
48983
48984
48985
48986
48987
48988
48989
48990
48991
48992
48993
48994
48995
48996
48997
48998
48999
49000
49001
49002
49003
49004
49005
49006
49007
49008
49009
49010
49011
49012
49013
49014
49015
49016
49217
49218
49214
49215
49216
49213
49538
49539
49508
49509
49510
49511
49512
49513
49514
49515
49516
49517
49518
49519
49520
49521
49522
49523
49524
49525
49526
49527
49528
49529
49530
49531
49532
49533
49534
49535
49536
49537
49935
49936
49937
49938
49939
49940
49843
49844
49845
49846
49847
49848
49849
49850
49851
49852
49853
49854
49855
49856
49857
49858
49859
49860
49861
49862
49863
49864
49865
49866
49867
49868
49869
49870
49871
49872
49873
49874
49875
49876
49877
49878
49879
49880
49881
49882
49883
49884
49885
49886
49887
49888
49889
49890
49891
49892
49893
49894
49895
49896
49897
49898
49899
49900
49901
49902
49903
49904
49905
49906
49907
49908
49909
49910
49911
49912
49913
49914
49915
49916
49917
49918
49919
49920
49921
49922
49923
49924
49925
49926
49927
49928
49929
49930
49931
49932
49933
49934
50110
50108
50109
50439
50440
50410
50411
50412
50413
50414
50415
50416
50417
50418
50419
50420
50421
50422
50423
50424
50425
50426
50427
50428
50429
50430
50431
50432
50433
50434
50435
50436
50437
50438
51057
51058
51059
51060
51029
51030
51031
51032
51033
51034
51035
51036
51037
51038
51039
51040
51041
51042
51043
51044
51045
51046
51047
51048
51049
51050
51051
51052
51053
51054
51055
51056
3392
3389
3390
3391
3342
3343
3344
3345
3346
3347
3348
3349
3350
3351
3352
3353
3354
3355
3356
3357
3358
3359
3360
3361
3362
3363
3364
3365
3366
3367
3368
3369
3370
3371
3372
3373
3374
3375
3376
3377
3378
3379
3380
3381
3382
3383
3384
3385
3386
3387
3388
3913
3914
3909
3911
3910
3912
3888
3889
3890
3891
3892
3893
3894
3895
3896
3897
3898
3899
3900
3901
3902
3903
3904
3905
3906
3907
3908
4178
4191
4181
4182
4190
4186
4187
4183
4184
4188
4185
4177
4180
4189
4179
4174
4175
4176
4172
4173
4152
4153
4154
4155
4156
4157
4158
4159
4160
4161
4162
4163
4164
4165
4166
4167
4168
4169
4170
4171
5802
5796
5797
5798
5799
5800
5801
6106
6107
6105
6080
6081
6082
6083
6084
6085
6086
6087
6088
6089
6090
6091
6092
6093
6094
6095
6096
6097
6098
6099
6100
6101
6102
6103
6104
7346
7345
7321
7322
7323
7324
7325
7326
7327
7328
7329
7330
7331
7332
7333
7334
7335
7336
7337
7338
7339
7340
7341
7342
7343
7344
7320
7822
7820
7823
7821
7804
7805
7806
7807
7808
7809
7810
7811
7812
7813
7814
7815
7816
7817
7818
7819
8331
8332
8333
8307
8308
8309
8310
8311
8312
8313
8314
8315
8316
8317
8318
8319
8320
8321
8322
8323
8324
8325
8326
8327
8328
8329
8330
8836
8837
8838
8839
8840
8841
8842
8828
8829
8830
8831
8832
8833
8834
8835
9601
9598
9599
9597
9603
9591
9593
9592
9602
9600
9594
9595
9596
9588
9589
9590
9576
9577
9578
9579
9580
9581
9582
9583
9584
9585
9586
9587
9734
9735
9737
9738
9736
10809
10806
10808
10807
10774
10775
10776
10777
10778
10779
10780
10781
10782
10783
10784
10785
10786
10787
10788
10789
10790
10791
10792
10793
10794
10795
10796
10797
10798
10799
10800
10801
10802
10803
10804
10805
11507
11503
11504
11506
11505
11508
11509
11510
11496
11497
11498
11499
11500
11501
11502
11487
11488
11489
11490
11491
11492
11493
11494
11495
11717
11718
11719
11810
11807
11808
11809
11772
11773
11774
11775
11776
11777
11778
11779
11780
11781
11782
11783
11784
11785
11786
11787
11788
11789
11790
11791
11792
11793
11794
11795
11796
11797
11798
11799
11800
11801
11802
11803
11804
11805
11806
12174
12171
12176
12175
12173
12172
12170
12253
12255
12252
12257
12256
12254
12241
12242
12243
12244
12245
12246
12247
12248
12249
12250
12251
12232
12233
12234
12235
12236
12237
12238
12239
12240
13098
13097
13090
13095
13094
13096
13092
13091
13093
13016
13017
13018
13023
13024
13025
13026
13027
13028
13029
13019
13020
13021
13022
13030
13031
13032
13033
13034
13035
13036
13037
13038
13039
13040
13041
13042
13043
13044
13045
13046
13047
13048
13049
13050
13051
13052
13053
13054
13055
13056
13057
13058
13059
13060
13061
13062
13063
13064
13065
13066
13067
13068
13069
13070
13071
13072
13073
13074
13075
13076
13077
13078
13079
13080
13081
13082
13083
13084
13085
13086
13087
13088
13089
13721
13719
13720
13714
13715
13716
13717
13718
13879
13862
13873
13850
13881
13877
13875
13872
13853
13855
13874
13878
13857
13851
13876
13866
13854
13852
13868
13861
13869
13856
13871
13867
13870
13880
13858
13859
13860
13863
13864
13865
13828
13829
13830
13831
13832
13833
13822
13823
13824
13825
13826
13827
13814
13815
13816
13817
13818
13819
13820
13821
13834
13835
13836
13837
13838
13839
13840
13841
13842
13843
13844
13845
13846
13847
13848
13849
14024
14025
14026
14027
14028
14029
14030
14031
14032
14033
14293
14292
14291
14294
14261
14262
14263
14264
14265
14266
14267
14268
14269
14270
14271
14272
14273
14274
14275
14276
14277
14278
14279
14280
14281
14282
14283
14284
14285
14286
14287
14288
14289
14290
14705
14706
14707
14691
14692
14693
14694
14695
14696
14697
14698
14699
14700
14701
14702
14703
14704
14862
14861
14854
14855
14856
14857
14858
14859
14860
15053
15054
15055
15039
15040
15041
15042
15043
15044
15045
15046
15047
15048
15049
15050
15051
15052
15421
15415
15416
15417
15418
15419
15420
15410
15411
15412
15413
15414
16282
16283
16284
16265
16266
16267
16268
16269
16270
16271
16272
16273
16274
16275
16276
16277
16278
16279
16280
16281
16380
16381
16378
16379
16382
16377
16298
16299
16300
16301
16302
16303
16304
16305
16306
16307
16308
16309
16310
16311
16312
16313
16314
16315
16316
16317
16318
16319
16320
16321
16322
16323
16324
16328
16329
16330
16331
16332
16333
16334
16335
16336
16337
16338
16339
16340
16341
16342
16343
16344
16345
16346
16347
16348
16349
16350
16351
16352
16353
16354
16355
16356
16357
16358
16359
16360
16361
16362
16363
16364
16365
16366
16367
16368
16369
16370
16371
16372
16373
16374
16375
16376
16325
16326
16327
16387
16385
16386
17425
17371
17372
17373
17374
17375
17376
17377
17378
17379
17380
17381
17382
17383
17384
17385
17386
17387
17388
17389
17390
17391
17392
17393
17394
17395
17396
17397
17398
17399
17400
17401
17402
17403
17404
17405
17406
17407
17408
17409
17410
17411
17412
17413
17414
17415
17416
17417
17418
17419
17420
17421
17422
17423
17424
18374
18377
18375
18376
18378
18356
18357
18358
18359
18360
18361
18362
18363
18364
18365
18366
18367
18368
18369
18370
18371
18372
18373
18343
18344
18345
18346
18347
18348
18349
18350
18351
18352
18353
18354
18355
18628
18629
18631
18632
18630
18616
18617
18618
18619
18620
18621
18622
18623
18624
18625
18626
18627
18614
18615
18782
18783
18784
18785
18776
18777
18778
18779
18780
18781
19320
19308
19309
19319
19317
19316
19318
19314
19312
19315
19310
19311
19313
19304
19305
19306
19307
19278
19279
19280
19281
19282
19283
19284
19285
19286
19287
19288
19289
19290
19291
19292
19275
19276
19277
19269
19270
19271
19272
19273
19274
19301
19302
19303
19298
19299
19300
19293
19294
19295
19296
19297
19482
19483
19472
19473
19474
19475
19476
19477
19478
19479
19480
19481
19451
19452
19453
19454
19455
19456
19457
19458
19459
19460
19461
19462
19463
19464
19465
19466
19467
19468
19469
19470
19471
20022
20023
20024
20021
20016
20017
20018
20019
20020
20010
20011
20012
20013
20014
20015
20700
20699
20701
20703
20702
20685
20686
20687
20688
20689
20690
20691
20692
20693
20694
20695
20696
20697
20698
20667
20668
20669
20670
20671
20672
20673
20674
20675
20676
20677
20678
20679
20680
20681
20682
20683
20684
21632
21633
21964
21965
21966
21967
21940
21941
21942
21943
21944
21945
21946
21947
21948
21949
21950
21951
21952
21953
21954
21955
21956
21957
21958
21959
21960
21961
21962
21963
22539
22538
22528
22529
22530
22531
22532
22533
22534
22535
22536
22537
22974
22975
22976
22946
22947
22948
22949
22950
22951
22952
22953
22954
22955
22956
22957
22958
22959
22960
22961
22962
22963
22964
22965
22966
22967
22968
22969
22970
22971
22972
22973
23088
23090
23089
23091
23065
23066
23067
23068
23069
23070
23071
23072
23073
23074
23075
23076
23084
23085
23086
23087
23077
23078
23079
23080
23081
23082
23083
24023
24024
24025
24007
24008
24009
24010
24011
24012
24013
24014
24015
24016
24017
24018
24019
24020
24021
24022
24442
24447
24464
24456
24451
24443
24467
24457
24460
24449
24453
24469
24462
24454
24461
24468
24459
24458
24452
24439
24440
24445
24465
24446
24466
24444
24441
24470
24455
24463
24448
24450
24382
24383
24384
24385
24386
24387
24388
24389
24390
24391
24392
24393
24394
24395
24396
24397
24398
24424
24425
24426
24427
24428
24429
24430
24431
24432
24433
24434
24435
24436
24399
24400
24401
24402
24403
24404
24405
24406
24407
24408
24409
24410
24411
24412
24413
24414
24415
24416
24417
24418
24419
24420
24378
24379
24380
24381
24437
24438
24421
24422
24423
24666
24667
24668
24652
24653
24654
24655
24656
24657
24658
24659
24660
24661
24662
24663
24664
24665
24774
24775
24777
24778
24776
24767
24768
24769
24770
24771
24772
24773
24755
24756
24757
24758
24759
24760
24761
24762
24763
24764
24765
24766
24837
24836
24838
24811
24812
24813
24814
24815
24816
24817
24818
24819
24820
24821
24822
24823
24824
24825
24826
24827
24828
24829
24830
24831
24832
24833
24834
24835
25222
25223
25164
25165
25166
25167
25168
25169
25170
25171
25172
25173
25174
25175
25176
25177
25178
25179
25180
25181
25182
25183
25184
25185
25186
25187
25188
25189
25190
25191
25192
25193
25194
25195
25196
25197
25198
25199
25200
25201
25202
25203
25204
25205
25206
25207
25208
25209
25210
25211
25212
25213
25214
25215
25216
25217
25218
25219
25220
25221
25450
25451
25433
25434
25435
25436
25437
25438
25439
25440
25441
25442
25443
25444
25445
25446
25447
25448
25449
25611
25605
25604
25607
25609
25608
25603
25600
25602
25610
25601
25606
25576
25577
25584
25585
25586
25587
25588
25589
25590
25591
25592
25593
25594
25519
25520
25521
25522
25523
25524
25525
25526
25527
25528
25529
25530
25531
25532
25533
25534
25535
25536
25537
25538
25539
25540
25541
25542
25543
25544
25545
25546
25547
25548
25549
25550
25551
25552
25553
25554
25555
25556
25557
25558
25559
25560
25561
25562
25563
25564
25565
25566
25567
25506
25507
25508
25509
25578
25579
25580
25510
25511
25512
25513
25514
25515
25516
25517
25518
25599
25581
25582
25583
25568
25569
25570
25571
25572
25573
25574
25575
25595
25596
25597
25598
25869
25861
25862
25863
25864
25865
25866
25867
25868
25802
25803
25804
25805
25806
25807
25808
25809
25810
25811
25812
25813
25814
25815
25816
25817
25818
25819
25820
25821
25822
25823
25824
25825
25826
25827
25828
25829
25830
25831
25832
25833
25834
25835
25836
25837
25838
25839
25840
25841
25842
25843
25844
25845
25846
25847
25848
25849
25850
25851
25852
25853
25854
25855
25856
25857
25858
25859
25860
26412
26417
26413
26415
26414
26416
26418
26419
26395
26396
26397
26398
26399
26400
26401
26402
26403
26404
26405
26406
26407
26408
26409
26410
26411
26981
26978
26982
26979
26980
26974
26975
26976
26977
26940
26941
26942
26943
26944
26945
26946
26947
26948
26949
26950
26951
26952
26969
26970
26971
26972
26973
26934
26935
26936
26937
26938
26939
26911
26912
26913
26914
26915
26916
26917
26918
26919
26920
26921
26922
26923
26924
26925
26926
26927
26928
26929
26930
26931
26932
26933
26953
26954
26955
26956
26957
26958
26959
26960
26961
26962
26963
26964
26965
26966
26967
26968
27390
27391
27378
27379
27380
27381
27382
27383
27384
27385
27386
27387
27388
27389
28294
28295
28296
28299
28298
28301
28297
28300
28284
28285
28286
28287
28288
28289
28290
28291
28292
28293
28271
28272
28273
28274
28275
28276
28277
28278
28279
28280
28281
28282
28283
30414
30425
30415
30418
30420
30421
30427
30417
30416
30426
30419
30422
30423
30424
30408
30409
30410
30411
30412
30413
30404
30405
30406
30407
30401
30402
30403
30524
30525
30511
30512
30513
30514
30515
30516
30517
30518
30519
30520
30521
30522
30523
30579
30580
30562
30563
30564
30565
30566
30567
30568
30569
30570
30571
30572
30573
30574
30575
30576
30577
30578
30888
30889
30890
30891
30892
30893
31277
31276
31278
31366
31370
31368
31361
31371
31363
31365
31369
31364
31367
31362
31340
31341
31342
31343
31344
31345
31346
31347
31348
31349
31350
31351
31352
31353
31354
31355
31356
31357
31358
31359
31360
31317
31318
31319
31320
31321
31322
31323
31324
31325
31326
31327
31328
31329
31330
31331
31332
31333
31334
31335
31336
31337
31338
31339
31309
31310
31311
31312
31313
31314
31315
31316
31552
31547
31548
31549
31550
31551
31535
31536
31537
31538
31539
31540
31541
31542
31543
31544
31545
31546
31918
31921
31922
31919
31920
32789
32794
32791
32792
32793
32790
32795
32788
32785
32786
32787
33149
33146
33147
33150
33148
33117
33117
33118
33118
33119
33119
33120
33120
33121
33122
33123
33124
33125
33141
33142
33143
33144
33145
33126
33127
33128
33129
33130
33131
33132
33133
33134
33135
33136
33137
33138
33139
33140
33315
33316
33317
33318
33319
33251
33252
33253
33254
33255
33256
33257
33258
33259
33260
33261
33262
33263
33264
33265
33266
33267
33268
33269
33270
33271
33272
33273
33274
33275
33276
33277
33278
33279
33280
33281
33282
33283
33284
33285
33286
33287
33288
33289
33290
33291
33292
33293
33294
33295
33296
33297
33298
33299
33300
33301
33302
33303
33304
33305
33306
33307
33308
33309
33310
33311
33312
33313
33314
33530
33532
33533
33529
33531
33523
33524
33525
33526
33527
33528
34636
34632
34633
34634
34635
34837
34838
34792
34793
34794
34795
34796
34797
34798
34799
34800
34801
34802
34803
34804
34805
34806
34807
34808
34809
34810
34811
34812
34813
34814
34815
34816
34817
34818
34819
34820
34821
34822
34823
34824
34825
34826
34827
34828
34829
34830
34831
34832
34833
34834
34835
34836
35193
35199
35197
35192
35195
35194
35198
35196
35185
35186
35187
35188
35189
35190
35191
35336
35395
35396
35397
35379
35380
35381
35382
35383
35384
35385
35386
35387
35388
35389
35390
35391
35392
35393
35394
35639
35640
35641
37063
37061
37062
37060
37064
37059
37056
37057
37058
37721
37723
37722
37724
37658
37659
37660
37661
37662
37663
37664
37665
37666
37667
37668
37669
37670
37671
37672
37673
37674
37675
37676
37677
37678
37679
37680
37681
37682
37683
37684
37685
37686
37687
37688
37689
37690
37691
37692
37693
37694
37695
37696
37697
37698
37699
37700
37701
37702
37703
37704
37705
37706
37707
37708
37709
37710
37711
37712
37713
37714
37715
37716
37717
37718
37719
37720
37887
37890
37889
37888
37891
37892
37881
37882
37883
37879
37880
37884
37885
37886
37900
37898
37899
38598
38599
38571
38572
38573
38574
38575
38576
38577
38578
38579
38580
38581
38582
38583
38584
38585
38586
38587
38588
38589
38590
38591
38592
38593
38594
38595
38596
38597
38919
38920
40050
40040
40054
40039
40044
40056
40038
40043
40046
40037
40053
40035
40049
40055
40057
40048
40047
40042
40051
40052
40045
40041
40036
40023
40024
40025
40026
40027
40028
40029
40030
40031
40032
40033
40034
40000
40001
40002
40003
40004
40005
40006
40007
40008
40009
40010
39997
39998
40015
40016
40017
40018
40019
40020
40021
40022
39999
40011
40012
40013
40014
40399
40398
40401
40397
40400
40395
40396
40366
40367
40368
40369
40370
40371
40372
40373
40374
40375
40376
40377
40378
40379
40380
40381
40382
40383
40384
40385
40386
40387
40388
40389
40390
40391
40392
40393
40394
40582
40584
40585
40583
40586
40579
40581
40580
40587
40553
40554
40555
40556
40557
40558
40559
40560
40561
40562
40563
40564
40565
40566
40567
40568
40569
40570
40571
40572
40573
40574
40575
40576
40577
40578
41077
41079
41074
41078
41076
41075
41021
41022
41023
41024
41025
41026
41027
41028
41029
41030
41031
41046
41047
41048
41049
41050
41051
41052
41053
41054
41055
41056
41057
41058
41011
41012
41013
41014
41015
41016
41017
41018
41019
41020
41032
41033
41034
41035
41036
41037
41038
41039
41040
41041
41042
41043
41044
41045
41059
41060
41061
41062
41063
41064
41065
41066
41067
41068
41069
41070
41071
41072
41073
41839
41840
41836
41837
41838
41828
41829
41830
41831
41832
41833
41834
41835
42195
42192
42197
42198
42193
42196
42194
42191
42199
42170
42171
42172
42173
42174
42175
42176
42177
42178
42179
42180
42181
42182
42183
42184
42185
42186
42187
42188
42189
42190
43051
43052
43053
43050
43041
43042
43043
43044
43045
43046
43047
43048
43049
45015
45019
45018
45020
45016
45021
45017
44980
44981
44982
44983
44984
44985
44986
44987
44988
44989
44990
45006
45007
45008
45009
45010
45011
45012
45013
45014
44997
44998
44999
45000
45001
45002
45003
45004
45005
44991
44992
44993
44994
44995
44996
45129
45130
45133
45131
45128
45132
45315
45320
45316
45318
45317
45319
45281
45282
45283
45289
45290
45291
45292
45293
45284
45285
45286
45287
45288
45294
45295
45296
45297
45298
45299
45300
45301
45302
45303
45304
45305
45306
45307
45308
45309
45310
45311
45312
45313
45314
46607
46608
46609
46593
46594
46595
46596
46597
46598
46599
46600
46601
46602
46603
46604
46605
46606
32096
32097
32094
32095
8454
