35126
36000
36681
37284
38037
38895
39667
40409
41336
41341
41338
41335
41340
41339
41337
42206
43143
43148
43145
43141
43147
43146
43144
43142
44835
45775
46555
46856
46936
46937
46947
46948
46949
46950
47126
47127
47138
47139
47137
47158
47156
47157
47152
47153
47154
47155
47150
47151
47179
47180
47177
47178
47175
47176
47171
47172
47173
47174
47169
47170
48667
48819
48830
48869
49095
49223
49331
49332
49333
49334
49345
49346
49347
49348
49349
49564
49565
49640
49641
49642
49643
49644
49645
49646
49647
49648
49649
49650
49651
49652
49653
49654
49655
49656
49657
49658
49659
49660
49661
49662
49663
49664
49665
49666
49667
49668
49721
49725
49720
49723
49722
49724
49711
49712
49713
49714
49715
49716
49717
49718
49719
49778
49779
49780
49781
49782
49783
49784
49785
49786
49787
49788
49789
49790
49791
49792
49793
49794
49795
49796
49797
49798
49799
49800
49801
49802
49803
49804
49805
49806
49807
49808
50003
50007
50002
50005
50004
50006
49962
49963
49964
49965
49966
49967
49968
49969
49970
49971
49972
49973
49974
49975
49976
49977
49978
49979
49980
49981
49982
49983
49984
49985
49986
49987
49988
49989
49990
49991
49992
49993
49994
49995
49996
49997
49998
49999
50000
50001
4199
4209
4340
4392
4582
4643
4775
4874
4885
4911
4922
5051
5113
5154
5245
5246
5247
5248
5249
5317
5318
5319
5346
5347
5348
5349
5350
5351
5352
5353
5354
5355
5356
5357
5358
5359
5516
5513
5507
5506
5503
5504
5510
5512
5508
5515
5514
5505
5509
5511
5498
5499
5500
5501
5502
5724
5725
5726
5727
5728
5729
5730
5731
5732
5733
5734
5735
5736
5737
5738
5739
5740
5863
5860
5854
5853
5850
5851
5857
5859
5855
5862
5861
5852
5856
5858
5831
5832
5833
5834
5835
5828
5829
5830
5836
5837
5838
5839
5840
5841
5842
5843
5844
5845
5846
5847
5848
5849
9649
9784
9940
10155
10156
10157
10158
10159
10160
10161
10162
10163
10164
10165
10166
10246
10247
10248
10249
10250
10251
10252
10253
10254
10255
10256
10257
10258
10259
10386
10387
10388
10389
10390
10391
10392
10393
10411
10412
10413
10414
10415
10416
10417
10418
10419
10420
10453
10455
10454
10474
10475
10476
10477
10478
10479
10480
10481
10482
10483
10484
10485
10486
10487
10488
10489
10490
10491
10492
10493
10494
10495
10496
10497
10498
10499
10466
10467
10468
10469
10470
10471
10472
10473
10500
10501
10502
10503
10504
10505
10506
10507
10508
10509
10637
10639
10638
10601
10602
10603
10604
10605
10606
10607
10608
10609
10610
10611
10612
10613
10614
10615
10616
10617
10618
10619
10620
10621
10622
10623
10624
10625
10626
10593
10594
10595
10596
10597
10598
10599
10600
10627
10628
10629
10630
10631
10632
10633
10634
10635
10636
11722
11813
12059
12075
12144
12182
12183
12184
12185
12260
12261
12262
12263
12264
12265
12266
12267
12268
12269
12270
12271
12272
12421
12422
12423
12424
12425
12426
12427
12428
12459
12458
12456
12457
12460
12452
12453
12454
12455
12532
12533
12534
12535
12536
12537
12538
12539
12540
12541
12542
12543
12544
12545
12546
12547
12548
12549
12550
12551
12552
12696
12695
12693
12694
12697
12681
12682
12683
12684
12668
12669
12670
12671
12672
12673
12674
12675
12676
12677
12678
12679
12680
12685
12686
12687
12688
12689
12690
12691
12692
13900
13992
14050
14051
14114
14115
14116
14117
14138
14137
14135
14136
14220
14221
14222
14223
14248
14247
14241
14242
14243
14244
14245
14246
14543
14662
14690
14721
14839
14840
14841
14842
14843
14844
14845
14846
14847
14848
14849
14850
14887
14888
14936
14937
14924
14925
14926
14927
14928
14929
14930
14931
14932
14933
14934
14935
15035
15036
15037
15038
15023
15024
15025
15026
15027
15028
15029
15030
15031
15032
15033
15034
15238
15357
15451
15559
15560
15561
15562
15563
15564
15565
15566
15567
15568
15569
15570
15571
15572
15573
15574
15575
15576
15577
15578
15579
15580
15581
15582
15583
15584
15585
15586
15587
15729
15730
15731
15732
15733
15734
15735
15780
15781
15782
15783
15784
15785
15786
15787
15848
15847
15922
15878
15879
15880
15881
15882
15883
15884
15885
15886
15887
15888
15889
15890
15891
15892
15893
15894
15895
15896
15897
15898
15899
15900
15901
15902
15903
15904
15905
15906
15907
15908
15909
15910
15911
15912
15913
15914
15915
15916
15917
15918
15919
15920
15921
16024
16022
16023
15978
15979
15980
15981
15982
15983
15984
15985
15986
15987
15988
15989
15990
15991
15992
15993
15994
15995
15996
15997
15998
15999
16000
16001
16002
16003
16004
16005
16006
16007
16008
16009
16010
16011
16012
16013
16014
16015
16016
16017
16018
16019
16020
16021
21209
21464
21537
21579
21580
21581
21582
21583
21584
21585
21586
21587
21588
21589
21590
21591
21592
21593
21594
21595
21631
21629
21630
21678
21679
21680
21681
21682
21683
21684
21685
21686
21687
21688
21689
21690
21691
21692
21693
21694
21757
21755
21756
21738
21739
21740
21741
21742
21743
21744
21745
21746
21747
21748
21749
21750
21751
21752
21753
21754
22735
22811
22873
23006
23109
23110
23111
23112
23113
23114
23115
23116
23117
23118
23119
23120
23121
23122
23290
23291
23292
23293
23294
23295
23296
23297
23298
23299
23300
23301
23302
23371
23372
23373
23374
23375
23376
23377
23378
23379
23380
23381
23382
23505
23506
23507
23508
23509
23510
23511
23512
23513
23514
23515
23516
23517
23518
23519
23660
23663
23661
23662
23708
23709
23710
23711
23712
23713
23714
23715
23716
23717
23718
23719
23720
23721
23695
23696
23697
23698
23699
23700
23701
23702
23703
23704
23705
23706
23707
23722
23723
23724
23725
23726
23727
23728
23729
23730
23731
23732
23733
23734
23735
23736
23737
23738
23739
23740
23741
23742
23743
23744
23745
23746
23747
23748
23853
23856
23854
23855
23812
23813
23814
23815
23816
23817
23818
23819
23820
23821
23822
23823
23824
23825
23799
23800
23801
23802
23803
23804
23805
23806
23807
23808
23809
23810
23811
23826
23827
23828
23829
23830
23831
23832
23833
23834
23835
23836
23837
23838
23839
23840
23841
23842
23843
23844
23845
23846
23847
23848
23849
23850
23851
23852
24839
24857
24993
25021
25228
25432
25612
25623
25740
25801
25999
26130
26223
26224
26422
26423
26424
26425
26426
26427
26428
26429
26430
26431
26432
26459
26460
26461
26568
26569
26570
26571
26572
26573
26574
26575
26576
26577
26642
26640
26641
26768
26772
26764
26765
26771
26770
26767
26766
26769
26738
26739
26740
26741
26742
26743
26744
26745
26746
26747
26748
26749
26750
26761
26762
26763
26751
26752
26753
26754
26755
26756
26757
26758
26759
26760
26856
26852
26854
26853
26859
26848
26849
26858
26857
26851
26850
26855
26822
26823
26824
26825
26826
26827
26828
26829
26830
26831
26832
26833
26834
26845
26846
26847
26835
26836
26837
26838
26839
26840
26841
26842
26843
26844
31245
31283
31284
31285
31286
31287
31288
31375
31376
31377
31534
31528
31529
31530
31531
31532
31533
31578
31579
31580
31664
31655
31656
31657
31658
31659
31660
31661
31662
31663
35404
35454
35541
35587
35663
35664
35665
35666
35667
35668
35669
35670
35671
35672
35673
35674
35675
35676
35753
35755
35754
35752
35912
35913
35914
35915
35916
35917
35918
35919
35920
35921
35922
35923
35924
35925
36016
36018
36017
36015
36001
36002
36003
36004
36005
36006
36007
36008
36009
36010
36011
36012
36013
36014
41516
41562
41600
41630
41709
41710
41711
41712
41713
41714
41715
41716
41717
41718
41719
41720
41721
41722
41723
41724
41725
41726
41727
41728
41729
41730
41731
41732
41733
41734
41735
41736
41737
41738
41848
41849
41923
41924
41893
41894
41895
41896
41897
41898
41899
41900
41901
41902
41903
41904
41905
41906
41907
41908
41909
41910
41911
41912
41913
41914
41915
41916
41917
41918
41919
41920
41921
41922
42032
42033
42034
42035
42002
42003
42004
42005
42006
42007
42008
42009
42010
42011
42012
42013
42014
42015
42016
42017
42018
42019
42020
42021
42022
42023
42024
42025
42026
42027
42028
42029
42030
42031
43058
43149
43214
43410
43510
43602
43657
43747
43813
43814
43815
43816
43817
43818
43819
43820
43821
43822
43823
43824
43825
43826
43827
43828
43898
43899
43900
43901
43902
43903
43904
43905
43906
43907
43908
43909
44063
44062
44129
44126
44130
44131
44127
44128
44110
44111
44112
44113
44114
44115
44116
44117
44118
44119
44120
44121
44122
44123
44124
44125
44098
44099
44100
44101
44102
44103
44104
44105
44106
44107
44108
44109
44281
44280
44284
44279
44285
44286
44282
44283
44263
44264
44265
44266
44267
44268
44269
44270
44271
44272
44273
44274
44275
44276
44277
44278
44251
44252
44253
44254
44255
44256
44257
44258
44259
44260
44261
44262
45699
45745
45776
45866
45893
45894
45895
45896
45897
45898
45899
45900
45927
45928
45929
45930
45931
45932
45933
45934
46055
46056
46152
46151
46143
46144
46145
46146
46147
46148
46149
46150
46135
46136
46137
46138
46139
46140
46141
46142
46208
46211
46210
46209
46200
46201
46202
46203
46204
46205
46206
46207
46192
46193
46194
46195
46196
46197
46198
46199
46855
46857
46858
46859
46860
46861
46862
46863
46864
46865
46866
46867
46868
46873
46874
46875
46869
46870
46871
46872
46880
46881
46882
46883
46884
46885
46876
46877
46878
46879
47497
47498
47499
47500
47501
47502
47503
47504
47505
47506
47507
47508
47509
47510
47511
47512
47513
47514
47515
47516
47517
47518
47519
47520
47521
47522
47523
47524
47525
47526
47527
47528
47529
47530
47546
47547
47531
47532
47533
47534
47535
47536
47537
47538
47539
47540
47541
47542
47543
47544
47545
47684
47685
47686
47687
47688
47689
47690
47691
47692
47693
47694
47695
47696
47697
47698
47699
47700
47701
47702
47703
47704
47705
47706
47707
47708
47709
47710
47711
47712
47713
47714
47715
47716
47717
47718
47719
47720
47721
47722
47724
47723
47759
47755
47756
47757
47758
47725
47726
47727
47728
47729
47730
47731
47732
47733
47734
47735
47736
47737
47738
47739
47740
47741
47742
47743
47744
47745
47746
47747
47748
47749
47750
47751
47752
47753
47754
47794
47796
47795
47797
47790
47791
47792
47793
47760
47761
47762
47763
47764
47765
47766
47767
47768
47769
47770
47771
47772
47773
47774
47775
47776
47777
47778
47779
47780
47781
47782
47783
47784
47785
47786
47787
47788
47789
48543
48544
48628
48629
48630
48631
48632
48633
48634
48635
48636
48637
48638
48647
48639
48640
48641
48642
48643
48644
48645
48646
48656
48657
48658
48648
48649
48650
48651
48652
48653
48654
48655
49029
49030
49031
49032
49033
49034
49035
49036
49037
49038
49039
49040
49041
49042
49043
49044
49045
49046
49047
49048
49049
49050
49051
49052
49053
49054
49055
49056
49057
49058
49059
49060
49061
49062
49063
49094
49064
49065
49066
49067
49068
49069
49070
49071
49072
49073
49074
49075
49076
49077
49078
49079
49080
49081
49082
49083
49084
49085
49086
49087
49088
49089
49090
49091
49092
49093
49126
49127
49128
49096
49097
49098
49099
49100
49101
49102
49103
49104
49105
49106
49107
49108
49109
49110
49111
49112
49113
49114
49115
49116
49117
49118
49119
49120
49121
49122
49123
49124
49125
49224
49225
49226
49227
49229
49228
49230
49231
49235
49232
49233
49234
49544
49545
49546
49547
49548
49549
49550
49551
49552
49553
49554
49555
49556
49557
49558
49559
49560
49561
49562
49563
49566
49567
49568
49569
49570
49571
49572
49573
49574
49575
49576
49577
49578
49579
49580
49581
49582
49583
49584
49585
49603
49604
49605
49586
49587
49588
49589
49590
49591
49592
49593
49594
49595
49596
49597
49598
49599
49600
49601
49602
49945
49946
49947
49948
50008
50009
50010
50011
50012
50013
50014
50015
50016
50017
50018
50019
50020
50021
50022
50023
50024
50025
50026
50027
50028
50029
50030
50031
50032
50033
50034
50035
50036
50037
50038
50039
50040
50041
50072
50073
50074
50075
50042
50043
50044
50045
50046
50047
50048
50049
50050
50051
50052
50053
50054
50055
50056
50057
50058
50059
50060
50061
50062
50063
50064
50065
50066
50067
50068
50069
50070
50071
50106
50107
50108
50109
50110
50111
50076
50077
50078
50079
50080
50081
50082
50083
50084
50085
50086
50087
50088
50089
50090
50091
50092
50093
50094
50095
50096
50097
50098
50099
50100
50101
50102
50103
50104
50105
50115
50116
50117
50118
50119
50120
50121
50122
50123
50124
50125
50126
50127
50128
50129
50130
50131
50132
50133
50134
50135
50136
50137
50138
50139
50140
50141
50142
50143
50144
50145
50146
50168
50169
50170
50171
50172
50173
50174
50175
50176
50177
50178
50179
50180
50181
50182
50183
50184
50185
50186
50187
50188
50189
50190
50191
50192
50193
50194
50195
50196
50197
50198
50199
50200
50201
50202
50203
50204
50205
50206
50207
50208
50209
50210
50211
50212
50213
50214
50215
50216
50217
50218
50219
50220
50221
50222
50223
50224
50225
50226
50227
50228
50229
50230
50231
50232
50233
50234
50235
50236
50237
50238
50239
50240
50241
50242
50243
50244
50245
50246
50247
50248
50249
50250
50251
50252
50253
50254
50255
50256
50257
50258
50259
50260
50261
50262
50263
50264
50265
50266
50267
50268
50269
50335
50336
50270
50271
50272
50273
50274
50275
50276
50277
50278
50279
50280
50281
50282
50283
50284
50285
50286
50287
50288
50289
50290
50291
50292
50293
50294
50295
50296
50297
50298
50299
50300
50301
50302
50303
50304
50305
50306
50307
50308
50309
50310
50311
50312
50313
50314
50315
50316
50317
50318
50319
50320
50321
50322
50323
50324
50325
50326
50327
50328
50329
50330
50331
50332
50333
50334
50356
50357
50358
50359
50360
50361
50362
50363
50364
50365
50366
50367
50368
50369
50370
50371
50372
50373
50374
50376
50377
50394
50378
50379
50380
50381
50382
50383
50384
50385
50386
50387
50388
50389
50390
50391
50392
50393
50411
50412
50413
50395
50396
50397
50398
50399
50400
50401
50402
50403
50404
50405
50406
50407
50408
50409
50410
50445
50446
50447
50448
50449
50450
50451
50452
50453
50454
50455
50456
50457
50458
50459
50460
50461
50462
50463
50464
50465
50466
50467
50468
50469
50470
50471
50472
50473
50474
50475
50476
50477
50478
50479
50480
50482
50481
50515
50514
50513
50516
50483
50484
50485
50486
50487
50488
50489
50490
50491
50492
50493
50494
50495
50496
50504
50505
50506
50507
50508
50509
50510
50511
50512
50497
50498
50499
50500
50501
50502
50503
50552
50548
50550
50549
50547
50551
50517
50518
50519
50520
50521
50522
50523
50524
50525
50526
50527
50528
50529
50530
50538
50539
50540
50541
50542
50543
50544
50545
50546
50531
50532
50533
50534
50535
50536
50537
50586
50587
50588
50589
50590
50591
50592
50593
50594
50595
50596
50597
50598
50599
50600
50601
50602
50603
50604
50605
50606
50607
50608
50609
50610
50611
50612
50613
50614
50615
50616
50617
50618
50619
50620
50621
50622
50623
50624
50625
50626
50627
50628
50629
50630
50631
50632
50633
50634
50635
50636
50637
50638
50663
50662
50657
50658
50639
50640
50641
50659
50660
50661
50642
50643
50644
50645
50646
50647
50648
50649
50650
50651
50652
50653
50654
50655
50656
50664
50665
50666
50667
50668
50669
50670
50671
50672
50673
50674
50675
50676
50677
50678
50679
50680
50681
50682
50683
50684
50685
50686
50687
50688
50689
50690
50691
50744
50743
50738
50739
50692
50693
50694
50740
50741
50742
50723
50724
50725
50726
50727
50728
50729
50730
50731
50732
50733
50734
50735
50736
50737
50695
50696
50697
50698
50699
50700
50701
50702
50703
50704
50705
50706
50707
50708
50709
50710
50711
50712
50713
50714
50715
50716
50717
50718
50719
50720
50721
50722
51065
51067
51068
51069
51070
51071
51072
51073
51074
51075
51076
51077
51078
51079
51080
51081
51082
51083
51084
51085
51086
51087
51088
51089
51090
51091
51092
51093
51094
51095
51096
51097
51098
51099
51100
51101
51102
51103
51104
51105
51106
51107
51108
51109
51110
51111
51112
51113
51114
51115
51116
51117
51118
51119
51120
51121
51122
51123
51124
51125
51154
51155
51126
51127
51128
51129
51130
51131
51132
51133
51134
51135
51136
51137
51138
51139
51140
51141
51142
51143
51144
51145
51146
51147
51148
51149
51150
51151
51152
51153
1742
1743
1744
1745
1746
1747
1748
1749
1750
1751
1752
1753
1754
1755
1756
1757
1758
1759
1760
1761
1762
1763
1764
1765
1766
1767
1768
1769
1770
1771
1772
1773
1774
1775
1776
1777
1778
1779
1780
1781
1782
1783
1784
1785
1786
1787
1788
1789
1790
1791
1792
1793
1794
1795
1796
1797
1798
1799
1800
1801
1802
1803
1804
1805
1806
1807
1808
1809
1810
1811
1812
1813
1814
1815
1816
1817
1818
1819
1820
1821
1822
1823
1824
1825
1826
1827
1828
1829
1830
1831
1832
1833
1834
1835
1836
1837
1838
1839
1840
1841
1842
1843
1844
1845
1877
1878
1879
1847
1848
1849
1850
1851
1852
1853
1854
1855
1856
1857
1858
1859
1860
1861
1862
1863
1864
1865
1866
1867
1868
1869
1870
1871
1872
1873
1874
1875
1876
1880
1881
1882
1883
1884
1885
1886
1887
1888
1889
1890
1891
1892
1893
1894
1895
1896
1897
1898
1899
1900
1901
1902
1903
1904
1905
1906
1907
1908
1909
1910
1911
1912
1913
1914
1915
1916
1917
1918
1919
1920
1921
1922
1923
1924
1925
1926
1927
1928
1929
1930
1931
1932
1933
1934
1935
1936
1937
1938
1939
1940
1941
1942
1943
1944
1945
1946
1947
1948
1949
1950
2052
2053
2054
1951
1952
1953
1954
1955
1956
1957
1958
1959
1960
1961
1962
1963
1964
1965
1966
1967
1968
1969
1970
1971
1972
1973
1974
1975
1976
1977
1978
1979
1980
1981
1982
1983
1984
1985
1986
1987
1988
1989
1990
1991
1992
1993
1994
1995
1996
1997
1998
1999
2000
2001
2002
2003
2004
2005
2006
2007
2008
2009
2010
2011
2012
2013
2014
2015
2016
2017
2018
2019
2020
2021
2022
2023
2024
2025
2026
2027
2028
2029
2030
2031
2032
2033
2034
2035
2036
2037
2038
2039
2040
2041
2042
2043
2044
2045
2046
2047
2048
2049
2050
2051
2066
2067
2068
2069
2070
2071
2072
2073
2074
2075
2076
2077
2078
2079
2080
2081
2082
2083
2084
2085
2086
2096
2097
2095
2098
2088
2089
2090
2091
2092
2093
2094
2099
2100
2101
2102
2103
2104
2105
2106
2107
2108
2127
2128
2126
2129
2119
2120
2121
2122
2123
2124
2125
2109
2110
2111
2112
2113
2114
2115
2116
2117
2118
3393
3394
3395
3396
3397
3398
3399
3400
3401
3402
3403
3404
3405
3406
3407
3408
3409
3410
3411
3412
3413
3414
3415
3416
3417
3418
3419
3420
3421
3422
3423
3424
3425
3426
3427
3428
3429
3430
3431
3432
3433
3434
3435
3436
3437
3438
3439
3440
3441
3442
3443
3444
3445
3446
3447
3448
3449
3450
3451
3452
3453
3454
3455
3456
3457
3458
3459
3460
3461
3462
3463
3464
3465
3466
3467
3468
3469
3470
3471
3472
3473
3474
3475
3476
3477
3478
3479
3480
3481
3482
3483
3484
3485
3486
3487
3488
3489
3490
3491
3492
3493
3542
3543
3544
3545
3546
3547
3548
3549
3550
3551
3552
3553
3554
3555
3556
3557
3558
3559
3560
3561
3562
3563
3564
3565
3566
3567
3568
3569
3570
3571
3572
3573
3574
3575
3576
3577
3578
3579
3580
3581
3582
3583
3584
3585
3586
3587
3588
3589
3648
3647
3590
3591
3592
3593
3594
3595
3596
3597
3598
3599
3600
3601
3602
3603
3604
3605
3606
3607
3608
3609
3610
3611
3612
3613
3614
3615
3616
3617
3618
3619
3620
3621
3622
3623
3624
3625
3626
3627
3628
3629
3630
3631
3632
3633
3634
3635
3636
3637
3638
3639
3640
3641
3642
3643
3644
3645
3646
3649
3650
3651
3652
3653
3654
3655
3656
3657
3658
3659
3660
3661
3662
3663
3664
3665
3666
3667
3668
3669
3670
3671
3672
3673
3674
3675
3676
3677
3678
3679
3680
3681
3682
3683
3684
3685
3686
3687
3688
3689
3690
3691
3692
3693
3694
3695
3696
3697
3698
3699
3700
3701
3702
3703
3704
3705
3706
3707
3708
3709
3710
3711
3712
3713
3714
3715
3716
3717
3718
3719
3720
3721
3722
3723
3724
3725
3726
3727
3728
3729
3730
3731
3732
3733
3734
3735
3736
3737
3738
3887
3886
3739
3740
3741
3742
3743
3744
3745
3746
3747
3748
3749
3750
3751
3752
3753
3754
3755
3756
3757
3758
3759
3760
3761
3762
3763
3764
3765
3766
3767
3768
3769
3770
3771
3772
3773
3774
3775
3776
3777
3778
3779
3780
3781
3782
3783
3784
3785
3786
3787
3788
3789
3790
3791
3792
3793
3794
3795
3796
3797
3798
3799
3800
3801
3802
3803
3804
3805
3806
3807
3808
3809
3810
3811
3812
3813
3814
3815
3816
3817
3818
3819
3820
3821
3822
3823
3824
3825
3826
3827
3828
3829
3830
3831
3832
3833
3834
3835
3836
3837
3838
3839
3840
3841
3842
3843
3844
3845
3846
3847
3848
3849
3850
3851
3852
3853
3854
3855
3856
3857
3858
3859
3860
3861
3862
3863
3864
3865
3866
3867
3868
3869
3870
3871
3872
3873
3874
3875
3876
3877
3878
3879
3880
3881
3882
3883
3884
3885
3915
3916
3917
3918
3971
3972
3973
3974
3975
3976
3977
3978
4192
4193
4194
4195
4196
4197
4198
4200
4201
4202
4203
4204
4205
4206
4207
4208
4210
4211
4212
4213
4214
4215
4216
4217
4218
4219
4220
4221
4222
4226
4225
4223
4224
4244
4241
4245
4246
4243
4251
4248
4247
4250
4242
4249
4240
4229
4230
4231
4232
4233
4234
4235
4236
4239
4227
4228
4237
4238
4277
4276
4271
4273
4269
4266
4270
4272
4268
4280
4275
4274
4279
4267
4278
4265
4254
4255
4256
4257
4258
4259
4260
4261
4264
4252
4253
4262
4263
4768
4769
4770
4771
4772
4773
4774
4776
4777
4778
4779
4780
4781
4782
4784
4783
4795
4794
4792
4796
4793
4785
4786
4787
4788
4789
4790
4791
4808
4806
4809
4807
4804
4810
4805
4797
4798
4799
4800
4801
4802
4803
4870
4871
4872
4873
4875
4876
4877
4878
4879
4880
4881
4882
4883
4884
4886
4887
4888
4889
4890
4891
4892
4893
4894
4895
4896
4897
4898
4899
4900
4901
4902
4903
4904
4905
4906
4907
4908
4909
4910
4912
4913
4914
4915
4916
4917
4918
4919
4920
4921
4923
4924
4925
4926
4927
4928
4929
4930
4931
4935
4934
4932
4933
4968
4972
4970
4971
4973
4976
4977
4983
4936
4937
4938
4939
4940
4941
4942
4943
4944
4945
4946
4947
4948
4949
4950
4951
4952
4953
4978
4958
4959
4960
4961
4962
4963
4964
4965
4966
4967
4969
4974
4975
4980
4979
4981
4982
4954
4955
4956
4957
5008
5010
5013
5023
5021
5019
5020
5022
5027
5025
5026
5028
5031
5032
5038
4984
4985
4986
4987
4988
4989
4990
4991
4992
4993
4994
4995
4996
4997
4998
4999
5000
5001
5033
5006
5007
5009
5011
5012
5014
5015
5016
5017
5018
5024
5029
5030
5035
5034
5036
5037
5002
5003
5004
5005
5803
5804
5805
5806
5807
5808
5809
5810
5811
5812
5813
5814
5815
5816
5817
5818
5819
5820
5821
5822
5823
5824
5825
5826
5827
5864
5865
5866
5867
5882
5883
5885
5884
5874
5875
5876
5877
5878
5879
5880
5881
5868
5869
5870
5871
5872
5873
5886
5887
5888
5889
5890
5891
5892
5893
5894
5895
5896
5922
5923
5925
5924
5914
5915
5916
5917
5918
5919
5920
5921
5904
5905
5906
5907
5908
5909
5897
5898
5899
5900
5901
5902
5903
5910
5911
5912
5913
6108
6109
6110
6111
6112
6113
6114
6115
6116
6117
6118
6119
6121
6122
6123
6124
6125
6126
6127
6128
6129
6130
6131
6132
6133
6134
6149
6150
6148
6152
6151
6135
6136
6137
6138
6139
6140
6141
6146
6147
6142
6143
6144
6145
6158
6159
6160
6153
6154
6155
6156
6157
6183
6184
6182
6186
6185
6161
6162
6163
6164
6165
6166
6167
6180
6181
6171
6172
6173
6174
6177
6178
6179
6168
6169
6170
6175
6176
6433
6434
6435
6436
6438
6439
6440
6441
6442
6443
6444
6445
6446
6447
6448
6449
6450
6451
6452
6453
6454
6455
6456
6457
6458
6459
6460
6461
6462
6463
6464
6465
6466
6467
6468
6469
6470
6471
6472
6473
6474
6475
6476
6477
6478
6479
6480
6481
6482
6483
6484
6485
6486
6487
6488
6489
6490
6491
6492
6493
6494
6495
6496
6497
6498
6499
6500
6501
6502
6503
6504
6505
6506
6507
6508
6509
6510
6511
6512
6513
6514
6515
6516
6517
6518
6519
6520
6521
6522
6523
6524
6525
6526
6527
6528
6529
6530
6531
6532
6533
6534
6535
6536
6537
6538
6539
6540
6541
6542
6543
6544
6545
6546
6547
6548
6549
6550
6551
6552
6553
6554
6555
6556
6557
6558
6559
6560
6561
6562
6563
6564
6565
6566
6567
6568
6569
6570
6571
6572
6573
6639
6632
6633
6634
6635
6636
6637
6638
6574
6575
6576
6577
6578
6579
6580
6581
6582
6583
6584
6585
6586
6587
6588
6589
6590
6591
6592
6593
6594
6595
6596
6597
6598
6599
6600
6601
6602
6603
6604
6605
6606
6607
6608
6609
6610
6611
6612
6613
6614
6615
6616
6617
6618
6619
6620
6621
6622
6623
6624
6625
6626
6627
6628
6629
6630
6631
6641
6642
6643
6644
6645
6646
6647
6648
6649
6650
6651
6652
6653
6654
6655
6656
6657
6658
6659
6660
6661
6662
6663
6664
6665
6666
6667
6668
6669
6670
6671
6672
6673
6674
6675
6676
6677
6678
6679
6680
6681
6682
6683
6684
6685
6686
6687
6688
6689
6690
6691
6692
6693
6694
6695
6696
6697
6698
6699
6700
6701
6702
6703
6704
6705
6706
6707
6708
6709
6710
6711
6712
6713
6714
6854
6847
6848
6849
6850
6851
6852
6853
6715
6716
6717
6718
6719
6720
6721
6722
6723
6724
6725
6726
6727
6728
6729
6730
6731
6732
6733
6734
6735
6736
6737
6738
6739
6740
6741
6742
6743
6744
6745
6746
6747
6748
6749
6750
6751
6752
6753
6754
6755
6756
6757
6758
6759
6760
6761
6762
6763
6764
6765
6766
6767
6768
6769
6770
6771
6772
6773
6774
6775
6776
6777
6778
6779
6780
6781
6782
6783
6784
6785
6786
6787
6788
6789
6790
6791
6792
6793
6794
6795
6796
6797
6798
6799
6800
6801
6802
6803
6804
6805
6806
6807
6808
6809
6810
6811
6812
6813
6814
6815
6816
6817
6818
6819
6820
6821
6822
6823
6824
6825
6826
6827
6828
6829
6830
6831
6832
6833
6834
6835
6836
6837
6838
6839
6840
6841
6842
6843
6844
6845
6846
7033
7034
7035
7036
7037
7038
7039
7040
7041
7042
7043
7044
7045
7046
7047
7048
7049
7050
7051
7052
7053
7054
7055
7056
7057
7058
7059
7060
7061
7062
7063
7064
7065
7066
7067
7068
7069
7070
7071
7072
7073
7074
7075
7076
7077
7078
7079
7080
7081
7082
7083
7084
7085
7086
7087
7088
7089
7090
7091
7092
7093
7094
7095
7096
7097
7098
7153
7152
7154
7126
7127
7128
7129
7130
7131
7132
7133
7134
7135
7136
7137
7138
7139
7140
7141
7142
7143
7144
7145
7146
7147
7148
7149
7150
7151
7099
7100
7101
7102
7103
7104
7105
7106
7107
7108
7109
7110
7111
7112
7113
7114
7115
7116
7117
7118
7119
7120
7121
7122
7123
7124
7125
7155
7156
7157
7158
7159
7160
7161
7162
7163
7164
7229
7228
7230
7192
7193
7194
7195
7196
7197
7198
7199
7200
7201
7202
7203
7204
7205
7206
7207
7208
7209
7210
7211
7212
7213
7214
7215
7216
7217
7165
7166
7167
7168
7169
7170
7171
7172
7173
7174
7175
7176
7177
7178
7179
7180
7181
7182
7183
7184
7185
7186
7187
7188
7189
7190
7191
7218
7219
7220
7221
7222
7223
7224
7225
7226
7227
7347
7348
7350
7351
7352
7353
7354
7355
7356
7357
7358
7359
7360
7362
7361
7373
7363
7364
7365
7366
7367
7368
7369
7370
7371
7372
7385
7384
7386
7374
7375
7376
7377
7378
7379
7380
7381
7382
7383
7824
7825
7826
7827
7828
7829
7830
7831
7833
7832
7834
7835
7836
7837
7838
7839
7847
7846
7840
7841
7842
7843
7844
7845
7914
7915
7916
7954
7955
7956
7957
7958
7959
7960
7961
7962
7963
7964
7965
7966
7967
7968
7969
7970
7971
7972
7973
7974
7975
7976
7977
7978
7979
7980
7981
7982
7983
7984
7985
7986
7987
7988
7989
7990
7991
7992
7993
7994
7995
7996
7997
7998
7999
8000
8001
8002
8003
8004
8005
8006
8007
8008
8009
8010
8011
8012
8013
8014
8015
8016
8017
8018
8019
8020
8021
8022
8023
8024
8025
8026
8027
8028
8029
8030
8031
8032
8033
8034
8035
8036
8037
8038
8039
8040
8041
8042
8043
8044
8045
8046
8047
8048
8049
8050
8051
8052
8053
8054
8055
8060
8062
8061
8056
8057
8058
8059
8117
8118
8119
8120
8121
8122
8123
8124
8125
8126
8127
8128
8129
8130
8131
8132
8133
8134
8135
8136
8137
8138
8139
8140
8141
8142
8143
8144
8145
8146
8147
8148
8149
8150
8151
8152
8153
8154
8155
8156
8157
8158
8159
8160
8161
8162
8163
8164
8165
8166
8179
8180
8181
8182
8183
8184
8185
8186
8187
8188
8189
8190
8191
8192
8193
8194
8195
8196
8197
8198
8199
8200
8201
8110
8111
8112
8113
8104
8105
8106
8107
8108
8109
8114
8115
8116
8167
8168
8169
8170
8171
8172
8173
8174
8175
8176
8177
8178
8304
8306
8305
8215
8216
8217
8218
8219
8220
8221
8222
8223
8224
8225
8226
8227
8228
8229
8230
8231
8232
8233
8234
8235
8236
8237
8238
8239
8240
8241
8242
8243
8244
8245
8246
8247
8248
8249
8250
8251
8252
8253
8254
8255
8256
8257
8258
8259
8260
8261
8262
8263
8264
8265
8266
8267
8268
8281
8282
8283
8284
8285
8286
8287
8288
8289
8290
8291
8292
8293
8294
8295
8296
8297
8298
8299
8300
8301
8302
8303
8208
8209
8210
8211
8202
8203
8204
8205
8206
8207
8212
8213
8214
8269
8270
8271
8272
8273
8274
8275
8276
8277
8278
8279
8280
8334
8335
8336
8337
8338
8339
8340
8341
8342
8343
8344
8345
8346
8347
8348
8349
8350
8351
8352
8353
8354
8355
8356
8357
8358
8359
8360
8361
8362
8363
8364
8365
8366
8367
8383
8384
8368
8369
8370
8371
8372
8373
8374
8375
8376
8377
8378
8379
8380
8381
8382
8455
8457
8458
8459
8460
8461
8462
8463
8464
8465
8466
8467
8468
8469
8470
8471
8472
8473
8474
8475
8476
8477
8478
8479
8480
8481
8482
8483
8484
8485
8486
8487
8488
8489
8490
8491
8492
8493
8494
8495
8496
8497
8498
8499
8500
8501
8502
8503
8504
8505
8506
8507
8508
8509
8510
8511
8512
8513
8514
8515
8516
8517
8518
8519
8520
8521
8552
8553
8554
8522
8523
8524
8525
8526
8527
8528
8529
8530
8531
8532
8533
8534
8535
8536
8537
8538
8539
8540
8541
8542
8543
8544
8545
8546
8547
8548
8549
8550
8551
8843
8844
8845
8847
8848
8849
8850
8851
8852
8853
8854
8855
8856
8857
8858
8859
8860
8861
8862
8863
8864
8865
8866
8867
8868
8872
8869
8871
8870
8893
8889
8890
8891
8892
8873
8874
8875
8876
8877
8878
8879
8880
8881
8882
8883
8884
8885
8886
8887
8888
8935
8931
8933
8932
8934
8927
8928
8929
8930
8911
8912
8913
8914
8915
8916
8917
8918
8919
8920
8921
8922
8923
8924
8925
8926
9169
9170
9171
9172
9173
9174
9175
9176
9177
9178
9179
9180
9181
9182
9184
9183
9194
9185
9186
9187
9188
9189
9190
9191
9192
9193
9204
9207
9206
9205
9195
9196
9197
9198
9199
9200
9201
9202
9203
9256
9257
9258
9259
9260
9261
9262
9263
9264
9265
9266
9267
9268
9269
9270
9271
9272
9273
9274
9275
9276
9277
9278
9279
9280
9281
9282
9283
9284
9285
9286
9287
9288
9289
9290
9291
9292
9293
9294
9295
9296
9297
9298
9299
9300
9301
9302
9303
9304
9305
9306
9307
9308
9309
9310
9311
9312
9313
9314
9315
9316
9317
9318
9319
9320
9321
9322
9323
9324
9332
9331
9330
9329
9333
9397
9362
9363
9364
9365
9366
9334
9335
9336
9337
9338
9339
9340
9341
9342
9343
9344
9345
9346
9347
9348
9349
9350
9351
9352
9353
9354
9355
9356
9357
9358
9359
9360
9361
9367
9368
9369
9370
9371
9372
9373
9374
9375
9376
9377
9378
9379
9380
9381
9382
9383
9384
9385
9386
9387
9388
9389
9390
9391
9392
9393
9394
9395
9396
9464
9463
9462
9461
9465
9466
9426
9427
9428
9429
9430
9398
9399
9400
9401
9402
9403
9404
9405
9406
9407
9408
9409
9410
9411
9412
9413
9414
9415
9416
9417
9418
9419
9420
9421
9422
9423
9424
9425
9431
9432
9433
9434
9435
9436
9437
9438
9439
9440
9441
9442
9443
9444
9445
9446
9447
9448
9449
9450
9451
9452
9453
9454
9455
9456
9457
9458
9459
9460
9604
9605
9606
9607
9608
9609
9610
9611
9615
9616
9617
9618
9619
9620
9621
9622
9623
9624
9625
9626
9627
9628
9629
9630
9631
9632
9633
9634
9635
9636
9637
9638
9639
9640
9641
9642
9643
9644
9645
9646
9647
9648
9661
9650
9655
9656
9658
9657
9653
9651
9659
9654
9652
9662
9660
9691
9690
9677
9678
9679
9680
9681
9682
9683
9684
9685
9686
9687
9688
9689
9663
9664
9665
9666
9667
9668
9669
9670
9671
9672
9673
9674
9675
9676
9732
9719
9725
9726
9728
9727
9722
9720
9730
9723
9721
9733
9731
9729
9724
9706
9707
9708
9709
9710
9711
9712
9713
9714
9715
9716
9717
9718
9692
9693
9694
9695
9696
9697
9698
9699
9700
9701
9702
9703
9704
9705
9739
9740
9741
9742
9743
9744
9745
9746
9747
9748
9749
9750
9751
9752
9753
9754
9755
9756
9757
9758
9759
9760
9761
9762
9763
9764
9765
9766
9767
9768
9769
9770
9771
9772
9773
9774
9775
9776
9777
9778
9779
9780
9781
9782
9783
9815
9817
9818
9816
9785
9786
9787
9788
9789
9790
9791
9792
9793
9794
9795
9796
9797
9798
9799
9800
9801
9802
9803
9804
9805
9806
9807
9808
9809
9810
9811
9812
9813
9814
9819
9820
9821
9822
9823
9824
9825
9826
9827
9828
9829
9871
9873
9874
9872
9830
9831
9832
9833
9834
9835
9836
9837
9838
9839
9840
9841
9842
9843
9844
9845
9846
9847
9848
9849
9850
9851
9852
9853
9854
9855
9856
9857
9858
9859
9860
9861
9862
9863
9864
9865
9866
9867
9868
9869
9870
10810
10811
10812
10813
10814
10815
10816
10819
10818
10820
10817
10821
10822
10823
10829
10828
10830
10827
10831
10825
10826
11511
11512
11544
11545
11546
11547
11548
11549
11550
11551
11552
11553
11554
11555
11556
11557
11558
11559
11560
11561
11562
11563
11564
11565
11566
11567
11568
11569
11570
11571
11572
11573
11574
11575
11576
11577
11578
11579
11580
11581
11582
11583
11584
11585
11586
11587
11588
11589
11590
11591
11592
11593
11594
11611
11612
11595
11596
11597
11598
11599
11600
11601
11602
11603
11604
11605
11606
11607
11608
11609
11610
11613
11614
11615
11616
11617
11618
11619
11620
11621
11622
11623
11624
11625
11626
11627
11628
11629
11630
11631
11632
11633
11634
11635
11636
11637
11638
11639
11640
11641
11642
11643
11693
11694
11660
11661
11644
11645
11646
11647
11648
11649
11650
11651
11652
11653
11654
11655
11656
11657
11658
11659
11662
11663
11664
11665
11666
11667
11668
11669
11670
11671
11672
11673
11674
11675
11676
11677
11678
11679
11680
11681
11682
11683
11684
11685
11686
11687
11688
11689
11690
11691
11692
11720
11721
11723
11724
11725
11726
11727
11728
11729
11730
11731
11732
11733
11734
11735
11736
11737
11738
11739
11740
11741
11742
11743
11744
11745
11746
11747
11748
11749
11750
11751
11752
11753
11754
11769
11770
11771
11755
11756
11757
11758
11759
11760
11761
11762
11763
11764
11765
11766
11767
11768
11811
11812
11814
11815
11816
11817
11818
11819
11820
11821
11822
11823
11824
11825
11826
11827
11828
11829
11830
11831
11832
11833
11834
11835
11836
11837
11838
11839
11840
11841
11842
11843
11844
11845
11846
11847
11848
11849
11850
11851
11852
11853
11854
11855
11856
11857
11858
11859
11860
11861
11862
11863
11864
11865
11866
11867
11868
11869
11870
11871
11872
11873
11874
11875
11876
11877
11878
11879
11880
11881
11882
11883
11884
11885
11886
11887
11888
11889
11890
11891
11910
11911
11909
11892
11893
11894
11895
11896
11897
11898
11899
11900
11901
11902
11903
11904
11905
11906
11907
11908
11912
11913
11914
11915
11916
11917
11918
11919
11920
11921
11922
11923
11924
11925
11926
11927
11928
11929
11930
11931
11932
11933
11934
11935
11936
11937
11938
11939
11940
11941
11942
11943
11944
11945
11946
11947
11948
11949
11950
11951
11952
11953
11954
11955
11956
11957
11958
11959
11960
11961
11962
11963
11964
11965
11966
11967
11968
11969
11970
11971
12050
12051
12049
11972
11973
11974
11975
11976
11977
11978
11979
11980
11981
11982
11983
11984
11985
11986
11987
11988
11989
11990
11991
11992
11993
11994
11995
11996
11997
11998
11999
12000
12001
12002
12003
12004
12005
12006
12007
12008
12009
12010
12011
12012
12013
12014
12015
12016
12017
12018
12019
12020
12021
12022
12023
12024
12025
12026
12027
12028
12029
12030
12031
12032
12033
12034
12035
12036
12037
12038
12039
12040
12041
12042
12043
12044
12045
12046
12047
12048
12071
12072
12073
12074
12076
12077
12078
12079
12081
12080
12082
12083
12086
12087
12084
12085
12092
12091
12094
12095
12090
12093
12088
12089
12177
12178
12179
12180
12181
12186
12187
12188
12189
12190
12191
12192
12193
12194
12195
12196
12197
12200
12198
12199
12212
12214
12211
12213
12204
12205
12206
12207
12208
12209
12210
12201
12202
12203
12228
12225
12226
12229
12231
12227
12230
12218
12219
12220
12221
12222
12223
12224
12215
12216
12217
12258
12259
12273
12274
12275
12276
12277
12278
12279
12280
12281
12282
12283
12284
12285
12286
12287
12288
12289
12290
12291
12292
12293
12294
12295
12296
12297
12298
12299
12300
12301
12302
12303
12304
12305
12306
12307
12308
12309
12310
12311
12312
12313
12314
12315
12316
12317
12318
12319
12320
12321
12323
12322
12324
12339
12340
12353
12354
12355
12356
12357
12358
12359
12360
12361
12362
12363
12364
12365
12366
12367
12368
12369
12370
12329
12330
12331
12332
12333
12334
12335
12336
12337
12338
12325
12326
12327
12328
12341
12342
12343
12344
12345
12346
12347
12348
12349
12350
12351
12352
12417
12419
12418
12420
12385
12386
12399
12400
12401
12402
12403
12404
12405
12406
12407
12408
12409
12410
12411
12412
12413
12414
12415
12416
12375
12376
12377
12378
12379
12380
12381
12382
12383
12384
12371
12372
12373
12374
12387
12388
12389
12390
12391
12392
12393
12394
12395
12396
12397
12398
12667
12698
12699
12700
12701
12702
12703
12704
12705
12706
12707
12708
12709
12710
12711
12712
12713
12714
12715
12716
12717
12718
12719
12720
12721
12722
12723
12724
12725
12726
12727
12728
12729
12730
12731
12732
12733
12734
12735
12736
12737
12738
12739
12743
12746
12744
12745
12740
12741
12742
12763
12764
12765
12766
12767
12768
12769
12770
12771
12772
12773
12774
12775
12776
12777
12778
12779
12753
12754
12755
12756
12757
12758
12759
12760
12761
12762
12780
12781
12782
12747
12748
12749
12750
12751
12752
12824
12827
12825
12826
12821
12822
12823
12801
12802
12803
12804
12805
12806
12807
12808
12809
12810
12811
12812
12813
12814
12815
12816
12817
12791
12792
12793
12794
12795
12796
12797
12798
12799
12800
12818
12819
12820
12785
12786
12787
12788
12789
12790
12937
12938
12939
12941
12942
12943
12944
12945
12946
12947
12948
12949
12950
12951
12952
12953
12954
12955
12956
12957
12958
12959
12960
12961
12962
12963
12964
12966
12965
12972
12973
12974
12975
12976
12977
12967
12968
12969
12970
12971
12987
12988
12989
12978
12979
12980
12981
12982
12983
12984
12985
12986
13013
13015
13014
12995
12996
12997
12998
12999
13000
12990
12991
12992
12993
12994
13010
13011
13012
13001
13002
13003
13004
13005
13006
13007
13008
13009
13099
13100
13140
13141
13142
13143
13144
13145
13146
13147
13148
13149
13150
13151
13152
13153
13154
13155
13156
13157
13158
13159
13160
13161
13162
13163
13164
13165
13166
13167
13168
13169
13170
13171
13172
13173
13174
13175
13176
13177
13178
13179
13180
13181
13182
13183
13184
13185
13186
13187
13188
13189
13190
13191
13192
13193
13194
13195
13196
13197
13198
13199
13200
13201
13202
13203
13204
13205
13206
13207
13208
13209
13210
13211
13212
13213
13214
13225
13228
13226
13215
13230
13224
13223
13217
13218
13221
13216
13229
13222
13227
13220
13219
13291
13231
13232
13233
13234
13235
13236
13237
13238
13239
13240
13241
13242
13243
13244
13245
13246
13247
13248
13249
13250
13251
13252
13253
13254
13255
13256
13257
13258
13259
13260
13261
13262
13263
13264
13265
13266
13267
13268
13269
13270
13271
13272
13273
13274
13275
13276
13277
13278
13279
13280
13281
13282
13283
13284
13285
13286
13287
13288
13289
13290
13363
13366
13364
13352
13368
13362
13361
13354
13355
13359
13353
13367
13360
13365
13358
13356
13357
13292
13293
13294
13295
13296
13297
13298
13299
13300
13301
13302
13303
13304
13305
13306
13307
13308
13309
13310
13311
13312
13313
13314
13315
13316
13317
13318
13319
13320
13321
13322
13323
13324
13325
13326
13327
13328
13329
13330
13331
13332
13333
13334
13335
13336
13337
13338
13339
13340
13341
13342
13343
13344
13345
13346
13347
13348
13349
13350
13351
13630
13631
13632
13633
13634
13635
13636
13637
13638
13639
13640
13641
13642
13643
13644
13645
13646
13647
13648
13649
13650
13651
13652
13653
13654
13672
13673
13674
13675
13655
13656
13657
13658
13659
13660
13661
13662
13663
13664
13665
13666
13667
13668
13669
13670
13671
13708
13709
13710
13711
13712
13713
13691
13692
13693
13694
13695
13696
13697
13698
13699
13700
13701
13702
13703
13704
13705
13706
13707
13722
13723
13724
13725
13726
13727
13728
13729
13747
13748
13749
13750
13751
13752
13753
13754
13755
13756
13757
13758
13759
13760
13761
13762
13763
13770
13764
13771
13765
13766
13767
13768
13769
13787
13788
13772
13773
13774
13775
13776
13777
13778
13779
13780
13781
13782
13783
13784
13785
13786
13811
13804
13812
13805
13806
13807
13808
13809
13810
13813
13789
13790
13791
13792
13793
13794
13795
13796
13797
13798
13799
13800
13801
13802
13803
13882
13883
13890
13891
13892
13893
13894
13895
13896
13897
13898
13899
13901
13902
13903
13904
13905
13906
13907
13908
13909
13910
13911
13912
13913
13914
13915
13916
13917
13918
13919
13942
13921
13938
13931
13922
13934
13943
13937
13925
13920
13941
13924
13936
13939
13940
13944
13935
13923
13926
13927
13928
13929
13930
13932
13933
13949
13950
13946
13947
13948
13945
14021
13998
14017
14008
13999
14013
14022
14016
14002
13997
14020
14001
14015
14018
14019
14023
14014
14000
14003
14004
14005
14006
14007
14009
14010
14011
14012
13994
13995
13996
13993
14034
14035
14036
14037
14038
14039
14040
14041
14042
14043
14044
14045
14046
14047
14048
14049
14052
14053
14064
14065
14066
14067
14054
14055
14056
14057
14058
14059
14060
14061
14062
14063
14078
14083
14079
14080
14081
14082
14068
14069
14070
14071
14072
14073
14074
14075
14076
14077
14295
14296
14297
14298
14299
14300
14301
14302
14303
14304
14305
14306
14307
14308
14309
14310
14311
14312
14313
14314
14315
14316
14317
14318
14319
14320
14321
14322
14323
14348
14324
14325
14326
14327
14328
14329
14330
14331
14332
14333
14334
14335
14336
14337
14338
14339
14340
14341
14342
14343
14344
14345
14346
14347
14373
14375
14374
14349
14350
14351
14352
14353
14354
14355
14356
14357
14358
14359
14360
14361
14362
14363
14364
14365
14366
14367
14368
14369
14370
14371
14372
14503
14504
14505
14506
14507
14508
14509
14511
14510
14516
14515
14512
14513
14514
14523
14522
14521
14520
14517
14518
14519
14541
14542
14544
14545
14546
14547
14548
14549
14550
14551
14552
14553
14554
14555
14556
14557
14558
14559
14560
14561
14562
14563
14564
14565
14566
14568
14569
14570
14567
14591
14579
14580
14581
14582
14583
14584
14585
14586
14587
14588
14589
14590
14571
14572
14573
14574
14575
14576
14577
14578
14613
14614
14616
14612
14615
14600
14601
14602
14603
14604
14605
14606
14607
14608
14609
14610
14611
14592
14593
14594
14595
14596
14597
14598
14599
14708
14709
14710
14711
14716
14717
14718
14719
14720
14722
14723
14724
14725
14726
14727
14728
14729
14730
14731
14732
14733
14734
14735
14736
14737
14738
14739
14740
14741
14742
14743
14744
14745
14746
14747
14748
14750
14751
14749
14777
14778
14776
14775
14752
14753
14754
14755
14756
14757
14758
14759
14760
14761
14762
14763
14764
14765
14766
14767
14768
14769
14770
14771
14772
14773
14774
14803
14806
14807
14804
14808
14809
14805
14802
14779
14780
14781
14782
14783
14784
14785
14786
14787
14788
14789
14790
14791
14792
14793
14794
14795
14796
14797
14798
14799
14800
14801
14863
14864
14865
14866
14867
14868
14869
14870
14871
14872
14873
14874
14879
14877
14878
14875
14876
14880
14881
14882
14883
14884
14885
14886
14900
14898
14899
14889
14890
14891
14892
14893
14894
14895
14896
14897
15056
15057
15058
15059
15060
15061
15062
15063
15067
15064
15065
15066
15071
15072
15073
15068
15069
15070
15422
15423
15424
15425
15426
15427
15428
15429
15430
15431
15432
15433
15434
15435
15436
15437
15438
15439
15440
15441
15442
15443
15444
15445
15446
15447
15448
15449
15452
15453
15454
15455
15456
15457
15458
15459
15485
15487
15486
15484
15481
15460
15461
15462
15463
15464
15465
15466
15467
15468
15469
15470
15471
15472
15473
15474
15475
15476
15477
15478
15479
15480
15482
15483
15488
15489
15490
15491
15492
15493
15494
15495
15529
15531
15530
15528
15525
15504
15505
15506
15507
15508
15509
15510
15511
15512
15513
15514
15515
15516
15517
15518
15519
15520
15521
15522
15523
15524
15526
15527
15496
15497
15498
15499
15500
15501
15502
15503
16285
16286
16288
16289
16290
16291
16292
16293
16294
16295
16296
16297
16383
16384
16389
16390
16391
16392
16393
16394
16395
16396
16397
16398
16399
16400
16401
16402
16403
16404
16405
16406
16407
16408
16409
16410
16411
16412
16413
16414
16415
16416
16417
16418
16419
16420
16421
16422
16423
16424
16425
16426
16427
16428
16429
16430
16431
16432
16433
16434
16435
16436
16437
16438
16439
16440
16441
16442
16443
16444
16445
16446
16447
16448
16449
16450
16451
16452
16453
16454
16462
16457
16458
16459
16460
16461
16522
16463
16464
16465
16466
16467
16468
16469
16470
16471
16472
16473
16474
16475
16476
16477
16478
16479
16480
16481
16482
16483
16484
16485
16486
16487
16488
16489
16490
16491
16492
16493
16494
16495
16496
16497
16498
16499
16500
16501
16502
16503
16504
16505
16506
16507
16508
16509
16510
16511
16512
16513
16514
16515
16516
16517
16518
16519
16520
16521
16588
16582
16583
16584
16585
16586
16587
16523
16524
16525
16526
16527
16528
16529
16530
16531
16532
16533
16534
16535
16536
16537
16538
16539
16540
16541
16542
16543
16544
16545
16546
16547
16548
16549
16550
16551
16552
16553
16554
16555
16556
16557
16558
16559
16560
16561
16562
16563
16564
16565
16566
16567
16568
16569
16570
16571
16572
16573
16574
16575
16576
16577
16578
16579
16580
16581
17426
17427
17428
17429
17430
17431
17432
17433
17434
17435
17436
17437
17438
17439
17440
17441
17442
17443
17444
17445
17446
17447
17448
17449
17450
17451
17452
17453
17454
17481
17455
17456
17457
17458
17459
17460
17461
17462
17463
17464
17465
17466
17467
17468
17469
17470
17471
17472
17473
17474
17475
17476
17477
17478
17479
17480
17509
17508
17482
17483
17484
17485
17486
17487
17488
17489
17490
17491
17492
17493
17494
17495
17496
17497
17498
17499
17500
17501
17502
17503
17504
17505
17506
17507
17839
17840
17841
17845
17846
17847
17848
17849
17850
17851
17852
17853
17854
17855
17856
17857
17858
17859
17860
17861
17862
17863
17864
17865
17866
17867
17868
17869
17870
17871
17872
17873
17874
17875
17876
17877
17878
17879
17880
17881
17882
17883
17884
17885
17886
17887
17888
17889
17890
17891
17892
17893
17894
17895
17896
17897
17898
17899
17900
17901
17902
17903
17904
17905
17906
17907
17908
17909
17910
17911
17916
17917
17918
17919
17920
17921
17922
17923
17924
17925
17926
17927
17928
17929
17930
17931
17932
17933
17934
17935
17936
17937
17938
17939
17940
17941
17942
17943
17944
17945
17946
17947
17948
17949
17950
17951
17952
17953
17954
17955
17956
18045
18051
18048
18044
18046
18049
18047
18050
17991
17992
17993
17994
17995
17996
17997
17998
17999
18000
18001
18002
18003
18004
18005
18006
17957
17958
17959
17960
17961
17962
17963
17964
17965
17966
17967
17968
17969
17970
17971
17972
18007
18008
18009
18010
18011
18012
18013
18014
18015
18016
18017
18018
18019
18020
18021
18022
18023
17978
17979
17980
17981
17982
17983
17984
17985
17986
17987
17988
17989
17990
17973
17974
17975
17976
17977
18024
18025
18026
18027
18028
18029
18030
18031
18032
18033
18034
18035
18036
18037
18038
18039
18040
18041
18042
18043
18059
18060
18061
18062
18063
18064
18065
18066
18067
18052
18053
18054
18055
18056
18057
18058
18172
18178
18175
18171
18173
18176
18174
18177
18118
18119
18120
18121
18122
18123
18124
18125
18126
18127
18128
18129
18130
18131
18132
18133
18084
18085
18086
18087
18088
18089
18090
18091
18092
18093
18094
18095
18096
18097
18098
18099
18134
18135
18136
18137
18138
18139
18140
18141
18142
18143
18144
18145
18146
18147
18148
18149
18150
18105
18106
18107
18108
18109
18110
18111
18112
18113
18114
18115
18116
18117
18100
18101
18102
18103
18104
18151
18152
18153
18154
18155
18156
18157
18158
18159
18160
18161
18162
18163
18164
18165
18166
18167
18168
18169
18170
18075
18076
18077
18078
18079
18080
18081
18082
18083
18068
18069
18070
18071
18072
18073
18074
18379
18380
18415
18416
18417
18418
18419
18422
18420
18421
18425
18423
18426
18424
18432
18427
18430
18431
18428
18433
18429
18634
18635
18636
18637
18638
18639
18640
18641
18642
18646
18645
18644
18643
18647
18648
18649
18650
18651
18660
18659
18658
18654
18652
18653
18655
18656
18657
18786
18804
18805
18806
18807
18808
18810
18809
18811
18812
18813
18814
18820
18819
18815
18816
18817
18818
18976
18977
18978
18979
18980
18981
18982
18983
18984
18985
18986
18987
18988
18989
19026
19027
19028
19029
19030
19031
19032
19033
19034
19035
19036
19037
19038
19039
19040
19041
19042
19043
19044
19045
19046
19047
19048
19049
19050
19051
19052
19053
19054
19055
19056
19057
19058
19059
19060
19061
19084
19085
19086
19062
19063
19064
19065
19066
19067
19068
19069
19070
19071
19072
19073
19074
19075
19076
19077
19078
19079
19080
19081
19082
19083
19321
19324
19325
19326
19327
19328
19329
19330
19331
19332
19333
19335
19336
19337
19338
19339
19340
19341
19342
19343
19344
19345
19346
19347
19348
19349
19350
19351
19352
19353
19354
19356
19357
19358
19359
19360
19361
19362
19363
19364
19365
19366
19370
19372
19368
19373
19369
19367
19371
19397
19407
19398
19408
19401
19403
19405
19404
19400
19402
19399
19406
19376
19377
19378
19379
19382
19383
19384
19385
19386
19387
19388
19389
19390
19391
19394
19395
19396
19380
19381
19374
19375
19392
19393
19439
19445
19433
19450
19436
19432
19444
19434
19448
19435
19449
19440
19442
19446
19443
19438
19441
19437
19447
19411
19412
19413
19414
19417
19418
19419
19420
19421
19422
19423
19424
19425
19426
19429
19430
19431
19415
19416
19409
19410
19427
19428
19484
19486
19487
19488
19489
19490
19491
19492
19493
19494
19495
19503
19502
19500
19501
19504
19496
19497
19498
19499
19505
19506
19516
19515
19513
19514
19517
19509
19510
19511
19512
19507
19508
20025
20044
20045
20046
20047
20049
20048
20050
20051
20052
20057
20056
20053
20054
20055
20704
20705
20706
20707
20708
20709
20710
20711
20712
20713
20714
20715
20716
20717
20718
20719
20720
20721
20722
20723
20725
20724
20726
20727
20728
20729
20730
20731
20732
20733
20734
20735
20736
20737
20738
20739
20740
20741
20742
20743
20762
20761
20763
20744
20745
20746
20747
20748
20749
20750
20751
20752
20753
20754
20755
20756
20757
20758
20759
20760
21634
21635
21636
21637
21638
21639
21640
21641
21642
21643
21644
21645
21646
21647
21648
21649
21650
21651
21652
21653
21654
21655
21656
21658
21657
21676
21677
21659
21660
21661
21662
21663
21664
21665
21666
21667
21668
21669
21670
21671
21672
21673
21674
21675
21712
21715
21714
21713
21716
21695
21696
21697
21698
21699
21700
21701
21702
21703
21704
21705
21706
21707
21708
21709
21710
21711
21968
21969
21970
21971
21972
21973
21974
21975
21976
21977
21978
21979
21980
21981
21982
21983
21984
21985
21986
21987
21988
21989
21990
21991
21992
21993
21994
21995
21996
21997
21998
21999
22000
22001
22002
22003
22004
22005
22013
22014
22050
22015
22016
22017
22018
22019
22020
22021
22022
22023
22024
22025
22026
22027
22028
22029
22030
22031
22032
22033
22034
22035
22036
22037
22038
22039
22040
22041
22042
22043
22044
22045
22046
22047
22048
22049
22086
22087
22088
22051
22052
22053
22054
22055
22056
22057
22058
22059
22060
22061
22062
22063
22064
22065
22066
22067
22068
22069
22070
22071
22072
22073
22074
22075
22076
22077
22078
22079
22080
22081
22082
22083
22084
22085
22376
22377
22378
22379
22380
22381
22382
22383
22384
22386
22385
22387
22388
22389
22390
22391
22392
22393
22402
22401
22394
22395
22396
22397
22398
22399
22400
22540
22541
22542
22543
22544
22545
22546
22564
22565
22566
22567
22568
22569
22570
22571
22572
22573
22574
22575
22576
22577
22579
22578
22592
22594
22593
22580
22581
22582
22583
22584
22585
22586
22587
22588
22589
22590
22591
22607
22608
22611
22609
22610
22613
22612
22595
22596
22597
22598
22599
22600
22601
22602
22603
22604
22605
22606
22644
22645
22646
22647
22648
22686
22687
22688
22689
22690
22691
22692
22693
22694
22695
22700
22701
22702
22703
22704
22705
22706
22707
22708
22709
22710
22711
22712
22713
22714
22715
22716
22739
22742
22744
22743
22752
22747
22748
22741
22751
22753
22745
22738
22736
22740
22750
22737
22746
22749
22764
22766
22767
22765
22763
22754
22755
22756
22757
22758
22759
22760
22761
22762
22781
22787
22789
22788
22798
22792
22793
22784
22797
22799
22790
22780
22778
22782
22795
22779
22791
22794
22783
22786
22796
22785
22777
22768
22769
22770
22771
22772
22773
22774
22775
22776
22977
22978
22979
22980
22981
22982
22983
22984
22985
22986
22987
22988
22989
22990
22991
22992
22993
22994
22995
22996
22997
22998
22999
23000
23001
23002
23003
23004
23005
23008
23007
23009
23010
23011
23012
23013
23014
23015
23016
23017
23018
23019
23020
23021
23022
23023
23024
23025
23026
23027
23028
23029
23030
23031
23032
23033
23034
23035
23064
23063
23036
23037
23038
23039
23040
23041
23042
23043
23044
23045
23046
23047
23048
23049
23050
23051
23052
23053
23054
23055
23056
23057
23058
23059
23060
23061
23062
23092
23093
23094
23095
23096
23097
23098
23099
23100
23101
23102
23103
23104
23105
23106
23107
23108
23123
23124
23125
23126
23127
23128
23129
23130
23131
23132
23133
23134
23135
23136
23137
23138
23139
23140
23141
23142
23143
23144
23145
23146
23147
23148
23149
23150
23151
23152
23153
23154
23155
23156
23157
23158
23159
23160
23189
23188
23191
23190
23175
23176
23177
23178
23179
23180
23181
23182
23183
23184
23185
23186
23187
23161
23162
23163
23164
23165
23166
23167
23168
23169
23170
23171
23172
23173
23174
23205
23206
23207
23208
23209
23210
23211
23212
23213
23214
23215
23192
23193
23194
23195
23196
23197
23198
23199
23200
23201
23202
23203
23204
23268
23267
23270
23269
23230
23231
23232
23233
23234
23235
23236
23237
23238
23239
23240
23241
23242
23216
23217
23218
23219
23220
23221
23222
23223
23224
23225
23226
23227
23228
23229
23256
23257
23258
23259
23260
23261
23262
23263
23264
23265
23266
23243
23244
23245
23246
23247
23248
23249
23250
23251
23252
23253
23254
23255
23286
23287
23288
23289
23303
23304
23305
23306
23309
23310
23307
23308
24026
24028
24029
24030
24031
24032
24033
24034
24035
24036
24037
24038
24039
24040
24041
24042
24043
24044
24045
24046
24047
24048
24049
24050
24051
24052
24053
24054
24067
24068
24055
24056
24057
24058
24059
24060
24061
24062
24063
24064
24065
24066
24282
24283
24284
24286
24287
24288
24291
24289
24290
24297
24298
24299
24300
24301
24302
24303
24304
24305
24306
24307
24308
24309
24310
24311
24313
24314
24327
24326
24315
24316
24317
24318
24319
24320
24321
24322
24323
24324
24325
24339
24341
24342
24340
24328
24329
24330
24331
24332
24333
24334
24335
24336
24337
24338
24365
24366
24367
24368
24369
24371
24370
24372
24374
24377
24376
24375
24471
24472
24473
24474
24475
24476
24477
24479
24480
24481
24482
24483
24484
24485
24486
24487
24488
24502
24503
24504
24505
24506
24507
24508
24509
24510
24511
24518
24519
24520
24521
24522
24523
24524
24525
24526
24527
24542
24543
24544
24545
24546
24547
24548
24549
24550
24551
24552
24553
24569
24568
24567
24563
24557
24559
24556
24558
24555
24561
24554
24562
24560
24565
24564
24570
24566
24602
24599
24584
24585
24583
24593
24601
24590
24592
24591
24597
24595
24600
24598
24594
24589
24588
24596
24586
24587
24571
24572
24573
24574
24575
24576
24577
24578
24579
24580
24581
24582
24648
24646
24644
24636
24621
24630
24620
24623
24618
24634
24615
24635
24631
24639
24637
24649
24640
24651
24645
24617
24619
24616
24632
24650
24627
24629
24628
24642
24638
24647
24643
24633
24626
24625
24641
24622
24624
24603
24604
24605
24606
24607
24608
24609
24610
24611
24612
24613
24614
24669
24670
24671
24672
24701
24702
24703
24704
24705
24706
24707
24708
24709
24710
24711
24712
24713
24714
24715
24716
24717
24718
24719
24720
24735
24736
24734
24721
24722
24723
24724
24725
24726
24727
24728
24729
24730
24731
24732
24733
24750
24752
24753
24754
24751
24737
24738
24739
24740
24741
24742
24743
24744
24745
24746
24747
24748
24749
24790
24791
24792
24793
24794
24795
24796
24798
24797
24799
24803
24800
24801
24802
24809
24808
24810
24807
24804
24805
24806
24840
24841
24842
24843
24844
24845
24847
24846
24848
24849
24851
24850
25224
25225
25226
25227
25229
25230
25231
25232
25233
25234
25235
25236
25237
25238
25239
25240
25241
25242
25243
25244
25245
25246
25247
25248
25249
25250
25251
25252
25253
25254
25255
25256
25257
25258
25259
25260
25261
25262
25263
25264
25265
25266
25267
25268
25269
25270
25271
25272
25273
25274
25275
25276
25277
25278
25279
25280
25281
25282
25283
25284
25285
25286
25287
25288
25289
25290
25291
25292
25293
25294
25295
25296
25297
25298
25299
25360
25361
25362
25300
25301
25302
25303
25304
25305
25306
25307
25308
25309
25310
25311
25312
25313
25314
25315
25316
25317
25318
25319
25320
25321
25322
25323
25324
25325
25326
25327
25328
25329
25330
25331
25332
25333
25334
25335
25336
25337
25338
25339
25340
25341
25342
25343
25344
25345
25346
25347
25348
25349
25350
25351
25352
25353
25354
25355
25356
25357
25358
25359
25423
25424
25425
25426
25427
25428
25429
25430
25431
25363
25364
25365
25366
25367
25368
25369
25370
25371
25372
25373
25374
25375
25376
25377
25378
25379
25380
25381
25382
25383
25384
25385
25386
25387
25388
25389
25390
25391
25392
25393
25394
25395
25396
25397
25398
25399
25400
25401
25402
25403
25404
25405
25406
25407
25408
25409
25410
25411
25412
25413
25414
25415
25416
25417
25418
25419
25420
25421
25422
25452
25453
25454
25455
25456
25457
25458
25459
25460
25461
25462
25463
25464
25465
25466
25467
25468
25469
25470
25471
25472
25487
25473
25474
25475
25476
25477
25478
25479
25480
25481
25482
25483
25484
25485
25486
25502
25503
25504
25505
25488
25489
25490
25491
25492
25493
25494
25495
25496
25497
25498
25499
25500
25501
25613
25614
25615
25616
25617
25618
25619
25620
25621
25622
25624
25625
25626
25627
25628
25629
25630
25631
25632
25633
25634
25635
25636
25637
25638
25639
25640
25641
25642
25643
25644
25645
25646
25647
25648
25649
25650
25651
25652
25653
25654
25655
25657
25660
25658
25656
25659
25693
25692
25696
25695
25694
25697
25666
25667
25668
25684
25685
25686
25687
25688
25675
25676
25677
25678
25679
25680
25681
25682
25683
25689
25690
25691
25669
25670
25671
25672
25673
25674
25661
25662
25663
25664
25665
25733
25736
25734
25729
25735
25731
25730
25738
25737
25732
25739
25703
25704
25705
25721
25722
25723
25724
25725
25712
25713
25714
25715
25716
25717
25718
25719
25720
25726
25727
25728
25706
25707
25708
25709
25710
25711
25698
25699
25700
25701
25702
25870
25871
25872
25873
25874
25875
25876
25877
25878
25879
25880
25881
25882
25883
25884
25885
25886
25887
25888
25889
25890
25891
25892
25893
25894
25895
25896
25897
25898
25899
25900
25901
25902
25903
25904
25905
25906
25907
25908
25909
25910
25911
25912
25913
25914
25915
25916
25917
25918
25919
25920
25921
25922
25923
25924
25925
25926
25927
25928
25929
25930
25931
25932
25933
25934
25935
25936
25937
25938
25939
25940
25941
25942
25943
25994
25995
25996
25997
25998
25944
25945
25946
25947
25948
25949
25950
25951
25952
25953
25954
25955
25956
25957
25958
25959
25960
25961
25962
25963
25964
25965
25966
25967
25968
25969
25970
25971
25972
25973
25974
25975
25976
25977
25978
25979
25980
25981
25982
25983
25984
25985
25986
25987
25988
25989
25990
25991
25992
25993
26000
26001
26002
26003
26004
26005
26006
26007
26008
26009
26010
26011
26012
26013
26014
26015
26016
26017
26018
26088
26089
26090
26091
26092
26019
26020
26021
26022
26023
26024
26025
26026
26027
26028
26029
26030
26031
26032
26033
26034
26035
26036
26037
26038
26039
26040
26041
26042
26043
26044
26045
26046
26047
26048
26049
26050
26051
26052
26053
26054
26055
26056
26057
26058
26059
26060
26061
26062
26063
26064
26065
26066
26067
26068
26069
26070
26071
26072
26073
26074
26075
26076
26077
26078
26079
26080
26081
26082
26083
26084
26085
26086
26087
26420
26421
26433
26434
26435
26436
26437
26438
26439
26440
26441
26442
26443
26444
26445
26447
26446
26453
26454
26455
26456
26458
26457
26448
26449
26450
26451
26452
26467
26475
26474
26468
26469
26470
26471
26473
26472
26462
26463
26464
26465
26466
26810
26811
26812
26813
26814
26815
26816
26817
26818
26819
26820
26821
26860
26861
26862
26863
26864
26865
26866
26867
26868
26874
26871
26870
26873
26869
26872
26889
26888
26884
26885
26886
26887
26875
26876
26877
26878
26879
26880
26881
26882
26883
26910
26907
26905
26909
26903
26908
26906
26904
26899
26900
26901
26902
26890
26891
26892
26893
26894
26895
26896
26897
26898
26983
26984
26985
26986
27132
27133
27134
27135
27136
27137
27138
27139
27140
27141
27142
27143
27144
27145
27146
27147
27148
27149
27150
27151
27152
27153
27154
27155
27156
27157
27158
27159
27161
27162
27163
27164
27165
27166
27167
27168
27169
27170
27171
27172
27173
27174
27175
27176
27177
27178
27179
27180
27181
27182
27183
27184
27185
27186
27187
27188
27189
27190
27191
27192
27193
27194
27195
27196
27197
27198
27199
27200
27201
27202
27203
27204
27205
27206
27207
27208
27209
27210
27211
27215
27220
27222
27216
27214
27223
27221
27219
27217
27212
27218
27213
27262
27263
27264
27265
27266
27267
27268
27269
27270
27271
27272
27273
27274
27275
27246
27247
27248
27249
27250
27251
27280
27281
27282
27283
27284
27285
27286
27287
27288
27289
27290
27291
27292
27293
27294
27276
27277
27278
27279
27252
27253
27254
27255
27256
27257
27258
27259
27260
27261
27224
27225
27226
27227
27228
27229
27230
27231
27232
27233
27234
27235
27236
27237
27238
27239
27240
27241
27242
27243
27244
27245
27369
27374
27376
27370
27368
27377
27375
27373
27371
27366
27372
27367
27333
27334
27335
27336
27337
27338
27339
27340
27341
27342
27343
27344
27345
27346
27317
27318
27319
27320
27321
27322
27351
27352
27353
27354
27355
27356
27357
27358
27359
27360
27361
27362
27363
27364
27365
27347
27348
27349
27350
27323
27324
27325
27326
27327
27328
27329
27330
27331
27332
27295
27296
27297
27298
27299
27300
27301
27302
27303
27304
27305
27306
27307
27308
27309
27310
27311
27312
27313
27314
27315
27316
27392
27423
27424
27425
27426
27427
27428
27429
27430
27431
27432
27433
27434
27435
27436
27437
27438
27439
27440
27441
27443
27442
27461
27444
27445
27446
27447
27448
27449
27450
27451
27452
27453
27454
27455
27456
27457
27458
27459
27460
27481
27479
27480
27462
27463
27464
27465
27466
27467
27468
27469
27470
27471
27472
27473
27474
27475
27476
27477
27478
28302
28303
28304
28306
28305
28307
28310
28309
28308
30242
30243
30244
30245
30246
30247
30248
30249
30251
30252
30253
30254
30255
30256
30257
30258
30259
30260
30261
30262
30263
30264
30265
30266
30267
30268
30269
30270
30271
30272
30273
30291
30296
30297
30298
30292
30293
30294
30295
30274
30275
30276
30277
30278
30279
30280
30281
30282
30283
30284
30285
30286
30287
30288
30289
30290
30323
30325
30326
30316
30321
30322
30324
30317
30318
30319
30320
30299
30300
30301
30302
30303
30304
30305
30306
30307
30308
30309
30310
30311
30312
30313
30314
30315
30354
30355
30357
30358
30359
30360
30361
30362
30363
30364
30365
30366
30367
30368
30369
30371
30373
30374
30372
30370
30381
30382
30384
30383
30375
30376
30377
30378
30379
30380
30397
30399
30400
30398
30396
30392
30393
30395
30394
30386
30387
30388
30389
30390
30391
30428
30429
30430
30431
30432
30433
30434
30435
30437
30438
30439
30440
30441
30442
30443
30444
30445
30446
30447
30448
30449
30450
30451
30452
30453
30454
30455
30458
30456
30459
30460
30457
30475
30477
30478
30482
30476
30479
30480
30481
30469
30470
30471
30472
30473
30474
30466
30467
30468
30461
30462
30463
30464
30465
30503
30500
30504
30505
30501
30498
30502
30506
30510
30499
30507
30508
30509
30492
30493
30494
30495
30496
30497
30489
30490
30491
30484
30485
30486
30487
30488
30526
30527
30528
30529
30530
30531
30532
30533
30540
30541
30550
30545
30549
30547
30543
30546
30542
30544
30548
30551
30561
30555
30560
30558
30553
30556
30552
30554
30559
30557
30581
30582
30583
30584
30585
30603
30604
30605
30606
30894
30895
30896
30897
30898
30899
30900
30901
30902
30903
30904
30905
30906
30907
30908
30909
30910
30911
30912
30913
30914
30915
30916
30917
30918
30919
30920
30921
30922
30923
30924
30925
30926
30927
30928
30929
30930
30931
30932
30933
30934
30935
30936
30937
30938
30939
30940
30964
30965
30966
30967
30968
30969
30970
30971
30972
30973
30974
30975
30976
30977
30978
30979
30980
30981
30982
30983
31044
30984
30985
30986
30987
30988
30989
30990
30991
30992
30993
30994
30995
30996
30997
30998
30999
31000
31001
31002
31003
31004
31005
31006
31007
31008
31009
31010
31011
31012
31013
31014
31015
31016
31017
31018
31019
31020
31021
31022
31023
31024
31025
31026
31027
31028
31029
31030
31031
31032
31033
31034
31035
31036
31037
31038
31039
31040
31041
31042
31043
31106
31107
31108
31105
31045
31046
31047
31048
31049
31050
31051
31052
31053
31054
31055
31056
31057
31058
31059
31060
31061
31062
31063
31064
31065
31066
31067
31068
31069
31070
31071
31072
31073
31074
31075
31076
31077
31078
31079
31080
31081
31082
31083
31084
31085
31086
31087
31088
31089
31090
31091
31092
31093
31094
31095
31096
31097
31098
31099
31100
31101
31102
31103
31104
31279
31280
31281
31282
31289
31290
31291
31292
31294
31296
31293
31295
31297
31298
31299
31300
31306
31308
31305
31307
31301
31302
31303
31304
31372
31373
31374
31378
31379
31380
31381
31382
31383
31384
31385
31386
31387
31388
31389
31390
31391
31392
31393
31394
31395
31396
31397
31398
31399
31400
31401
31402
31403
31404
31405
31406
31407
31408
31409
31410
31411
31412
31413
31414
31415
31416
31417
31418
31419
31420
31421
31422
31423
31424
31425
31430
31426
31428
31429
31427
31443
31444
31445
31446
31447
31448
31449
31450
31451
31452
31453
31454
31455
31456
31457
31458
31459
31460
31461
31462
31463
31464
31465
31466
31467
31468
31469
31470
31471
31472
31473
31474
31475
31476
31439
31440
31441
31442
31431
31432
31433
31434
31435
31436
31437
31438
31527
31523
31525
31526
31524
31489
31490
31491
31492
31493
31494
31495
31496
31497
31498
31499
31500
31501
31502
31503
31504
31505
31506
31507
31508
31509
31510
31511
31512
31513
31514
31515
31516
31517
31518
31519
31520
31521
31522
31485
31486
31487
31488
31477
31478
31479
31480
31481
31482
31483
31484
31553
31554
31555
31556
31557
31558
31559
31560
31561
31562
31563
31564
31565
31566
31567
31568
31569
31570
31571
31573
31577
31572
31574
31576
31575
31593
31581
31582
31583
31584
31585
31586
31587
31588
31589
31590
31591
31592
31608
31612
31606
31609
31611
31610
31607
31594
31595
31596
31597
31598
31599
31600
31601
31602
31603
31604
31605
31923
31924
31926
31927
31928
31929
31930
31931
31932
31933
31934
31935
31936
31937
31938
31939
31940
31941
31942
31943
31944
31945
31954
31955
31951
31952
31953
31946
31947
31948
31949
31950
31956
31957
31958
31959
31960
31961
31962
31963
31964
31965
31966
31967
31988
31989
31973
31974
31975
31968
31969
31970
31971
31972
31976
31977
31978
31979
31980
31981
31982
31983
31984
31985
31986
31987
32046
32047
32048
32049
32074
32075
32076
32077
32081
32082
32079
32083
32080
32078
32085
32084
32091
32092
32088
32093
32089
32087
32090
32086
32796
32797
32798
32799
32800
32802
32803
32804
32805
32806
32807
32808
32809
32810
32811
32812
32813
32814
32815
32816
32817
32818
32819
32820
32821
32822
32823
32824
32825
32826
32827
32828
32829
32833
32832
32836
32835
32834
32830
32831
32839
32840
32841
32842
32837
32838
32848
32849
32850
32843
32844
32845
32846
32847
32851
32852
32853
32854
32855
32856
32857
32858
32859
32860
32861
32862
32893
32892
32896
32895
32894
32866
32867
32868
32869
32870
32871
32864
32865
32877
32878
32879
32872
32873
32874
32875
32876
32880
32881
32882
32883
32884
32885
32886
32887
32888
32889
32890
32891
33155
33156
33157
33158
33159
33160
33161
33162
33163
33164
33165
33180
33181
33182
33183
33184
33185
33186
33187
33189
33191
33190
33188
33203
33204
33205
33206
33192
33193
33194
33195
33196
33197
33198
33199
33200
33201
33202
33223
33225
33224
33222
33218
33219
33220
33221
33207
33208
33209
33210
33211
33212
33213
33214
33215
33216
33217
33327
33328
33329
33330
33331
33332
33333
33334
33335
33336
33337
33338
33339
33340
33341
33342
33343
33344
33345
33346
33347
33348
33349
33350
33351
33352
33353
33354
33355
33356
33357
33358
33359
33377
33378
33360
33361
33362
33363
33364
33365
33366
33367
33368
33369
33370
33371
33372
33373
33374
33375
33376
33379
33380
33381
33382
33383
33384
33385
33386
33387
33388
33389
33390
33391
33392
33424
33425
33393
33394
33395
33396
33397
33398
33399
33400
33401
33402
33403
33404
33405
33406
33407
33408
33409
33410
33411
33412
33413
33414
33415
33416
33417
33418
33419
33420
33421
33422
33423
33538
33557
33558
33559
33560
33561
33562
33563
33564
33565
33566
33568
33570
33569
33567
33571
33572
33573
33574
33575
33581
33583
33585
33584
33582
33576
33577
33578
33579
33580
34183
34184
34185
34187
34188
34189
34190
34191
34192
34193
34194
34195
34196
34198
34197
34208
34209
34199
34200
34201
34202
34203
34204
34205
34206
34207
34222
34221
34219
34220
34210
34211
34212
34213
34214
34215
34216
34217
34218
34641
34642
34644
34645
34646
34647
34648
34649
34654
34651
34652
34653
34650
34657
34656
34655
34665
34661
34662
34664
34660
34663
34659
34658
34843
34844
34846
34847
34848
34849
34850
34851
34852
34853
34854
34855
34856
34857
34858
34859
34869
34860
34861
34862
34863
34864
34865
34866
34867
34868
34879
34880
34881
34882
34870
34871
34872
34873
34874
34875
34876
34877
34878
35047
35048
35049
35050
35051
35052
35053
35054
35055
35056
35057
35058
35059
35060
35061
35062
35063
35064
35065
35066
35067
35070
35072
35073
35071
35090
35089
35074
35075
35076
35077
35078
35079
35080
35081
35082
35083
35084
35085
35086
35087
35088
35106
35108
35109
35107
35111
35110
35091
35092
35093
35094
35095
35096
35097
35098
35099
35100
35101
35102
35103
35104
35105
35204
35205
35206
35207
35236
35237
35238
35239
35240
35241
35242
35243
35244
35245
35246
35247
35248
35249
35250
35251
35252
35253
35254
35255
35256
35257
35258
35259
35260
35261
35262
35263
35264
35265
35266
35267
35282
35289
35287
35283
35285
35284
35288
35286
35268
35269
35270
35271
35272
35273
35274
35275
35276
35277
35278
35279
35280
35281
35290
35291
35292
35293
35294
35295
35296
35297
35298
35299
35300
35301
35302
35303
35332
35339
35337
35333
35335
35334
35338
35336
35304
35305
35306
35307
35308
35309
35310
35311
35312
35313
35314
35315
35316
35317
35318
35319
35320
35321
35322
35323
35324
35325
35326
35327
35328
35329
35330
35331
35350
35351
35352
35353
35354
35355
35356
35357
35358
35359
35360
35361
35362
35371
35363
35364
35365
35366
35367
35368
35369
35370
35380
35381
35382
35372
35373
35374
35375
35376
35377
35378
35379
35402
35403
35405
35406
35407
35408
35409
35410
35411
35412
35413
35414
35415
35416
35417
35418
35419
35420
35421
35422
35423
35646
35647
35648
35649
35650
35651
35652
35653
35654
35655
35656
35657
35658
35659
35660
35661
35662
35693
35677
35678
35679
35680
35681
35682
35683
35684
35685
35686
35687
35688
35689
35690
35691
35692
37069
37070
37071
37072
37073
37074
37101
37096
37097
37098
37099
37100
37185
37186
37187
37188
37189
37190
37191
37192
37193
37226
37227
37229
37230
37231
37232
37233
37234
37235
37236
37237
37238
37239
37240
37241
37242
37243
37244
37245
37246
37247
37248
37249
37250
37251
37252
37253
37254
37255
37256
37282
37279
37280
37281
37277
37283
37278
37257
37258
37259
37260
37261
37262
37263
37264
37265
37266
37267
37268
37269
37270
37271
37272
37273
37274
37275
37276
37285
37286
37287
37316
37313
37314
37315
37311
37317
37312
37288
37289
37290
37291
37292
37293
37294
37295
37296
37297
37298
37299
37300
37301
37305
37306
37307
37308
37309
37310
37302
37303
37304
37355
37356
37357
37358
37359
37360
37361
37363
37364
37365
37366
37367
37368
37369
37370
37371
37372
37373
37374
37375
37376
37377
37378
37379
37380
37381
37382
37383
37384
37385
37386
37387
37388
37389
37390
37391
37392
37393
37394
37395
37396
37397
37428
37429
37398
37399
37400
37401
37402
37403
37404
37405
37406
37407
37408
37409
37410
37411
37412
37413
37414
37415
37416
37417
37418
37419
37420
37421
37422
37423
37424
37425
37426
37427
37460
37461
37462
37463
37464
37465
37466
37430
37431
37432
37433
37434
37435
37436
37437
37438
37439
37440
37441
37442
37443
37444
37445
37446
37447
37448
37449
37450
37451
37452
37453
37454
37455
37456
37457
37458
37459
37561
37563
37564
37565
37566
37567
37568
37569
37570
37571
37572
37573
37574
37584
37585
37575
37576
37577
37578
37579
37580
37581
37582
37583
37595
37596
37597
37586
37587
37588
37589
37590
37591
37592
37593
37594
37729
37730
37732
37733
37734
37735
37736
37737
37738
37739
37740
37741
37742
37743
37744
37745
37746
37747
37748
37749
37750
37751
37752
37753
37754
37755
37756
37757
37758
37759
37760
37761
37762
37763
37764
37765
37766
37767
37768
37769
37770
37771
37782
37783
37772
37773
37774
37775
37776
37777
37778
37779
37780
37781
37784
37785
37786
37787
37788
37789
37790
37791
37792
37793
37794
37795
37796
37797
37798
37799
37800
37801
37802
37803
37804
37805
37806
37807
37808
37809
37810
37811
37812
37813
37854
37855
37814
37815
37816
37817
37818
37819
37820
37821
37822
37823
37824
37825
37826
37827
37828
37829
37830
37831
37832
37833
37834
37835
37836
37837
37838
37839
37840
37841
37842
37843
37844
37845
37846
37847
37848
37849
37850
37851
37852
37853
37898
37899
37901
37900
37905
37906
37907
37908
37909
37910
37911
37912
37913
37914
37915
37916
37917
37918
37925
37919
37920
37921
37922
37923
37924
38604
38605
38607
38608
38609
38610
38611
38612
38613
38614
38615
38616
38617
38618
38619
38620
38621
38622
38623
38624
38625
38626
38627
38628
38629
38630
38631
38632
38644
38645
38646
38633
38634
38635
38636
38637
38638
38639
38640
38641
38642
38643
38925
38926
38927
38928
38929
38930
38931
38932
38937
38938
38933
38934
38935
38936
38949
38947
38948
38943
38944
38945
38946
39244
39245
39246
39247
39248
39249
39250
39251
39252
39253
39254
39255
39256
39257
39260
39259
39258
39261
39262
39263
39264
39265
39266
39267
39268
39269
39270
39271
39286
39285
39284
39273
39274
39275
39276
39277
39278
39279
39280
39281
39282
39283
39373
39374
39375
39376
39377
39378
39393
39394
39399
39397
39396
39398
39395
39400
39401
39402
39407
39405
39404
39406
39403
39408
39409
39410
40062
40063
40064
40065
40066
40067
40068
40069
40080
40081
40082
40083
40084
40085
40086
40087
40088
40089
40090
40091
40092
40093
40094
40095
40096
40097
40098
40099
40100
40115
40116
40117
40118
40119
40120
40121
40122
40123
40124
40125
40126
40127
40128
40129
40130
40131
40132
40133
40134
40135
40136
40137
40138
40139
40140
40141
40142
40143
40144
40145
40146
40147
40152
40148
40150
40151
40149
40205
40200
40201
40208
40206
40203
40209
40198
40204
40207
40199
40202
40186
40187
40188
40189
40190
40191
40192
40193
40194
40195
40196
40197
40155
40156
40157
40161
40162
40163
40174
40175
40153
40154
40164
40165
40166
40167
40168
40169
40170
40171
40172
40173
40158
40159
40160
40176
40177
40178
40179
40180
40181
40182
40183
40184
40185
40266
40257
40263
40264
40262
40267
40258
40259
40270
40268
40261
40271
40255
40265
40269
40256
40260
40243
40244
40245
40246
40247
40248
40249
40250
40251
40252
40253
40254
40212
40213
40214
40218
40219
40220
40231
40232
40210
40211
40221
40222
40223
40224
40225
40226
40227
40228
40229
40230
40215
40216
40217
40233
40234
40235
40236
40237
40238
40239
40240
40241
40242
40406
40407
40408
40410
40411
40412
40413
40414
40415
40416
40417
40418
40419
40420
40421
40422
40423
40424
40425
40426
40427
40428
40429
40430
40431
40432
40433
40434
40435
40436
40437
40438
40439
40440
40441
40442
40443
40444
40445
40446
40447
40448
40449
40450
40451
40452
40453
40454
40455
40456
40457
40505
40502
40504
40503
40501
40506
40495
40496
40497
40498
40499
40500
40483
40484
40485
40486
40487
40488
40489
40490
40491
40460
40461
40462
40463
40464
40465
40466
40467
40468
40469
40470
40471
40472
40473
40474
40475
40476
40477
40478
40479
40480
40481
40482
40458
40459
40492
40493
40494
40552
40555
40551
40554
40553
40550
40556
40544
40545
40546
40547
40548
40549
40532
40533
40534
40535
40536
40537
40538
40539
40540
40509
40510
40511
40512
40513
40514
40515
40516
40517
40518
40519
40520
40521
40522
40523
40524
40525
40526
40527
40528
40529
40530
40531
40507
40508
40541
40542
40543
40592
40593
40594
40595
40596
40597
40598
40599
40600
40601
40602
40603
40604
40605
40606
40607
40608
40609
40610
40611
40612
40613
40614
40615
40616
40617
40618
40619
40620
40621
40622
40623
40624
40625
40626
40627
40628
40629
40630
40631
40632
40633
40634
40635
40637
40636
40677
40676
40669
40670
40671
40672
40673
40674
40675
40638
40639
40640
40641
40642
40643
40644
40663
40664
40665
40666
40667
40668
40652
40653
40654
40655
40656
40657
40658
40659
40660
40661
40662
40645
40646
40647
40648
40649
40650
40651
40716
40720
40717
40719
40718
40709
40710
40711
40712
40713
40714
40715
40678
40679
40680
40681
40682
40683
40684
40703
40704
40705
40706
40707
40708
40692
40693
40694
40695
40696
40697
40698
40699
40700
40701
40702
40685
40686
40687
40688
40689
40690
40691
41084
41085
41086
41087
41088
41089
41090
41091
41092
41093
41094
41095
41096
41097
41098
41099
41100
41101
41102
41103
41104
41105
41106
41107
41108
41109
41110
41111
41112
41113
41114
41115
41116
41117
41118
41119
41120
41121
41122
41123
41124
41125
41126
41127
41128
41129
41130
41131
41132
41133
41134
41135
41136
41137
41138
41139
41140
41141
41145
41148
41147
41142
41143
41146
41144
41198
41199
41167
41168
41169
41170
41171
41172
41173
41174
41175
41176
41177
41178
41179
41180
41181
41182
41183
41149
41150
41151
41152
41153
41154
41155
41156
41157
41158
41159
41160
41161
41162
41163
41164
41165
41166
41184
41185
41186
41187
41188
41189
41190
41191
41192
41193
41194
41195
41196
41197
41253
41257
41256
41249
41251
41255
41252
41250
41254
41218
41219
41220
41221
41222
41223
41224
41225
41226
41227
41228
41229
41230
41231
41232
41233
41234
41200
41201
41202
41203
41204
41205
41206
41207
41208
41209
41210
41211
41212
41213
41214
41215
41216
41217
41235
41236
41237
41238
41239
41240
41241
41242
41243
41244
41245
41246
41247
41248
41845
41846
41847
41850
41851
41852
41853
41856
41854
41855
41857
41858
41859
41860
41867
41865
41866
41861
41862
41863
41864
42204
42205
42208
42209
42210
42211
42212
42213
42214
42215
42216
42217
42218
42219
42220
42221
42222
42223
42224
42225
42226
42227
42228
42230
42232
42231
42233
42229
42249
42234
42235
42236
42237
42238
42239
42240
42241
42242
42243
42244
42245
42246
42247
42248
42265
42267
42269
42268
42270
42266
42271
42250
42251
42252
42253
42254
42255
42256
42257
42258
42259
42260
42261
42262
42263
42264
42300
42301
42302
42303
42304
42305
42306
42307
42308
42309
42310
42311
42312
42313
42314
42315
42316
42317
42318
42319
42320
42321
42322
42323
42324
42325
42327
42326
42347
42349
42348
42332
42333
42334
42335
42336
42337
42338
42339
42340
42341
42342
42343
42344
42345
42346
42328
42329
42330
42331
42371
42375
42374
42370
42373
42372
42355
42356
42357
42358
42359
42360
42361
42362
42363
42364
42365
42366
42367
42368
42369
42351
42352
42353
42354
43059
43060
43061
43062
43063
43064
43065
43066
43067
43068
43069
43070
43071
43072
43073
43074
43075
43076
43077
43078
43079
43080
43081
43082
43083
43084
43085
43086
43087
43088
43089
43090
43091
43092
43093
43094
43095
43096
43097
43098
43099
43101
43100
43140
43137
43138
43139
43122
43123
43124
43125
43126
43127
43128
43129
43130
43131
43132
43133
43134
43135
43136
43102
43103
43104
43105
43106
43107
43108
43109
43110
43111
43112
43113
43114
43115
43116
43117
43118
43119
43120
43121
43187
43186
43190
43185
43188
43189
43170
43171
43172
43173
43174
43175
43176
43177
43178
43179
43180
43181
43182
43183
43184
43150
43151
43152
43153
43154
43155
43156
43157
43158
43159
43160
43161
43162
43163
43164
43165
43166
43167
43168
43169
43809
43810
43811
43812
43829
43830
43831
43832
43833
43834
43835
43836
44193
44194
44195
44196
44197
44198
44199
44200
44201
44202
44203
44204
44205
44214
44206
44207
44208
44209
44210
44211
44212
44213
44215
44216
44217
44218
44231
44219
44220
44221
44222
44223
44224
44225
44226
44227
44228
44229
44230
44287
44288
44289
44290
44291
44292
44293
44294
44295
44296
44297
44298
44299
44300
44301
44302
44303
44304
44305
44306
44307
44308
44309
44310
44311
44312
44313
44314
44315
44316
44317
44318
44319
44320
44321
44322
44323
44324
44325
44326
44327
44328
44329
44330
44331
44332
44333
44334
44335
44336
44337
44338
44339
44340
44375
44376
44377
44378
44341
44342
44343
44344
44345
44346
44347
44348
44349
44350
44351
44352
44353
44354
44355
44356
44357
44358
44359
44360
44361
44362
44363
44364
44365
44366
44367
44368
44369
44370
44371
44372
44373
44374
44379
44380
44381
44382
44383
44384
44385
44386
44387
44388
44389
44390
44391
44392
44393
44394
44445
44446
44447
44448
44395
44396
44397
44398
44399
44400
44401
44402
44403
44404
44405
44406
44407
44408
44409
44410
44411
44412
44413
44414
44415
44416
44417
44418
44419
44420
44421
44422
44423
44424
44425
44426
44427
44428
44429
44430
44431
44432
44433
44434
44435
44436
44437
44438
44439
44440
44441
44442
44443
44444
45026
45027
45028
45029
45030
45031
45032
45033
45034
45035
45036
45037
45038
45039
45040
45041
45042
45043
45044
45045
45046
45047
45048
45049
45050
45051
45052
45053
45069
45070
45057
45058
45059
45060
45061
45062
45063
45064
45065
45066
45067
45068
45075
45076
45077
45078
45079
45080
45081
45082
45083
45084
45085
45086
45087
45088
45089
45090
45091
45092
45093
45095
45094
45096
45097
45098
45099
45100
45101
45102
45103
45104
45105
45106
45107
45108
45109
45110
45111
45112
45131
45130
45113
45114
45115
45116
45117
45118
45119
45120
45121
45122
45123
45124
45125
45126
45127
45128
45129
45152
45153
45154
45155
45156
45159
45157
45158
45160
45161
45166
45164
45165
45162
45163
45325
45326
45327
45328
45329
45330
45331
45332
45333
45334
45335
45336
45337
45338
45339
45358
45359
45360
45361
45362
45363
45377
45376
45378
45371
45372
45364
45365
45373
45374
45375
45366
45367
45368
45369
45370
45379
45380
45381
45382
45383
45384
45404
45403
45405
45398
45399
45385
45386
45400
45401
45402
45393
45394
45395
45396
45397
45387
45388
45389
45390
45391
45392
45691
45692
45693
45694
45695
45696
45697
45698
45703
45701
45700
45702
45704
45705
45706
45707
45715
45713
45712
45714
45708
45709
45710
45711
45919
45920
45921
45922
45923
45924
45925
45926
45935
45936
45937
45938
45939
45940
45941
45942
45943
45944
45945
45946
45947
45948
45949
45950
45951
45952
45953
45954
45960
45958
45955
45961
45959
45956
45957
45962
45963
45964
45967
45968
45969
45970
45971
45972
45973
45974
45975
45976
45977
45978
45979
45980
45981
45982
45965
45966
46008
46006
46003
46009
46007
46004
46005
46010
45983
45984
45987
45988
45989
45990
45991
45992
45993
45994
45995
45996
45997
45998
45999
46000
46001
46002
45985
45986
46057
46058
46059
46060
46061
46062
46063
46064
46065
46066
46067
46068
46069
46070
46071
46072
46073
46074
46075
46076
46077
46078
46079
46080
46081
46082
46083
46084
46108
46107
46091
46092
46093
46094
46095
46096
46097
46098
46099
46100
46101
46102
46103
46104
46105
46106
46085
46086
46087
46088
46089
46090
46132
46134
46133
46131
46115
46116
46117
46118
46119
46120
46121
46122
46123
46124
46125
46126
46127
46128
46129
46130
46109
46110
46111
46112
46113
46114
46550
46551
46552
46553
46554
46557
46558
46559
46560
46561
46562
46563
46564
46565
46566
46569
46568
46567
46579
46580
46581
46570
46571
46572
46573
46574
46575
46576
46577
46578
46596
46592
46591
46593
46594
46595
46582
46583
46584
46585
46586
46587
46588
46589
46590
46614
46615
46616
46618
46619
46620
32098
32099
32113
32114
32115
32116
32117
32118
32119
32120
32121
32122
32123
32131
32128
32130
32132
32129
32124
32125
32126
32127
32138
32141
32142
32137
32140
32143
32139
32133
32134
32135
32136
