21
20
22
19
0
1
2
3
4
5
6
7
8
9
10
11
12
13
14
15
16
17
18
1090
1091
1064
1065
1066
1067
1068
1069
1070
1071
1072
1073
1074
1075
1076
1077
1078
1079
1080
1081
1082
1083
1084
1085
1086
1087
1088
1089
13989
13985
13991
13988
13990
13987
13986
13965
13966
13951
13952
13953
13954
13955
13956
13957
13958
13959
13960
13961
13962
13963
13964
13967
13968
13969
13970
13971
13972
13973
13974
13982
13983
13984
13975
13976
13977
13978
13979
13980
13981
44055
44056
44054
44061
44053
44057
44058
44059
44060
44044
44045
44046
44047
44048
44049
44050
44051
44052
44037
44038
44039
44040
44041
44042
44043
44035
44036
1052
1049
1043
1047
1050
1046
1044
1045
1048
1053
1051
1035
1036
1037
1038
1039
1040
1041
1042
1022
1023
1024
1025
1026
1027
1028
1029
1030
1031
1032
1033
1034
10766
10767
10736
10737
10738
10739
10740
10741
10742
10743
10744
10745
10746
10747
10748
10749
10750
10751
10752
10753
10754
10755
10756
10757
10758
10759
10760
10761
10762
10763
10764
10765
19322
19323
21167
21165
21166
21152
21153
21154
21155
21156
21157
21158
21159
21160
21161
21162
21163
21164
27131
27125
27126
27127
27128
27129
27130
26987
26988
26989
26990
26991
26992
26993
26994
26995
26996
26997
26998
26999
27000
27001
27002
27003
27004
27005
27006
27007
27008
27009
27010
27011
27012
27013
27014
27015
27016
27017
27018
27019
27020
27021
27022
27023
27024
27025
27026
27027
27028
27029
27030
27031
27032
27033
27034
27035
27036
27037
27038
27039
27040
27041
27042
27043
27044
27045
27046
27047
27048
27049
27050
27051
27052
27053
27054
27055
27056
27057
27058
27059
27060
27061
27062
27063
27064
27065
27066
27067
27068
27069
27070
27071
27072
27073
27074
27075
27076
27077
27078
27079
27080
27081
27082
27083
27084
27085
27086
27087
27088
27089
27090
27091
27092
27093
27094
27095
27096
27097
27098
27099
27100
27101
27102
27103
27104
27105
27106
27107
27108
27109
27110
27111
27112
27113
27114
27115
27116
27117
27118
27119
27120
27121
27122
27123
27124
31197
31194
31196
31195
31198
31192
31193
36645
36646
36628
36629
36630
36631
36632
36633
36634
36635
36636
36637
36638
36639
36640
36641
36642
36643
36644
37509
37505
37503
37507
37510
37504
37508
37506
37467
37468
37469
37470
37471
37472
37473
37474
37475
37489
37490
37491
37492
37493
37494
37495
37496
37497
37498
37499
37500
37501
37502
37476
37477
37478
37479
37480
37481
37482
37483
37484
37485
37486
37487
37488
39668
39669
39670
46930
46927
46933
46929
46926
46928
46934
46932
46931
46886
46887
46888
46889
46890
46891
46892
46893
46894
46895
46896
46897
46898
46899
46900
46901
46902
46903
46904
46905
46906
46907
46908
46909
46910
46911
46912
46913
46914
46915
46916
46917
46918
46919
46920
46921
46922
46923
46924
46925
47353
47320
47321
47322
47323
47324
47325
47326
47327
47328
47329
47330
47331
47332
47333
47334
47335
47336
47337
47338
47339
47340
47341
47342
47343
47344
47345
47346
47347
47348
47349
47350
47351
47352
47577
47580
47576
47579
47578
47562
47563
47564
47565
47566
47567
47568
47569
47570
47571
47572
47573
47574
47575
47548
47549
47550
47551
47552
47553
47554
47555
47556
47557
47558
47559
47560
47561
47829
47826
47828
47819
47825
47821
47827
47823
47820
47824
47822
47810
47811
47812
47813
47814
47815
47816
47817
47818
47798
47799
47800
47801
47802
47803
47804
47805
47806
47807
47808
47809
47951
47952
48059
48058
48057
48018
48019
48020
48021
48022
48023
48024
48025
48026
48027
48028
48013
48014
48015
48016
48017
48029
48030
48031
48032
48033
48034
48035
48036
48037
48038
48039
48040
48041
48042
48043
48044
48045
48046
48047
48048
48049
48050
48051
48052
48053
48054
48055
48056
48400
48397
48398
48399
48354
48355
48356
48357
48358
48359
48360
48361
48362
48363
48364
48365
48366
48367
48368
48369
48370
48371
48372
48373
48374
48375
48376
48377
48378
48379
48380
48381
48382
48383
48384
48385
48386
48387
48388
48389
48390
48391
48392
48393
48394
48395
48396
49328
49324
49325
49326
49327
49236
49237
49238
49239
49240
49241
49242
49243
49244
49245
49246
49247
49248
49249
49250
49251
49252
49253
49254
49255
49256
49257
49258
49259
49260
49261
49262
49263
49264
49265
49266
49267
49268
49269
49270
49271
49272
49273
49274
49275
49276
49277
49278
49279
49280
49281
49282
49283
49284
49285
49286
49287
49288
49289
49290
49291
49292
49293
49294
49295
49296
49297
49298
49299
49300
49301
49302
49303
49304
49305
49306
49307
49308
49309
49310
49311
49312
49313
49314
49315
49316
49317
49318
49319
49320
49321
49322
49323
50751
50750
50749
50752
50753
50748
50745
50746
50747
51061
51062
51063
51064
51033
51034
51035
51036
51037
51038
51039
51040
51041
51042
51043
51044
51045
51046
51047
51048
51049
51050
51051
51052
51053
51054
51055
51056
51057
51058
51059
51060
2194
2193
2186
2187
2188
2189
2190
2191
2192
2353
2354
2355
2356
2339
2340
2341
2342
2343
2344
2345
2346
2347
2348
2349
2350
2351
2352
2944
2946
2943
2945
2947
2948
2919
2920
2921
2922
2923
2924
2925
2926
2927
2928
2910
2911
2912
2913
2914
2915
2916
2917
2918
2907
2908
2909
2929
2930
2931
2932
2933
2934
2935
2936
2937
2938
2939
2940
2941
2942
4178
4191
4181
4182
4190
4186
4187
4183
4184
4188
4185
4177
4180
4189
4179
4174
4175
4176
4172
4173
4152
4153
4154
4155
4156
4157
4158
4159
4160
4161
4162
4163
4164
4165
4166
4167
4168
4169
4170
4171
4571
4574
4572
4568
4570
4573
4569
4575
4537
4538
4539
4540
4541
4542
4543
4544
4545
4546
4547
4548
4549
4550
4551
4552
4553
4554
4555
4556
4557
4558
4559
4560
4561
4562
4563
4564
4565
4532
4533
4534
4535
4536
4566
4567
6249
6248
6254
6247
6250
6251
6252
6253
6232
6233
6234
6235
6236
6237
6238
6239
6240
6241
6242
6243
6244
6245
6246
6358
6356
6354
6357
6355
6340
6341
6342
6343
6344
6345
6346
6347
6348
6349
6350
6351
6352
6353
6878
6883
6879
6880
6885
6882
6886
6881
6884
6875
6876
6877
6855
6856
6857
6858
6871
6872
6873
6874
6859
6860
6861
6862
6863
6864
6865
6866
6867
6868
6869
6870
7474
7475
7476
7477
7478
7467
7468
7469
7470
7471
7472
7473
7878
7879
7877
7848
7849
7850
7851
7852
7853
7854
7855
7856
7857
7858
7859
7860
7861
7862
7863
7864
7865
7866
7867
7868
7869
7870
7871
7872
7873
7874
7875
7876
8661
8662
8663
8664
8665
8666
8667
8668
8669
8670
8671
8672
8673
8674
8675
8676
8677
8678
8679
8680
8681
8682
8683
8684
8685
8639
8640
8641
8642
8643
8644
8645
8646
8647
8648
8649
8650
8651
8652
8653
8654
8655
8656
8657
8658
8659
8660
8686
8687
8688
8689
8690
8691
8692
8693
8694
8695
8696
8697
8698
8699
8700
8701
8702
8703
8704
8705
8706
8707
8708
8709
8710
8711
8712
9255
9254
9211
9212
9213
9214
9215
9216
9217
9218
9219
9220
9221
9222
9223
9224
9225
9226
9227
9228
9229
9230
9231
9232
9233
9234
9235
9236
9237
9238
9239
9240
9241
9242
9243
9244
9245
9246
9247
9248
9249
9250
9251
9252
9253
10026
10038
10027
10037
10031
10028
10034
10032
10029
10030
10035
10036
10033
9996
9997
9998
9999
10000
10001
10002
10003
10004
10005
10006
10007
10008
10009
10010
10011
10012
10013
10014
10015
10016
10017
10018
10019
10020
10021
10022
10023
10024
10025
9979
9980
9981
9982
9983
9984
9985
9986
9987
9988
9989
9990
9991
9992
9993
9994
9995
10216
10214
10217
10215
10211
10212
10213
10167
10168
10169
10170
10171
10172
10173
10174
10175
10176
10177
10178
10179
10180
10181
10182
10183
10184
10185
10186
10187
10188
10189
10190
10191
10192
10193
10194
10195
10196
10197
10198
10199
10200
10201
10202
10203
10204
10205
10206
10207
10208
10209
10210
11507
11503
11504
11506
11505
11508
11509
11510
11496
11497
11498
11499
11500
11501
11502
11487
11488
11489
11490
11491
11492
11493
11494
11495
11702
11704
11703
11700
11701
12174
12171
12176
12175
12173
12172
12170
13721
13719
13720
13714
13715
13716
13717
13718
14216
14211
14218
14213
14215
14212
14217
14214
14205
14206
14207
14208
14209
14210
14203
14204
14196
14197
14198
14199
14200
14201
14202
14293
14292
14291
14294
14261
14262
14263
14264
14265
14266
14267
14268
14269
14270
14271
14272
14273
14274
14275
14276
14277
14278
14279
14280
14281
14282
14283
14284
14285
14286
14287
14288
14289
14290
14502
14500
14501
14485
14486
14487
14488
14489
14490
14491
14492
14493
14494
14495
14483
14484
14496
14497
14498
14499
14538
14539
14540
14524
14525
14526
14527
14528
14529
14530
14531
14532
14533
14534
14535
14536
14537
14645
14648
14646
14649
14650
14644
14647
14642
14643
14635
14636
14637
14629
14630
14631
14632
14633
14634
14638
14639
14640
14641
15421
15415
15416
15417
15418
15419
15420
15410
15411
15412
15413
15414
15751
15749
15750
15738
15739
15740
15741
15742
15743
15744
15745
15746
15747
15748
15777
15779
15776
15778
15773
15774
15775
17516
17547
17538
17519
17540
17520
17541
17526
17525
17542
17539
17515
17518
17517
17521
17543
17545
17523
17522
17524
17544
17546
17527
17528
17529
17530
17531
17532
17533
17534
17536
17535
17537
17510
17511
17514
17512
17513
18222
18220
18219
18221
18223
18224
18215
18216
18217
18218
18374
18377
18375
18376
18378
18356
18357
18358
18359
18360
18361
18362
18363
18364
18365
18366
18367
18368
18369
18370
18371
18372
18373
18343
18344
18345
18346
18347
18348
18349
18350
18351
18352
18353
18354
18355
19143
19144
19145
19146
19320
19308
19309
19319
19317
19316
19318
19314
19312
19315
19310
19311
19313
19304
19305
19306
19307
19278
19279
19280
19281
19282
19283
19284
19285
19286
19287
19288
19289
19290
19291
19292
19275
19276
19277
19269
19270
19271
19272
19273
19274
19301
19302
19303
19298
19299
19300
19293
19294
19295
19296
19297
19482
19483
19472
19473
19474
19475
19476
19477
19478
19479
19480
19481
19451
19452
19453
19454
19455
19456
19457
19458
19459
19460
19461
19462
19463
19464
19465
19466
19467
19468
19469
19470
19471
20022
20023
20024
20021
20016
20017
20018
20019
20020
20010
20011
20012
20013
20014
20015
20104
20105
20058
20059
20060
20061
20062
20063
20064
20065
20066
20067
20068
20069
20070
20071
20072
20073
20074
20075
20076
20077
20078
20079
20080
20081
20082
20083
20084
20085
20086
20087
20088
20089
20090
20091
20092
20093
20094
20095
20096
20097
20098
20099
20100
20101
20102
20103
20700
20699
20701
20703
20702
20685
20686
20687
20688
20689
20690
20691
20692
20693
20694
20695
20696
20697
20698
20667
20668
20669
20670
20671
20672
20673
20674
20675
20676
20677
20678
20679
20680
20681
20682
20683
20684
20836
20834
20835
20839
20838
20837
20778
20779
20780
20781
20782
20783
20784
20785
20786
20787
20788
20789
20790
20791
20792
20793
20794
20795
20796
20797
20798
20799
20800
20801
20802
20803
20804
20805
20806
20807
20808
20809
20810
20811
20812
20813
20814
20815
20816
20817
20818
20819
20820
20821
20822
20823
20824
20825
20826
20827
20828
20829
20830
20831
20832
20833
20764
20765
20766
20767
20768
20769
20770
20771
20772
20773
20774
20775
20776
20777
21145
21144
21147
21146
21132
21133
21134
21135
21136
21137
21138
21139
21140
21141
21142
21143
21632
21633
22372
22373
22374
22375
22357
22358
22359
22360
22361
22362
22363
22364
22365
22366
22367
22368
22369
22370
22371
22974
22975
22976
22946
22947
22948
22949
22950
22951
22952
22953
22954
22955
22956
22957
22958
22959
22960
22961
22962
22963
22964
22965
22966
22967
22968
22969
22970
22971
22972
22973
23088
23090
23089
23091
23065
23066
23067
23068
23069
23070
23071
23072
23073
23074
23075
23076
23084
23085
23086
23087
23077
23078
23079
23080
23081
23082
23083
23483
23484
23485
23488
23486
23487
23786
23785
23771
23772
23773
23774
23775
23776
23777
23778
23779
23780
23781
23782
23783
23784
24837
24836
24838
24811
24812
24813
24814
24815
24816
24817
24818
24819
24820
24821
24822
24823
24824
24825
24826
24827
24828
24829
24830
24831
24832
24833
24834
24835
25611
25605
25604
25607
25609
25608
25603
25600
25602
25610
25601
25606
25576
25577
25584
25585
25586
25587
25588
25589
25590
25591
25592
25593
25594
25519
25520
25521
25522
25523
25524
25525
25526
25527
25528
25529
25530
25531
25532
25533
25534
25535
25536
25537
25538
25539
25540
25541
25542
25543
25544
25545
25546
25547
25548
25549
25550
25551
25552
25553
25554
25555
25556
25557
25558
25559
25560
25561
25562
25563
25564
25565
25566
25567
25506
25507
25508
25509
25578
25579
25580
25510
25511
25512
25513
25514
25515
25516
25517
25518
25599
25581
25582
25583
25568
25569
25570
25571
25572
25573
25574
25575
25595
25596
25597
25598
26805
26804
26809
26803
26806
26802
26808
26800
26807
26801
26796
26797
26798
26799
26773
26774
26775
26776
26777
26778
26779
26780
26781
26782
26783
26784
26785
26786
26787
26788
26789
26790
26791
26792
26793
26794
26795
27390
27391
27378
27379
27380
27381
27382
27383
27384
27385
27386
27387
27388
27389
27585
27584
27583
27575
27576
27577
27578
27579
27580
27581
27582
27573
27574
28294
28295
28296
28299
28298
28301
28297
28300
28284
28285
28286
28287
28288
28289
28290
28291
28292
28293
28271
28272
28273
28274
28275
28276
28277
28278
28279
28280
28281
28282
28283
28312
28313
28311
29114
29115
29116
29054
29055
29056
29057
29058
29059
29060
29061
29062
29063
29064
29065
29066
29067
29068
29069
29070
29071
29072
29073
29074
29075
29076
29077
29078
29079
29080
29081
29082
29083
29084
29085
29086
29087
29088
29089
29090
29091
29092
29093
29094
29095
29096
29097
29098
29099
29100
29101
29102
29103
29104
29105
29106
29107
29108
29109
29110
29111
29112
29113
29431
29432
29433
31868
31869
31870
31871
31842
31843
31844
31845
31846
31847
31848
31849
31850
31851
31852
31853
31854
31855
31856
31857
31858
31859
31860
31861
31862
31863
31864
31865
31866
31867
32045
32042
32043
32044
32030
32031
32032
32033
32034
32035
32036
32037
32038
32039
32040
32041
32013
32014
32015
32016
32017
32018
32019
32020
32021
32022
32023
32024
32025
32026
32027
32028
32029
32163
32164
32165
32144
32145
32146
32147
32148
32149
32150
32151
32152
32153
32154
32155
32156
32157
32158
32159
32160
32161
32162
32448
32446
32449
32445
32447
32429
32430
32431
32432
32433
32434
32435
32436
32441
32442
32443
32444
32418
32419
32420
32421
32422
32423
32424
32425
32426
32427
32428
32437
32438
32439
32440
32410
32411
32412
32413
32414
32415
32416
32417
32789
32794
32791
32792
32793
32790
32795
32788
32785
32786
32787
33153
33150
33151
33154
33152
33117
33118
33119
33120
33121
33122
33124
33123
33125
33126
33127
33128
33129
33145
33146
33147
33148
33149
33130
33131
33132
33133
33134
33135
33136
33137
33138
33139
33140
33141
33142
33143
33144
33534
33536
33537
33533
33535
33527
33528
33529
33530
33531
33532
34298
34893
34900
34895
34892
34897
34890
34898
34901
34894
34905
34902
34891
34899
34904
34903
34896
34887
34888
34889
34883
34884
34885
34886
35581
35582
35583
35584
35568
35569
35570
35571
35572
35573
35574
35575
35576
35577
35578
35579
35580
35643
35644
35645
36454
36455
36451
36452
36453
36448
36449
36450
36445
36446
36447
36494
36493
36496
36500
36498
36497
36495
36499
36487
36488
36489
36490
36491
36492
36585
36584
36583
36587
36582
36586
37876
37877
37878
37875
37864
37865
37866
37867
37868
37869
37870
37871
37872
37873
37874
37856
37857
37858
37859
37860
37861
37862
37863
38371
38377
38382
38378
38372
38376
38380
38370
38381
38379
38375
38374
38373
38345
38346
38347
38348
38349
38350
38351
38352
38353
38354
38355
38356
38357
38358
38359
38360
38361
38362
38363
38364
38365
38366
38367
38368
38369
38652
38656
38655
38653
38654
38651
38647
38648
38649
38650
39169
39176
39175
39171
39172
39168
39174
39173
39170
39152
39153
39154
39155
39156
39157
39158
39159
39160
39161
39162
39163
39164
39165
39166
39167
39143
39144
39145
39146
39147
39148
39149
39150
39151
39242
39243
39241
39968
39965
39966
39967
40744
40743
40738
40740
40745
40741
40747
40742
40746
40739
40724
40725
40726
40727
40728
40729
40730
40731
40732
40733
40734
40735
40736
40737
40721
40722
40723
40972
40969
40971
40970
41293
41295
41297
41290
41294
41291
41296
41292
41289
41258
41259
41260
41261
41262
41263
41264
41265
41266
41267
41268
41269
41270
41271
41272
41273
41274
41275
41276
41277
41278
41279
41280
41281
41282
41283
41284
41285
41286
41287
41288
41546
41548
41547
41537
41538
41539
41540
41541
41542
41543
41544
41545
41589
41590
41983
41982
41984
41985
41986
41976
41977
41978
41979
41980
41981
41941
41942
41943
41944
41945
41946
41947
41948
41949
41950
41951
41952
41953
41954
41955
41956
41957
41958
41959
41960
41961
41962
41963
41964
41965
41966
41967
41968
41969
41970
41971
41972
41973
41974
41975
42533
42537
42536
42535
42534
42525
42526
42527
42528
42529
42530
42531
42532
42524
42723
42719
42722
42721
42720
42708
42709
42710
42711
42712
42713
42714
42715
42716
42717
42718
43478
43479
43477
43471
43472
43473
43474
43475
43476
44799
44800
44804
44797
44802
44796
44801
44803
44798
44754
44755
44756
44757
44758
44759
44760
44761
44762
44763
44764
44765
44766
44767
44768
44769
44770
44771
44772
44773
44774
44775
44776
44777
44778
44779
44780
44781
44782
44783
44784
44785
44786
44787
44788
44789
44790
44791
44792
44793
44794
44795
45213
45214
45212
45203
45204
45205
45206
45207
45208
45209
45210
45211
45488
45494
45492
45493
45490
45491
45489
45485
45486
45487
45877
45880
45878
45879
45871
45872
45873
45874
45875
45876
46548
46547
46549
46611
46612
46613
46597
46598
46599
46600
46601
46602
46603
46604
46605
46606
46607
46608
46609
46610
46673
46672
46671
46658
46659
46660
46661
46662
46663
46664
46665
46666
46667
46668
46669
46670
32096
32097
32094
32095
