1092
1272
1846
2087
2179
2267
2357
2480
2607
2878
2879
2880
2881
2882
2883
2884
2885
2886
2887
2971
2972
2973
2974
2975
2976
2977
2978
2979
2980
2981
2982
2983
2984
2985
2986
2987
3132
3133
3134
3135
3136
3137
3138
3139
3140
3141
3142
3143
3144
3145
3146
3147
3246
3245
3247
3244
3538
3540
3541
3537
3539
3527
3528
3529
3530
3531
3532
3533
3534
3535
3536
3510
3511
3512
3513
3514
3515
3516
3517
3518
3519
3520
3521
3522
3523
3524
3525
3526
3494
3495
3496
3497
3498
3499
3500
3501
3502
3503
3504
3505
3506
3507
3508
3509
3967
3963
3970
3962
3965
3968
3969
3964
3966
3952
3953
3954
3955
3956
3957
3958
3959
3960
3961
3935
3936
3937
3938
3939
3940
3941
3942
3943
3944
3945
3946
3947
3948
3949
3950
3951
3919
3920
3921
3922
3923
3924
3925
3926
3927
3928
3929
3930
3931
3932
3933
3934
8456
8576
8714
8818
8846
9046
9047
9209
9208
9210
9327
9328
9325
9326
9573
9572
9574
9571
9575
9569
9570
10824
10872
10885
11215
11216
11217
11218
11219
11220
11221
11222
11223
11224
11225
11226
11227
11228
11229
11230
11231
11232
11233
11234
11235
11236
11237
11238
11239
11240
11241
11242
11270
11271
11272
11407
11408
11409
11410
11411
11412
11413
11414
11415
11416
11417
11418
11419
11420
11421
11422
11423
11424
11425
11426
11427
11428
11429
11430
11431
11432
11433
11434
11541
11542
11543
11513
11514
11515
11516
11517
11518
11519
11520
11521
11522
11523
11524
11525
11526
11527
11528
11529
11530
11531
11532
11533
11534
11535
11536
11537
11538
11539
11540
12871
12940
13369
13370
13371
13372
13447
13448
13449
13450
13451
13452
13453
13454
13455
13456
13457
13606
13607
13676
13677
13678
13679
13680
13681
13682
13683
13684
13685
13686
13687
13688
13689
13690
13745
13746
13730
13731
13732
13733
13734
13735
13736
13737
13738
13739
13740
13741
13742
13743
13744
14543
14662
14690
14721
14839
14840
14841
14842
14843
14844
14845
14846
14847
14848
14849
14850
14887
14888
14936
14937
14924
14925
14926
14927
14928
14929
14930
14931
14932
14933
14934
14935
15035
15036
15037
15038
15023
15024
15025
15026
15027
15028
15029
15030
15031
15032
15033
15034
15238
15357
15451
15559
15560
15561
15562
15563
15564
15565
15566
15567
15568
15569
15570
15571
15572
15573
15574
15575
15576
15577
15578
15579
15580
15581
15582
15583
15584
15585
15586
15587
15729
15730
15731
15732
15733
15734
15735
15780
15781
15782
15783
15784
15785
15786
15787
15848
15847
15922
15878
15879
15880
15881
15882
15883
15884
15885
15886
15887
15888
15889
15890
15891
15892
15893
15894
15895
15896
15897
15898
15899
15900
15901
15902
15903
15904
15905
15906
15907
15908
15909
15910
15911
15912
15913
15914
15915
15916
15917
15918
15919
15920
15921
16024
16022
16023
15978
15979
15980
15981
15982
15983
15984
15985
15986
15987
15988
15989
15990
15991
15992
15993
15994
15995
15996
15997
15998
15999
16000
16001
16002
16003
16004
16005
16006
16007
16008
16009
16010
16011
16012
16013
16014
16015
16016
16017
16018
16019
16020
16021
18633
18661
18713
18714
18715
18716
18717
18718
18719
18720
18721
18722
18723
18724
18725
18726
18727
18728
18729
18787
18788
18789
18790
18791
18792
18793
18794
18795
18796
18797
18798
18799
18800
18801
18802
18803
18835
18836
18837
18838
18839
18840
18841
18842
18843
18844
18845
18846
18847
18848
18849
18850
18851
19024
19025
18990
18991
18992
18993
18994
18995
18996
18997
18998
18999
19000
19001
19002
19003
19004
19005
19006
19007
19008
19009
19010
19011
19012
19013
19014
19015
19016
19017
19018
19019
19020
19021
19022
19023
19120
19121
19122
19123
19124
19125
19126
19127
19128
19129
19130
19131
19132
19133
19134
19135
19136
19222
19223
19171
19172
19173
19174
19175
19176
19177
19178
19179
19180
19181
19182
19183
19184
19185
19186
19187
19188
19189
19190
19191
19192
19193
19194
19195
19196
19197
19198
19199
19200
19201
19202
19203
19204
19205
19206
19207
19208
19209
19210
19211
19212
19213
19214
19215
19216
19217
19218
19219
19220
19221
20410
20576
20840
20883
20924
20925
20926
20927
20953
20954
21029
21028
21024
21025
21026
21027
21068
21069
21071
21070
21064
21065
21066
21067
22012
22116
22181
22336
22337
22338
22339
22340
22341
22342
22343
22344
22345
22346
22347
22348
22349
22350
22351
22352
22465
22466
22467
22468
22469
22470
22471
22472
22473
22474
22475
22476
22477
22478
22479
22480
22481
22518
22516
22517
22499
22500
22501
22502
22503
22504
22505
22506
22507
22508
22509
22510
22511
22512
22513
22514
22515
22547
22548
22549
22550
22551
22552
22553
22554
22555
22556
22557
22558
22559
22560
22561
22562
22563
22685
22683
22684
22649
22650
22651
22652
22653
22654
22655
22656
22657
22658
22659
22660
22661
22662
22663
22664
22665
22666
22667
22668
22669
22670
22671
22672
22673
22674
22675
22676
22677
22678
22679
22680
22681
22682
22735
22811
22873
23006
23109
23110
23111
23112
23113
23114
23115
23116
23117
23118
23119
23120
23121
23122
23290
23291
23292
23293
23294
23295
23296
23297
23298
23299
23300
23301
23302
23371
23372
23373
23374
23375
23376
23377
23378
23379
23380
23381
23382
23505
23506
23507
23508
23509
23510
23511
23512
23513
23514
23515
23516
23517
23518
23519
23660
23663
23661
23662
23708
23709
23710
23711
23712
23713
23714
23715
23716
23717
23718
23719
23720
23721
23695
23696
23697
23698
23699
23700
23701
23702
23703
23704
23705
23706
23707
23722
23723
23724
23725
23726
23727
23728
23729
23730
23731
23732
23733
23734
23735
23736
23737
23738
23739
23740
23741
23742
23743
23744
23745
23746
23747
23748
23853
23856
23854
23855
23812
23813
23814
23815
23816
23817
23818
23819
23820
23821
23822
23823
23824
23825
23799
23800
23801
23802
23803
23804
23805
23806
23807
23808
23809
23810
23811
23826
23827
23828
23829
23830
23831
23832
23833
23834
23835
23836
23837
23838
23839
23840
23841
23842
23843
23844
23845
23846
23847
23848
23849
23850
23851
23852
24027
24093
24285
24312
24373
24478
24489
24490
24491
24492
24493
24494
24495
24496
24497
24498
24499
24500
24501
24512
24513
24514
24515
24516
24517
24529
24530
24531
24532
24533
24534
24535
24536
24537
24538
24539
24540
24541
24695
24696
24697
24698
24699
24700
24682
24683
24684
24685
24686
24687
24688
24689
24690
24691
24692
24693
24694
24839
24857
24993
25021
25228
25432
25612
25623
25740
25801
25999
26130
26223
26224
26422
26423
26424
26425
26426
26427
26428
26429
26430
26431
26432
26459
26460
26461
26568
26569
26570
26571
26572
26573
26574
26575
26576
26577
26642
26640
26641
26768
26772
26764
26765
26771
26770
26767
26766
26769
26738
26739
26740
26741
26742
26743
26744
26745
26746
26747
26748
26749
26750
26761
26762
26763
26751
26752
26753
26754
26755
26756
26757
26758
26759
26760
26856
26852
26854
26853
26859
26848
26849
26858
26857
26851
26850
26855
26822
26823
26824
26825
26826
26827
26828
26829
26830
26831
26832
26833
26834
26845
26846
26847
26835
26836
26837
26838
26839
26840
26841
26842
26843
26844
29346
29396
29430
29571
29745
29931
30092
30250
30356
30385
30436
30483
30534
30535
30536
30537
30538
30539
30596
30597
30598
30599
30600
30601
30602
30728
30729
30959
30962
30955
30958
30961
30956
30954
30960
30963
30957
30948
30949
30950
30951
30952
30953
30941
30942
30943
30944
30945
30946
30947
31137
31139
31138
31142
31133
31136
31141
31134
31132
31140
31143
31135
31126
31127
31128
31129
31130
31131
31119
31120
31121
31122
31123
31124
31125
31245
31283
31284
31285
31286
31287
31288
31375
31376
31377
31534
31528
31529
31530
31531
31532
31533
31578
31579
31580
31664
31655
31656
31657
31658
31659
31660
31661
31662
31663
31885
31925
32005
32050
32051
32052
32053
32054
32055
32056
32057
32058
32059
32060
32061
32062
32063
32064
32065
32066
32067
32068
32069
32070
32071
32072
32073
32100
32101
32102
32103
32104
32105
32106
32107
32108
32109
32110
32111
32112
32166
32167
32168
32196
32197
32198
32199
32200
32201
32202
32203
32204
32205
32206
32207
32208
32209
32210
32211
32212
32213
32214
32215
32216
32217
32218
32219
32220
32221
32222
32223
32224
32225
32226
32227
32228
32229
32230
32231
32232
32487
32488
32489
32450
32451
32452
32453
32454
32455
32456
32457
32458
32459
32460
32461
32462
32463
32464
32465
32466
32467
32468
32469
32470
32471
32472
32473
32474
32475
32476
32477
32478
32479
32480
32481
32482
32483
32484
32485
32486
32565
32737
32801
32863
33021
33103
33166
33167
33168
33169
33170
33171
33172
33173
33174
33175
33176
33177
33178
33179
33324
33325
33326
33452
33453
33454
33556
33553
33555
33554
33671
33672
33654
33655
33656
33657
33658
33659
33660
33661
33662
33663
33664
33665
33666
33667
33651
33652
33653
33668
33669
33670
33767
33762
33766
33763
33764
33765
33745
33746
33747
33748
33749
33750
33751
33752
33753
33754
33755
33756
33757
33758
33742
33743
33744
33759
33760
33761
36670
36682
36835
36836
36837
36838
36839
36840
36841
36863
36864
36865
36866
36867
36868
36909
36910
36911
36912
36913
36914
36992
36993
36994
36980
36981
36982
36983
36984
36985
36986
36987
36988
36989
36990
36991
37014
37015
37016
37017
37018
37019
37093
37094
37095
37075
37076
37077
37078
37079
37080
37081
37082
37083
37084
37085
37086
37087
37088
37089
37090
37091
37092
41516
41562
41600
41630
41709
41710
41711
41712
41713
41714
41715
41716
41717
41718
41719
41720
41721
41722
41723
41724
41725
41726
41727
41728
41729
41730
41731
41732
41733
41734
41735
41736
41737
41738
41848
41849
41923
41924
41893
41894
41895
41896
41897
41898
41899
41900
41901
41902
41903
41904
41905
41906
41907
41908
41909
41910
41911
41912
41913
41914
41915
41916
41917
41918
41919
41920
41921
41922
42032
42033
42034
42035
42002
42003
42004
42005
42006
42007
42008
42009
42010
42011
42012
42013
42014
42015
42016
42017
42018
42019
42020
42021
42022
42023
42024
42025
42026
42027
42028
42029
42030
42031
42207
42299
42350
42441
42538
42539
42540
42541
42542
42543
42544
42545
42546
42547
42548
42549
42550
42551
42552
42562
42563
42674
42675
42659
42660
42661
42662
42663
42664
42665
42666
42667
42668
42669
42670
42671
42672
42673
42745
42746
42747
42748
42730
42731
42732
42733
42734
42735
42736
42737
42738
42739
42740
42741
42742
42743
42744
43058
43149
43214
43410
43510
43602
43657
43747
43813
43814
43815
43816
43817
43818
43819
43820
43821
43822
43823
43824
43825
43826
43827
43828
43898
43899
43900
43901
43902
43903
43904
43905
43906
43907
43908
43909
44063
44062
44129
44126
44130
44131
44127
44128
44110
44111
44112
44113
44114
44115
44116
44117
44118
44119
44120
44121
44122
44123
44124
44125
44098
44099
44100
44101
44102
44103
44104
44105
44106
44107
44108
44109
44281
44280
44284
44279
44285
44286
44282
44283
44263
44264
44265
44266
44267
44268
44269
44270
44271
44272
44273
44274
44275
44276
44277
44278
44251
44252
44253
44254
44255
44256
44257
44258
44259
44260
44261
44262
46938
46939
46940
46941
46942
46943
46944
46945
46946
46951
46952
46953
46954
46955
46956
46957
46958
46959
46960
46961
46962
46963
46964
46965
46966
46967
46968
46969
46970
46971
46972
46973
46974
46975
46976
46977
46978
46979
46980
46981
46982
46983
46984
46985
46986
46987
46988
46989
46997
46998
46992
46990
46995
46991
46996
46993
46994
47027
47028
47029
47030
47031
46999
47000
47001
47002
47003
47004
47005
47021
47022
47023
47024
47025
47026
47006
47007
47008
47009
47010
47011
47012
47013
47014
47015
47016
47017
47018
47019
47020
47032
47033
47034
47035
47036
47037
47084
47085
47079
47077
47082
47078
47083
47080
47081
47066
47067
47068
47069
47070
47038
47039
47040
47041
47042
47043
47044
47060
47061
47062
47063
47064
47065
47045
47046
47047
47048
47049
47050
47051
47052
47053
47054
47055
47056
47057
47058
47059
47071
47072
47073
47074
47075
47076
47125
47128
47129
47130
47131
47132
47133
47134
47135
47136
47140
47141
47142
47143
47144
47145
47146
47147
47148
47149
47159
47160
47161
47162
47163
47164
47165
47166
47167
47168
47181
47182
47183
47184
47185
47186
47187
47188
47189
47190
47191
47192
47193
47194
47195
47196
47197
47198
47199
47200
47201
47202
47203
47204
47205
47218
47224
47214
47233
47210
47219
47220
47209
47216
47217
47212
47215
47222
47237
47225
47238
47227
47239
47232
47234
47213
47208
47211
47223
47235
47228
47236
47230
47221
47226
47229
47231
47206
47207
47245
47240
47241
47242
47243
47244
47246
47247
47248
47249
47250
47251
47252
47253
47254
47255
47256
47257
47258
47259
47260
47294
47300
47290
47309
47286
47295
47296
47285
47292
47293
47288
47291
47298
47313
47301
47314
47303
47315
47308
47310
47289
47284
47287
47299
47311
47304
47312
47306
47297
47302
47305
47307
47279
47280
47266
47261
47262
47263
47264
47265
47267
47268
47269
47270
47271
47272
47273
47274
47275
47276
47277
47278
47281
47282
47283
47354
47355
47356
47357
47358
47359
47360
47361
47362
47363
47364
47365
47366
47367
47368
47369
47370
47371
47372
47373
47374
47375
47376
47377
47378
47379
47380
47381
47382
47383
47384
47385
47386
47387
47388
47389
47390
47391
47392
47393
47394
47395
47396
47432
47433
47434
47398
47399
47400
47401
47402
47403
47404
47405
47406
47407
47408
47409
47410
47411
47412
47413
47414
47415
47416
47417
47418
47419
47420
47421
47422
47423
47424
47425
47426
47427
47428
47429
47430
47431
47469
47470
47471
47472
47473
47474
47435
47436
47437
47438
47439
47440
47441
47442
47443
47444
47445
47446
47447
47448
47449
47450
47451
47452
47453
47454
47455
47456
47457
47458
47459
47460
47461
47462
47463
47464
47465
47466
47467
47468
47953
47954
47955
47956
47957
47958
47971
47972
47973
47974
47975
47976
47977
47978
47979
47980
47984
47985
47986
47981
47982
47983
47987
47988
47989
47990
47991
47992
47993
47994
47995
47996
48010
48011
48012
47997
47998
47999
48000
48001
48002
48003
48004
48005
48006
48007
48008
48009
48060
48061
48062
48063
48064
48070
48071
48072
48073
48074
48075
48076
48077
48078
48079
48081
48082
48080
48083
48094
48084
48085
48086
48087
48088
48089
48090
48091
48092
48093
48106
48107
48105
48108
48109
48095
48096
48097
48098
48099
48100
48101
48102
48103
48104
48115
48116
48117
48118
48119
48137
48138
48139
48140
48141
48142
48143
48144
48145
48146
48147
48148
48149
48150
48151
48152
48153
48154
48155
48156
48157
48158
48159
48160
48161
48162
48185
48183
48184
48163
48164
48165
48166
48167
48168
48169
48170
48171
48172
48173
48174
48175
48176
48177
48178
48179
48180
48181
48182
48208
48209
48210
48212
48211
48206
48207
48186
48187
48188
48189
48190
48191
48192
48193
48194
48195
48196
48197
48198
48199
48200
48201
48202
48203
48204
48205
48663
48664
48665
48666
48668
48669
48670
48671
48672
48673
48674
48675
48676
48677
48678
48679
48680
48681
48682
48683
48684
48685
48686
48687
48688
48689
48690
48691
48692
48693
48694
48695
48696
48697
48698
48699
48700
48701
48702
48712
48713
48714
48715
48716
48717
48718
48703
48704
48705
48706
48707
48708
48709
48710
48711
48719
48720
48721
48722
48723
48724
48725
48726
48727
48728
48729
48730
48731
48732
48733
48734
48735
48736
48737
48738
48739
48740
48741
48774
48775
48776
48777
48778
48779
48780
48742
48743
48744
48745
48746
48747
48748
48749
48750
48751
48752
48753
48754
48755
48756
48757
48758
48759
48760
48761
48762
48763
48764
48765
48766
48767
48768
48769
48770
48771
48772
48773
48820
48821
48822
48823
48824
48825
48826
48827
48831
48832
48833
48834
48835
48836
48837
48838
48839
48840
48841
48842
48843
48844
48845
48846
48847
48848
48849
48850
48851
48852
48853
48854
48855
48856
48857
48858
48859
48860
48861
48862
48863
48864
48865
48866
48867
48868
48871
48870
48911
48913
48906
48909
48907
48905
48904
48908
48912
48914
48915
48910
48876
48877
48878
48879
48880
48881
48882
48883
48884
48894
48895
48896
48897
48898
48899
48900
48901
48902
48903
48885
48886
48887
48888
48889
48890
48891
48892
48893
48872
48873
48874
48875
48961
48957
48955
48958
48950
48953
48951
48949
48948
48952
48956
48959
48960
48954
48920
48921
48922
48923
48924
48925
48926
48927
48928
48938
48939
48940
48941
48942
48943
48944
48945
48946
48947
48929
48930
48931
48932
48933
48934
48935
48936
48937
48916
48917
48918
48919
49184
49185
49186
49187
49188
49189
49190
49191
49192
49193
49194
49195
49196
49197
49198
49199
49200
49201
49202
49203
49204
49205
49214
49215
49216
49206
49207
49208
49209
49210
49211
49212
49213
49700
49701
49702
49703
49704
49705
49707
49708
49706
49726
49727
49728
49729
49730
49731
49732
49733
49734
49735
49736
49737
49740
49739
49738
49741
49742
49743
49744
49745
49746
49747
49748
49749
49760
49759
49758
49761
49750
49751
49752
49753
49754
49755
49756
49757
50356
50357
50358
50359
50360
50361
50362
50363
50364
50365
50366
50367
50368
50369
50370
50371
50372
50373
50374
50376
50377
50394
50378
50379
50380
50381
50382
50383
50384
50385
50386
50387
50388
50389
50390
50391
50392
50393
50411
50412
50413
50395
50396
50397
50398
50399
50400
50401
50402
50403
50404
50405
50406
50407
50408
50409
50410
50754
50755
50756
50757
50759
50758
50760
50761
50764
50763
50762
50765
50840
50841
50842
50843
50844
50845
50846
50847
50848
50849
50850
50851
50852
50853
50854
50855
50856
50857
50858
50859
50860
50861
50862
50863
50864
50865
50866
50867
50868
50869
50870
50871
50872
50873
50874
50875
50876
50877
50878
50879
50880
50881
50882
50883
50884
50885
50886
50887
50928
50929
50888
50889
50890
50891
50892
50893
50894
50895
50896
50897
50898
50899
50900
50901
50902
50903
50904
50905
50906
50907
50908
50909
50910
50911
50912
50913
50914
50915
50916
50917
50918
50919
50920
50921
50922
50923
50924
50925
50926
50927
50970
50971
50972
50973
50974
50930
50931
50932
50933
50934
50935
50936
50937
50938
50939
50940
50941
50942
50943
50944
50945
50946
50947
50948
50949
50950
50951
50952
50953
50954
50955
50956
50957
50958
50959
50960
50961
50962
50963
50964
50965
50966
50967
50968
50969
51065
51067
51068
51069
51070
51071
51072
51073
51074
51075
51076
51077
51078
51079
51080
51081
51082
51083
51084
51085
51086
51087
51088
51089
51090
51091
51092
51093
51094
51095
51096
51097
51098
51099
51100
51101
51102
51103
51104
51105
51106
51107
51108
51109
51110
51111
51112
51113
51114
51115
51116
51117
51118
51119
51120
51121
51122
51123
51124
51125
51154
51155
51126
51127
51128
51129
51130
51131
51132
51133
51134
51135
51136
51137
51138
51139
51140
51141
51142
51143
51144
51145
51146
51147
51148
51149
51150
51151
51152
51153
51181
51182
51183
51185
51186
51187
51188
51189
51190
51191
51192
40
41
42
43
44
45
46
47
48
49
50
51
52
53
54
55
56
57
58
59
60
67
66
72
64
68
62
61
65
71
70
69
63
88
90
87
84
92
91
89
85
86
73
74
75
76
77
78
79
80
81
82
83
114
112
124
108
115
106
104
111
123
122
119
107
116
118
113
105
121
120
117
109
110
93
94
95
96
97
98
99
100
101
102
103
269
270
271
272
273
274
276
277
278
279
280
281
282
283
284
285
286
287
288
289
290
291
292
293
294
295
296
297
298
299
300
301
302
303
304
305
306
307
308
309
310
311
312
313
314
315
316
317
318
319
320
321
322
323
324
325
326
327
328
329
330
331
332
333
334
335
336
337
338
339
340
341
342
343
347
344
345
346
416
417
348
349
350
351
352
353
354
355
356
357
358
359
360
361
362
363
364
365
366
367
368
369
370
371
372
373
374
375
376
377
378
379
380
381
382
383
384
385
386
387
388
389
390
391
392
393
394
395
396
397
398
399
400
401
402
403
404
405
406
407
408
409
410
411
412
413
414
415
491
486
487
488
489
490
418
419
420
421
422
423
424
425
426
427
428
429
430
431
432
433
434
435
436
437
438
439
440
441
442
443
444
445
446
447
448
449
450
451
452
453
454
455
456
457
458
459
460
461
462
463
464
465
466
467
468
469
470
471
472
473
474
475
476
477
478
479
480
481
482
483
484
485
1018
1019
1020
1021
1054
1055
1056
1057
1058
1059
1060
1061
1062
1063
1093
1094
1095
1096
1097
1098
1099
1100
1101
1102
1103
1104
1105
1106
1107
1108
1109
1110
1111
1112
1113
1114
1115
1116
1117
1118
1119
1120
1121
1122
1123
1124
1125
1126
1127
1128
1129
1130
1131
1132
1133
1134
1135
1136
1137
1138
1139
1140
1141
1142
1143
1144
1145
1146
1147
1148
1149
1150
1151
1152
1153
1154
1155
1156
1157
1158
1159
1160
1161
1162
1163
1164
1165
1166
1167
1168
1169
1170
1171
1172
1173
1174
1175
1176
1177
1178
1179
1180
1181
1182
1183
1184
1185
1186
1187
1188
1189
1190
1191
1192
1193
1194
1195
1196
1197
1198
1199
1200
1201
1202
1203
1204
1205
1206
1207
1208
1209
1210
1211
1212
1213
1214
1215
1216
1217
1218
1219
1220
1221
1222
1223
1224
1225
1226
1227
1228
1229
1230
1231
1232
1233
1234
1235
1236
1237
1238
1239
1240
1241
1242
1243
1244
1245
1246
1247
1248
1249
1250
1251
1252
1253
1254
1255
1256
1257
1258
1259
1260
1261
1262
1263
1264
1265
1266
1267
1268
1270
1269
1271
1458
1450
1457
1459
1456
1451
1449
1455
1452
1453
1454
1273
1274
1275
1276
1277
1278
1279
1280
1281
1282
1283
1284
1285
1286
1287
1288
1289
1290
1291
1292
1293
1294
1295
1296
1297
1298
1299
1300
1301
1302
1354
1355
1356
1357
1358
1338
1339
1340
1341
1342
1343
1344
1345
1346
1347
1348
1349
1350
1351
1352
1353
1318
1319
1320
1321
1322
1323
1324
1325
1326
1327
1328
1329
1330
1331
1332
1333
1334
1335
1336
1337
1303
1304
1305
1306
1307
1308
1309
1310
1311
1312
1313
1314
1315
1316
1317
1359
1360
1361
1362
1363
1364
1365
1366
1367
1368
1369
1370
1371
1372
1373
1374
1375
1376
1377
1378
1379
1380
1381
1382
1383
1384
1385
1386
1387
1388
1389
1390
1391
1392
1393
1394
1395
1396
1397
1398
1399
1400
1401
1402
1403
1404
1405
1406
1407
1408
1409
1410
1411
1412
1413
1414
1415
1416
1417
1418
1419
1420
1421
1422
1423
1424
1425
1426
1427
1428
1429
1430
1431
1432
1433
1434
1435
1436
1437
1438
1439
1440
1441
1442
1443
1444
1445
1446
1447
1448
1646
1639
1647
1648
1637
1645
1649
1644
1638
1636
1643
1640
1641
1642
1460
1461
1462
1463
1464
1465
1466
1467
1468
1469
1470
1471
1472
1473
1474
1475
1476
1477
1478
1479
1480
1481
1482
1483
1484
1485
1486
1487
1488
1489
1541
1542
1543
1544
1545
1525
1526
1527
1528
1529
1530
1531
1532
1533
1534
1535
1536
1537
1538
1539
1540
1505
1506
1507
1508
1509
1510
1511
1512
1513
1514
1515
1516
1517
1518
1519
1520
1521
1522
1523
1524
1490
1491
1492
1493
1494
1495
1496
1497
1498
1499
1500
1501
1502
1503
1504
1546
1547
1548
1549
1550
1551
1552
1553
1554
1555
1556
1557
1558
1559
1560
1561
1562
1563
1564
1565
1566
1567
1568
1569
1570
1571
1572
1573
1574
1575
1576
1577
1578
1579
1580
1581
1582
1583
1584
1585
1586
1587
1588
1589
1590
1591
1592
1593
1594
1595
1596
1597
1598
1599
1600
1601
1602
1603
1604
1605
1606
1607
1608
1609
1610
1611
1612
1613
1614
1615
1616
1617
1618
1619
1620
1621
1622
1623
1624
1625
1626
1627
1628
1629
1630
1631
1632
1633
1634
1635
1742
1743
1744
1745
1746
1747
1748
1749
1750
1751
1752
1753
1754
1755
1756
1757
1758
1759
1760
1761
1762
1763
1764
1765
1766
1767
1768
1769
1770
1771
1772
1773
1774
1775
1776
1777
1778
1779
1780
1781
1782
1783
1784
1785
1786
1787
1788
1789
1790
1791
1792
1793
1794
1795
1796
1797
1798
1799
1800
1801
1802
1803
1804
1805
1806
1807
1808
1809
1810
1811
1812
1813
1814
1815
1816
1817
1818
1819
1820
1821
1822
1823
1824
1825
1826
1827
1828
1829
1830
1831
1832
1833
1834
1835
1836
1837
1838
1839
1840
1841
1842
1843
1844
1845
1877
1878
1879
1847
1848
1849
1850
1851
1852
1853
1854
1855
1856
1857
1858
1859
1860
1861
1862
1863
1864
1865
1866
1867
1868
1869
1870
1871
1872
1873
1874
1875
1876
1880
1881
1882
1883
1884
1885
1886
1887
1888
1889
1890
1891
1892
1893
1894
1895
1896
1897
1898
1899
1900
1901
1902
1903
1904
1905
1906
1907
1908
1909
1910
1911
1912
1913
1914
1915
1916
1917
1918
1919
1920
1921
1922
1923
1924
1925
1926
1927
1928
1929
1930
1931
1932
1933
1934
1935
1936
1937
1938
1939
1940
1941
1942
1943
1944
1945
1946
1947
1948
1949
1950
2052
2053
2054
1951
1952
1953
1954
1955
1956
1957
1958
1959
1960
1961
1962
1963
1964
1965
1966
1967
1968
1969
1970
1971
1972
1973
1974
1975
1976
1977
1978
1979
1980
1981
1982
1983
1984
1985
1986
1987
1988
1989
1990
1991
1992
1993
1994
1995
1996
1997
1998
1999
2000
2001
2002
2003
2004
2005
2006
2007
2008
2009
2010
2011
2012
2013
2014
2015
2016
2017
2018
2019
2020
2021
2022
2023
2024
2025
2026
2027
2028
2029
2030
2031
2032
2033
2034
2035
2036
2037
2038
2039
2040
2041
2042
2043
2044
2045
2046
2047
2048
2049
2050
2051
2195
2196
2197
2198
2199
2200
2201
2202
2203
2204
2205
2206
2207
2208
2209
2210
2211
2212
2213
2214
2215
2216
2217
2218
2219
2220
2221
2222
2223
2224
2225
2226
2227
2228
2229
2230
2231
2232
2233
2234
2235
2236
2237
2238
2239
2240
2241
2242
2265
2266
2243
2244
2245
2246
2247
2248
2249
2250
2251
2252
2253
2254
2255
2256
2257
2258
2259
2260
2261
2262
2263
2264
2545
2546
2547
2548
2549
2550
2551
2552
2553
2554
2555
2556
2557
2558
2559
2560
2561
2562
2563
2564
2565
2566
2567
2568
2569
2570
2571
2572
2573
2574
2575
2576
2577
2578
2579
2580
2581
2582
2583
2584
2585
2586
2587
2588
2589
2590
2591
2592
2593
2594
2595
2596
2597
2598
2599
2600
2601
2602
2603
2604
2605
2606
2608
2609
2610
2611
2612
2613
2614
2615
2616
2617
2618
2619
2620
2621
2622
2623
2624
2625
2626
2627
2628
2629
2630
2631
2632
2633
2634
2635
2636
2637
2638
2639
2726
2727
2728
2729
2640
2641
2642
2643
2644
2645
2646
2647
2648
2649
2650
2651
2652
2653
2654
2655
2656
2657
2658
2659
2660
2661
2662
2663
2664
2665
2666
2667
2668
2669
2670
2671
2672
2673
2674
2675
2676
2677
2678
2679
2680
2681
2682
2683
2684
2685
2686
2687
2688
2689
2690
2691
2692
2693
2694
2695
2696
2697
2698
2699
2700
2701
2702
2703
2704
2705
2706
2707
2708
2709
2710
2711
2712
2713
2714
2715
2716
2717
2718
2719
2720
2721
2722
2723
2724
2725
2816
2817
2818
2819
2820
2821
2730
2731
2732
2733
2734
2735
2736
2737
2738
2739
2740
2741
2742
2743
2744
2745
2746
2747
2748
2749
2750
2751
2752
2753
2754
2755
2756
2757
2758
2759
2760
2761
2762
2763
2764
2765
2766
2767
2768
2769
2770
2771
2772
2773
2774
2775
2776
2777
2778
2779
2780
2781
2782
2783
2784
2785
2786
2787
2788
2789
2790
2791
2792
2793
2794
2795
2796
2797
2798
2799
2800
2801
2802
2803
2804
2805
2806
2807
2808
2809
2810
2811
2812
2813
2814
2815
2949
2950
2951
2952
2953
2954
2955
2956
2957
2958
2959
2960
2961
2962
2963
2964
2965
2966
2967
2968
2969
2988
2989
2990
2991
2992
2993
2994
2995
2996
2997
2998
2999
3000
3001
3002
3003
3004
3005
3006
3007
3008
3009
3010
3011
3012
3013
3014
3015
3045
3047
3050
3046
3049
3048
3016
3017
3018
3019
3020
3021
3022
3023
3024
3025
3026
3027
3028
3029
3030
3031
3032
3033
3034
3035
3036
3037
3038
3039
3040
3041
3042
3043
3044
3051
3052
3053
3054
3055
3056
3057
3058
3059
3060
3061
3062
3063
3064
3108
3110
3113
3109
3112
3111
3065
3066
3067
3068
3069
3070
3071
3072
3073
3074
3075
3076
3077
3078
3079
3080
3081
3082
3083
3084
3085
3086
3087
3088
3089
3090
3091
3092
3093
3094
3095
3096
3097
3098
3099
3100
3101
3102
3103
3104
3105
3106
3107
4576
4577
4578
4579
4580
4583
4584
4585
4586
4587
4588
4589
4590
4591
4592
4593
4594
4595
4596
4597
4598
4599
4600
4601
4602
4603
4604
4605
4606
4607
4608
4609
4610
4611
4612
4613
4614
4615
4616
4617
4618
4619
4620
4621
4622
4623
4624
4625
4626
4627
4628
4629
4630
4631
4632
4633
4634
4635
4636
4637
4638
4642
4641
4639
4640
4698
4699
4700
4697
4696
4672
4673
4674
4675
4676
4677
4678
4679
4680
4681
4682
4683
4684
4685
4686
4687
4670
4671
4656
4657
4658
4659
4660
4661
4662
4663
4664
4665
4666
4667
4668
4669
4644
4645
4646
4647
4648
4649
4650
4651
4652
4653
4654
4655
4688
4689
4690
4691
4692
4693
4694
4695
4761
4759
4753
4756
4757
4758
4760
4755
4754
4729
4730
4731
4732
4733
4734
4735
4736
4737
4738
4739
4740
4741
4742
4743
4744
4727
4728
4713
4714
4715
4716
4717
4718
4719
4720
4721
4722
4723
4724
4725
4726
4701
4702
4703
4704
4705
4706
4707
4708
4709
4710
4711
4712
4745
4746
4747
4748
4749
4750
4751
4752
4768
4769
4770
4771
4772
4773
4774
4776
4777
4778
4779
4780
4781
4782
4784
4783
4795
4794
4792
4796
4793
4785
4786
4787
4788
4789
4790
4791
4808
4806
4809
4807
4804
4810
4805
4797
4798
4799
4800
4801
4802
4803
4870
4871
4872
4873
4875
4876
4877
4878
4879
4880
4881
4882
4883
4884
4886
4887
4888
4889
4890
4891
4892
4893
4894
4895
4896
4897
4898
4899
4900
4901
4902
4903
4904
4905
4906
4907
4908
4909
4910
4912
4913
4914
4915
4916
4917
4918
4919
4920
4921
4923
4924
4925
4926
4927
4928
4929
4930
4931
4935
4934
4932
4933
4968
4972
4970
4971
4973
4976
4977
4983
4936
4937
4938
4939
4940
4941
4942
4943
4944
4945
4946
4947
4948
4949
4950
4951
4952
4953
4978
4958
4959
4960
4961
4962
4963
4964
4965
4966
4967
4969
4974
4975
4980
4979
4981
4982
4954
4955
4956
4957
5008
5010
5013
5023
5021
5019
5020
5022
5027
5025
5026
5028
5031
5032
5038
4984
4985
4986
4987
4988
4989
4990
4991
4992
4993
4994
4995
4996
4997
4998
4999
5000
5001
5033
5006
5007
5009
5011
5012
5014
5015
5016
5017
5018
5024
5029
5030
5035
5034
5036
5037
5002
5003
5004
5005
5112
5114
5115
5116
5117
5118
5119
5121
5120
5124
5122
5123
5127
5129
5128
5130
5125
5126
5240
5241
5242
5243
5250
5251
5252
5253
5254
5255
5256
5257
5258
5259
5260
5261
5262
5263
5264
5265
5266
5273
5268
5274
5270
5267
5269
5275
5271
5272
5276
5277
5278
5279
5280
5281
5282
5283
5284
5285
5286
5287
5306
5301
5307
5303
5300
5302
5308
5304
5305
5288
5289
5290
5291
5292
5293
5294
5295
5296
5297
5298
5299
7266
7267
7268
7269
7270
7271
7272
7273
7274
7275
7276
7277
7278
7279
7280
7281
7282
7283
7284
7285
7286
7287
7288
7289
7290
7291
7292
7293
7294
7295
7296
7297
7298
7299
7300
7301
7319
7302
7303
7304
7305
7306
7307
7308
7309
7310
7311
7312
7313
7314
7315
7316
7317
7318
7479
7480
7481
7482
7483
7485
7486
7487
7488
7489
7824
7825
7826
7827
7828
7829
7830
7831
7833
7832
7834
7835
7836
7837
7838
7839
7847
7846
7840
7841
7842
7843
7844
7845
7914
7915
7916
7954
7955
7956
7957
7958
7959
7960
7961
7962
7963
7964
7965
7966
7967
7968
7969
7970
7971
7972
7973
7974
7975
7976
7977
7978
7979
7980
7981
7982
7983
7984
7985
7986
7987
7988
7989
7990
7991
7992
7993
7994
7995
7996
7997
7998
7999
8000
8001
8002
8003
8004
8005
8006
8007
8008
8009
8010
8011
8012
8013
8014
8015
8016
8017
8018
8019
8020
8021
8022
8023
8024
8025
8026
8027
8028
8029
8030
8031
8032
8033
8034
8035
8036
8037
8038
8039
8040
8041
8042
8043
8044
8045
8046
8047
8048
8049
8050
8051
8052
8053
8054
8055
8060
8062
8061
8056
8057
8058
8059
8117
8118
8119
8120
8121
8122
8123
8124
8125
8126
8127
8128
8129
8130
8131
8132
8133
8134
8135
8136
8137
8138
8139
8140
8141
8142
8143
8144
8145
8146
8147
8148
8149
8150
8151
8152
8153
8154
8155
8156
8157
8158
8159
8160
8161
8162
8163
8164
8165
8166
8179
8180
8181
8182
8183
8184
8185
8186
8187
8188
8189
8190
8191
8192
8193
8194
8195
8196
8197
8198
8199
8200
8201
8110
8111
8112
8113
8104
8105
8106
8107
8108
8109
8114
8115
8116
8167
8168
8169
8170
8171
8172
8173
8174
8175
8176
8177
8178
8304
8306
8305
8215
8216
8217
8218
8219
8220
8221
8222
8223
8224
8225
8226
8227
8228
8229
8230
8231
8232
8233
8234
8235
8236
8237
8238
8239
8240
8241
8242
8243
8244
8245
8246
8247
8248
8249
8250
8251
8252
8253
8254
8255
8256
8257
8258
8259
8260
8261
8262
8263
8264
8265
8266
8267
8268
8281
8282
8283
8284
8285
8286
8287
8288
8289
8290
8291
8292
8293
8294
8295
8296
8297
8298
8299
8300
8301
8302
8303
8208
8209
8210
8211
8202
8203
8204
8205
8206
8207
8212
8213
8214
8269
8270
8271
8272
8273
8274
8275
8276
8277
8278
8279
8280
8334
8335
8336
8337
8338
8339
8340
8341
8342
8343
8344
8345
8346
8347
8348
8349
8350
8351
8352
8353
8354
8355
8356
8357
8358
8359
8360
8361
8362
8363
8364
8365
8366
8367
8383
8384
8368
8369
8370
8371
8372
8373
8374
8375
8376
8377
8378
8379
8380
8381
8382
8430
8431
8432
8433
8434
8435
8436
8437
8438
8440
8439
8441
8442
8443
8444
8445
8451
8453
8452
8446
8447
8448
8449
8450
9169
9170
9171
9172
9173
9174
9175
9176
9177
9178
9179
9180
9181
9182
9184
9183
9194
9185
9186
9187
9188
9189
9190
9191
9192
9193
9204
9207
9206
9205
9195
9196
9197
9198
9199
9200
9201
9202
9203
9256
9257
9258
9259
9260
9261
9262
9263
9264
9265
9266
9267
9268
9269
9270
9271
9272
9273
9274
9275
9276
9277
9278
9279
9280
9281
9282
9283
9284
9285
9286
9287
9288
9289
9290
9291
9292
9293
9294
9295
9296
9297
9298
9299
9300
9301
9302
9303
9304
9305
9306
9307
9308
9309
9310
9311
9312
9313
9314
9315
9316
9317
9318
9319
9320
9321
9322
9323
9324
9332
9331
9330
9329
9333
9397
9362
9363
9364
9365
9366
9334
9335
9336
9337
9338
9339
9340
9341
9342
9343
9344
9345
9346
9347
9348
9349
9350
9351
9352
9353
9354
9355
9356
9357
9358
9359
9360
9361
9367
9368
9369
9370
9371
9372
9373
9374
9375
9376
9377
9378
9379
9380
9381
9382
9383
9384
9385
9386
9387
9388
9389
9390
9391
9392
9393
9394
9395
9396
9464
9463
9462
9461
9465
9466
9426
9427
9428
9429
9430
9398
9399
9400
9401
9402
9403
9404
9405
9406
9407
9408
9409
9410
9411
9412
9413
9414
9415
9416
9417
9418
9419
9420
9421
9422
9423
9424
9425
9431
9432
9433
9434
9435
9436
9437
9438
9439
9440
9441
9442
9443
9444
9445
9446
9447
9448
9449
9450
9451
9452
9453
9454
9455
9456
9457
9458
9459
9460
9918
9919
9920
9921
9922
9923
9924
9925
9926
9927
9928
9929
9930
9931
9932
9933
9934
9935
9936
9937
9938
9939
9958
9941
9942
9943
9944
9945
9946
9947
9948
9949
9950
9951
9952
9953
9954
9955
9956
9957
9976
9978
9977
9959
9960
9961
9962
9963
9964
9965
9966
9967
9968
9969
9970
9971
9972
9973
9974
9975
10218
10219
10220
10221
10222
10223
10224
10225
10226
10227
10228
10229
10230
10231
10232
10234
10233
10245
10243
10244
10235
10236
10237
10238
10239
10240
10241
10242
10270
10272
10271
10273
10268
10269
10260
10261
10262
10263
10264
10265
10266
10267
10378
10379
10380
10381
10382
10383
10384
10385
10394
10395
10396
10397
10398
10399
10400
10401
10402
10403
10404
10405
10406
10407
10408
10409
10410
10421
10422
10423
10424
10425
10426
10427
10428
10429
10430
10431
10432
10433
10434
10435
10436
10437
10438
10439
10440
10441
10442
10443
10444
10445
10446
10447
10448
10449
10450
10451
10452
10456
10457
10458
10459
10460
10461
10462
10463
10464
10465
10510
10511
10512
10513
10514
10515
10516
10517
10565
10553
10554
10555
10556
10557
10558
10559
10560
10561
10562
10563
10566
10568
10518
10519
10520
10521
10522
10523
10524
10525
10526
10527
10528
10529
10530
10531
10532
10533
10534
10535
10536
10537
10538
10539
10540
10541
10542
10543
10544
10545
10546
10547
10548
10549
10550
10551
10552
10564
10567
10578
10584
10571
10572
10573
10574
10575
10576
10577
10579
10580
10581
10582
10583
10585
10586
10587
10588
10589
10590
10591
10592
10569
10570
10699
10676
10679
10680
10681
10682
10683
10686
10687
10689
10692
10696
10705
10711
10640
10641
10642
10643
10644
10645
10646
10647
10648
10649
10650
10651
10652
10653
10654
10655
10656
10657
10658
10659
10660
10661
10662
10663
10664
10665
10666
10667
10668
10669
10670
10671
10672
10673
10674
10697
10708
10694
10703
10678
10684
10685
10688
10690
10691
10693
10695
10698
10700
10701
10702
10704
10706
10707
10709
10710
10712
10713
10714
10675
10677
10848
10849
10850
10851
10868
10869
10870
10871
10873
10874
10875
10876
10877
10878
10879
10880
10881
10882
10886
10887
10888
10889
10890
10891
10892
10893
10894
10895
10896
10897
10898
10899
10900
10901
10902
10903
10904
10905
10906
10907
10908
10909
10910
10911
10912
10913
10914
10915
10916
10917
10918
10919
10920
10921
10922
10923
10924
10925
10926
10927
10928
10929
10930
10931
10932
10933
10934
10935
10936
10937
10938
10939
10940
10941
10942
10943
10944
10945
10946
10947
10948
10949
10950
10951
10952
10953
10954
10955
10956
10957
10958
10959
10960
10961
10962
10963
10964
10965
10966
10967
10968
10969
10970
10971
10972
10973
10974
10975
10976
10977
10978
10986
10981
10985
10982
10979
10980
10983
10984
11080
11081
11082
11083
11084
11085
10987
10988
10989
10990
10991
11021
11022
11023
11024
11025
11026
10992
10993
10994
10995
10996
10997
10998
10999
11000
11001
11002
11003
11004
11005
11006
11007
11008
11009
11010
11011
11012
11013
11014
11015
11016
11017
11018
11019
11020
11027
11028
11029
11030
11031
11032
11033
11034
11035
11036
11037
11038
11039
11040
11041
11042
11043
11044
11045
11046
11047
11048
11049
11050
11051
11052
11053
11054
11055
11056
11057
11058
11059
11060
11061
11062
11063
11064
11065
11066
11067
11068
11069
11070
11071
11072
11073
11074
11075
11076
11077
11078
11079
11192
11181
11191
11182
11179
11180
11183
11184
11185
11186
11187
11188
11189
11190
11086
11087
11088
11089
11090
11120
11121
11122
11123
11124
11125
11091
11092
11093
11094
11095
11096
11097
11098
11099
11100
11101
11102
11103
11104
11105
11106
11107
11108
11109
11110
11111
11112
11113
11114
11115
11116
11117
11118
11119
11126
11127
11128
11129
11130
11131
11132
11133
11134
11135
11136
11137
11138
11139
11140
11141
11142
11143
11144
11145
11146
11147
11148
11149
11150
11151
11152
11153
11154
11155
11156
11157
11158
11159
11160
11161
11162
11163
11164
11165
11166
11167
11168
11169
11170
11171
11172
11173
11174
11175
11176
11177
11178
11720
11721
11723
11724
11725
11726
11727
11728
11729
11730
11731
11732
11733
11734
11735
11736
11737
11738
11739
11740
11741
11742
11743
11744
11745
11746
11747
11748
11749
11750
11751
11752
11753
11754
11769
11770
11771
11755
11756
11757
11758
11759
11760
11761
11762
11763
11764
11765
11766
11767
11768
12071
12072
12073
12074
12076
12077
12078
12079
12081
12080
12082
12083
12086
12087
12084
12085
12092
12091
12094
12095
12090
12093
12088
12089
12443
12444
12445
12446
12447
12448
12449
12450
12451
12461
12462
12463
12464
12465
12466
12467
12468
12469
12470
12471
12472
12473
12474
12475
12476
12477
12480
12481
12478
12479
12502
12497
12499
12503
12498
12500
12501
12496
12483
12484
12485
12486
12487
12488
12489
12490
12491
12492
12493
12494
12495
12482
12523
12528
12518
12521
12527
12520
12524
12529
12522
12525
12526
12519
12505
12506
12507
12508
12509
12510
12511
12512
12513
12514
12515
12516
12517
12504
12667
12698
12699
12700
12701
12702
12703
12704
12705
12706
12707
12708
12709
12710
12711
12712
12713
12714
12715
12716
12717
12718
12719
12720
12721
12722
12723
12724
12725
12726
12727
12728
12729
12730
12731
12732
12733
12734
12735
12736
12737
12738
12739
12743
12746
12744
12745
12740
12741
12742
12763
12764
12765
12766
12767
12768
12769
12770
12771
12772
12773
12774
12775
12776
12777
12778
12779
12753
12754
12755
12756
12757
12758
12759
12760
12761
12762
12780
12781
12782
12747
12748
12749
12750
12751
12752
12824
12827
12825
12826
12821
12822
12823
12801
12802
12803
12804
12805
12806
12807
12808
12809
12810
12811
12812
12813
12814
12815
12816
12817
12791
12792
12793
12794
12795
12796
12797
12798
12799
12800
12818
12819
12820
12785
12786
12787
12788
12789
12790
12854
12855
12856
12857
12858
12859
12860
12861
12862
12863
12864
12865
12866
12867
12868
12869
12870
12872
12873
12874
12875
12876
12877
12878
12879
12880
12901
12902
12899
12898
12900
12893
12894
12895
12896
12897
12881
12882
12883
12884
12885
12886
12887
12888
12889
12890
12891
12892
12904
12905
12906
12903
12931
12932
12929
12928
12930
12923
12924
12925
12926
12927
12907
12908
12909
12910
12911
12912
12913
12918
12919
12920
12921
12922
12915
12916
12917
12914
13882
13883
13890
13891
13892
13893
13894
13895
13896
13897
13898
13899
13901
13902
13903
13904
13905
13906
13907
13908
13909
13910
13911
13912
13913
13914
13915
13916
13917
13918
13919
13942
13921
13938
13931
13922
13934
13943
13937
13925
13920
13941
13924
13936
13939
13940
13944
13935
13923
13926
13927
13928
13929
13930
13932
13933
13949
13950
13946
13947
13948
13945
14021
13998
14017
14008
13999
14013
14022
14016
14002
13997
14020
14001
14015
14018
14019
14023
14014
14000
14003
14004
14005
14006
14007
14009
14010
14011
14012
13994
13995
13996
13993
14126
14127
14128
14129
14130
14131
14132
14133
14134
14139
14140
14141
14142
14143
14144
14145
14146
14147
14148
14149
14150
14151
14152
14153
14154
14155
14172
14173
14170
14171
14167
14168
14169
14158
14159
14160
14161
14162
14163
14164
14165
14166
14156
14157
14190
14191
14193
14195
14192
14194
14188
14189
14185
14186
14187
14176
14177
14178
14179
14180
14181
14182
14183
14184
14174
14175
14219
14224
14225
14226
14227
14228
14229
14230
14231
14232
14237
14236
14233
14238
14235
14234
14240
14239
14249
14250
14257
14256
14253
14258
14255
14254
14260
14259
14251
14252
14417
14418
14419
14420
14421
14422
14423
14424
14425
14426
14427
14428
14429
14430
14431
14432
14433
14434
14435
14436
14437
14438
14449
14450
14439
14440
14441
14442
14443
14444
14445
14446
14447
14448
14451
14452
14453
14454
14455
14456
14457
14458
14459
14460
14481
14482
14461
14462
14463
14464
14465
14466
14467
14468
14469
14470
14471
14472
14473
14474
14475
14476
14477
14478
14479
14480
14627
14628
14651
14652
14653
14654
14656
14655
14663
14664
14665
14666
14667
14668
14669
14670
14671
14676
14672
14675
14674
14673
14677
14678
14679
14680
14689
14685
14688
14687
14686
14681
14682
14683
14684
14708
14709
14710
14711
15550
15551
15552
15553
15554
15555
15556
15557
15558
15588
15589
15590
15591
15592
15593
15594
15595
15596
15597
15598
15599
15600
15601
15602
15603
15604
15605
15606
15607
15608
15609
15610
15611
15612
15613
15614
15615
15616
15617
15618
15619
15620
15621
15622
15623
15624
15625
15626
15627
15628
15651
15652
15653
15629
15630
15631
15632
15633
15634
15635
15636
15637
15638
15639
15640
15641
15642
15643
15644
15645
15646
15647
15648
15649
15650
15725
15726
15727
15728
15736
15737
15845
15846
15849
15850
15851
15852
15854
15853
15855
15858
15857
15856
16093
16094
16095
16096
16097
16098
17108
17109
17110
17111
17112
17113
17114
17115
17116
17117
17118
17119
17120
17121
17122
17123
17124
17125
17126
17127
17128
17129
17130
17131
17132
17133
17134
17135
17136
17137
17138
17139
17140
17141
17142
17153
17154
17155
17156
17157
17158
17159
17160
17161
17162
17163
17164
17165
17166
17167
17168
17169
17170
17171
17172
17173
17143
17144
17145
17146
17147
17148
17149
17150
17151
17152
17206
17207
17185
17186
17187
17188
17189
17190
17191
17192
17193
17194
17195
17196
17197
17198
17199
17200
17201
17202
17203
17204
17205
17175
17176
17177
17178
17179
17180
17181
17182
17183
17184
17235
17236
17237
17238
17239
17240
17241
17242
17243
17244
17245
17246
17247
17248
17249
17250
17251
17252
17253
17254
17255
17256
17257
17258
17259
17263
17260
17261
17262
17285
17265
17266
17267
17268
17269
17270
17271
17272
17273
17274
17275
17276
17277
17278
17279
17280
17281
17282
17283
17284
17310
17306
17307
17308
17309
17286
17287
17288
17289
17290
17291
17292
17293
17294
17295
17296
17297
17298
17299
17300
17301
17302
17303
17304
17305
17315
17316
17317
17318
17319
17320
17321
17322
17323
17324
17325
17326
17327
17328
17329
17330
17331
17332
17342
17343
17333
17334
17335
17336
17337
17338
17339
17340
17341
17344
17345
17346
17347
17348
17349
17350
17367
17368
17358
17359
17360
17361
17362
17363
17364
17365
17366
17351
17352
17353
17354
17355
17356
17357
17426
17427
17428
17429
17430
17431
17432
17433
17434
17435
17436
17437
17438
17439
17440
17441
17442
17443
17444
17445
17446
17447
17448
17449
17450
17451
17452
17453
17454
17481
17455
17456
17457
17458
17459
17460
17461
17462
17463
17464
17465
17466
17467
17468
17469
17470
17471
17472
17473
17474
17475
17476
17477
17478
17479
17480
17509
17508
17482
17483
17484
17485
17486
17487
17488
17489
17490
17491
17492
17493
17494
17495
17496
17497
17498
17499
17500
17501
17502
17503
17504
17505
17506
17507
17549
17550
17551
17552
17553
17554
17555
17556
17557
17559
17560
17561
17562
17563
17564
17565
17566
17567
17568
17570
17571
17572
17573
17574
17575
17576
17577
17579
17580
17581
17582
17583
17584
17585
17586
17587
17588
17589
17590
17591
17592
17594
17595
17596
17597
17598
17599
17600
17601
17602
17603
17604
17605
17606
17607
17608
17609
17610
17611
17612
17613
17614
17615
17616
17617
17618
17619
17620
17621
17627
17622
17623
17625
17626
17624
17628
17680
17666
17673
17690
17689
17663
17670
17687
17688
17668
17681
17679
17686
17682
17684
17678
17667
17665
17669
17664
17683
17685
17671
17672
17674
17675
17676
17677
17646
17647
17648
17631
17632
17633
17649
17650
17651
17652
17653
17654
17655
17656
17657
17658
17659
17660
17661
17662
17629
17630
17634
17635
17636
17637
17638
17639
17640
17641
17642
17643
17644
17645
17751
17728
17732
17743
17750
17734
17759
17746
17729
17738
17758
17757
17725
17735
17755
17756
17731
17747
17745
17754
17748
17752
17744
17730
17727
17733
17726
17749
17753
17736
17737
17739
17740
17741
17742
17708
17709
17710
17693
17694
17695
17711
17712
17713
17714
17715
17716
17717
17718
17719
17720
17721
17722
17723
17724
17691
17692
17696
17697
17698
17699
17700
17701
17702
17703
17704
17705
17706
17707
17839
17840
17841
17845
17846
17847
17848
17849
17850
17851
17852
17853
17854
17855
17856
17857
17858
17859
17860
17861
17862
17863
17864
17865
17866
17867
17868
17869
17870
17871
17872
17873
17874
17875
17876
17877
17878
17879
17880
17881
17882
17883
17884
17885
17886
17887
17888
17889
17890
17891
17892
17893
17894
17895
17896
17897
17898
17899
17900
17901
17902
17903
17904
17905
17906
17907
17908
17909
17910
17911
17916
17917
17918
17919
17920
17921
17922
17923
17924
17925
17926
17927
17928
17929
17930
17931
17932
17933
17934
17935
17936
17937
17938
17939
17940
17941
17942
17943
17944
17945
17946
17947
17948
17949
17950
17951
17952
17953
17954
17955
17956
18045
18051
18048
18044
18046
18049
18047
18050
17991
17992
17993
17994
17995
17996
17997
17998
17999
18000
18001
18002
18003
18004
18005
18006
17957
17958
17959
17960
17961
17962
17963
17964
17965
17966
17967
17968
17969
17970
17971
17972
18007
18008
18009
18010
18011
18012
18013
18014
18015
18016
18017
18018
18019
18020
18021
18022
18023
17978
17979
17980
17981
17982
17983
17984
17985
17986
17987
17988
17989
17990
17973
17974
17975
17976
17977
18024
18025
18026
18027
18028
18029
18030
18031
18032
18033
18034
18035
18036
18037
18038
18039
18040
18041
18042
18043
18059
18060
18061
18062
18063
18064
18065
18066
18067
18052
18053
18054
18055
18056
18057
18058
18172
18178
18175
18171
18173
18176
18174
18177
18118
18119
18120
18121
18122
18123
18124
18125
18126
18127
18128
18129
18130
18131
18132
18133
18084
18085
18086
18087
18088
18089
18090
18091
18092
18093
18094
18095
18096
18097
18098
18099
18134
18135
18136
18137
18138
18139
18140
18141
18142
18143
18144
18145
18146
18147
18148
18149
18150
18105
18106
18107
18108
18109
18110
18111
18112
18113
18114
18115
18116
18117
18100
18101
18102
18103
18104
18151
18152
18153
18154
18155
18156
18157
18158
18159
18160
18161
18162
18163
18164
18165
18166
18167
18168
18169
18170
18075
18076
18077
18078
18079
18080
18081
18082
18083
18068
18069
18070
18071
18072
18073
18074
18186
18187
18199
18200
18201
18202
18203
18204
18208
18206
18205
18207
18213
18214
18212
18210
18209
18211
18275
18276
18277
18289
18290
18291
18292
18293
18294
18295
18296
18297
18298
18299
18300
18301
18302
18303
18304
18306
18307
18308
18309
18310
18305
18311
18312
18313
18314
18315
18316
18317
18318
18319
18320
18321
18322
18323
18338
18339
18340
18341
18342
18324
18325
18326
18327
18328
18329
18330
18331
18332
18333
18334
18335
18336
18337
18634
18635
18636
18637
18638
18639
18640
18641
18642
18646
18645
18644
18643
18647
18648
18649
18650
18651
18660
18659
18658
18654
18652
18653
18655
18656
18657
18767
18768
18769
18770
18771
18772
18773
18774
18775
18786
18804
18805
18806
18807
18808
18810
18809
18811
18812
18813
18814
18820
18819
18815
18816
18817
18818
19168
19169
19170
19226
19224
19225
19571
19572
19573
19574
19575
19576
19577
19578
19579
19580
19581
19582
19583
19584
19585
19586
19587
19588
19589
19590
19591
19592
19595
19597
19596
19594
19593
19612
19613
19614
19598
19599
19600
19601
19602
19603
19604
19605
19606
19607
19608
19609
19610
19611
19634
19636
19635
19633
19632
19629
19630
19631
19615
19616
19617
19618
19619
19620
19621
19622
19623
19624
19625
19626
19627
19628
19697
19698
19699
19700
19701
19702
19703
19704
19705
19722
19723
19724
19725
19726
19727
19728
19729
19730
19731
19732
19787
19788
19789
19790
19791
19792
19793
19794
19795
19796
19797
19798
19799
19800
19801
19802
19803
19804
19805
19806
19807
19808
19809
19810
19811
19812
19813
19814
19815
19816
19817
19818
19819
19820
19821
19822
19823
19824
19825
19826
19827
19828
19829
19830
19831
19832
19833
19834
19835
19836
19837
19838
19839
19840
19841
19842
19843
19844
19845
19846
19847
19850
19854
19862
19855
19849
19856
19860
19851
19848
19857
19853
19859
19852
19861
19858
19928
19883
19863
19876
19877
19864
19865
19866
19867
19868
19869
19870
19871
19872
19873
19874
19875
19878
19879
19880
19881
19882
19884
19885
19886
19887
19888
19889
19890
19891
19892
19893
19894
19895
19896
19897
19898
19899
19900
19901
19902
19903
19904
19905
19906
19907
19908
19909
19910
19911
19912
19913
19914
19915
19916
19917
19918
19919
19920
19921
19922
19923
19924
19925
19926
19927
19997
20001
20009
20002
19996
20003
20007
19998
19995
20004
20000
20006
19999
20008
20005
19994
19949
19929
19942
19943
19930
19931
19932
19933
19934
19935
19936
19937
19938
19939
19940
19941
19944
19945
19946
19947
19948
19950
19951
19952
19953
19954
19955
19956
19957
19958
19959
19960
19961
19962
19963
19964
19965
19966
19967
19968
19969
19970
19971
19972
19973
19974
19975
19976
19977
19978
19979
19980
19981
19982
19983
19984
19985
19986
19987
19988
19989
19990
19991
19992
19993
20841
20842
20843
20844
20845
20846
20847
20848
20849
20858
20850
20851
20852
20853
20854
20855
20856
20857
21352
21353
21354
21355
21356
21357
21358
21359
21360
21361
21362
21363
21364
21365
21366
21381
21367
21368
21369
21370
21371
21372
21373
21374
21375
21376
21377
21378
21379
21380
21465
21466
21467
21468
21469
21470
21471
21472
21473
21474
21475
21476
21477
21478
21479
21480
21481
21482
21483
21484
21485
21486
21487
21488
21491
21490
21489
21512
21511
21492
21493
21494
21495
21496
21497
21498
21499
21500
21501
21502
21503
21504
21505
21506
21507
21508
21509
21510
21535
21533
21532
21536
21534
21513
21514
21515
21516
21517
21518
21519
21520
21521
21522
21523
21524
21525
21526
21527
21528
21529
21530
21531
21547
21548
21549
22110
22111
22112
22113
22114
22115
22117
22118
22119
22120
22121
22122
22123
22124
22125
22126
22127
22128
22129
22130
22131
22132
22133
22134
22135
22136
22137
22138
22139
22140
22141
22142
22143
22144
22145
22146
22147
22148
22149
22150
22151
22152
22153
22154
22155
22156
22157
22158
22159
22160
22161
22162
22163
22164
22165
22166
22167
22168
22169
22170
22171
22172
22173
22174
22175
22176
22177
22178
22179
22180
22185
22187
22192
22194
22195
22199
22188
22183
22190
22198
22182
22186
22191
22197
22193
22184
22196
22189
22249
22251
22248
22250
22219
22220
22221
22222
22223
22224
22225
22226
22227
22228
22229
22230
22231
22232
22233
22234
22235
22236
22237
22238
22239
22240
22241
22242
22200
22201
22202
22203
22204
22205
22206
22243
22244
22245
22246
22247
22207
22208
22209
22210
22211
22212
22213
22214
22215
22216
22217
22218
22304
22307
22313
22316
22317
22321
22309
22301
22311
22320
22300
22305
22312
22319
22314
22303
22318
22310
22306
22315
22302
22308
22271
22272
22273
22274
22275
22276
22277
22278
22279
22280
22281
22282
22283
22284
22285
22286
22287
22288
22289
22290
22291
22292
22293
22294
22252
22253
22254
22255
22256
22257
22258
22295
22296
22297
22298
22299
22259
22260
22261
22262
22263
22264
22265
22266
22267
22268
22269
22270
22540
22541
22542
22543
22544
22545
22546
22564
22565
22566
22567
22568
22569
22570
22571
22572
22573
22574
22575
22576
22577
22579
22578
22592
22594
22593
22580
22581
22582
22583
22584
22585
22586
22587
22588
22589
22590
22591
22607
22608
22611
22609
22610
22613
22612
22595
22596
22597
22598
22599
22600
22601
22602
22603
22604
22605
22606
22644
22645
22646
22647
22648
22686
22687
22688
22689
22690
22691
22692
22693
22694
22695
22700
22701
22702
22703
22704
22705
22706
22707
22708
22709
22710
22711
22712
22713
22714
22715
22716
22739
22742
22744
22743
22752
22747
22748
22741
22751
22753
22745
22738
22736
22740
22750
22737
22746
22749
22764
22766
22767
22765
22763
22754
22755
22756
22757
22758
22759
22760
22761
22762
22781
22787
22789
22788
22798
22792
22793
22784
22797
22799
22790
22780
22778
22782
22795
22779
22791
22794
22783
22786
22796
22785
22777
22768
22769
22770
22771
22772
22773
22774
22775
22776
22805
22806
22807
22808
22809
22810
22814
22813
22812
22816
22815
22817
22823
22822
22820
22819
22818
22821
23286
23287
23288
23289
23303
23304
23305
23306
23309
23310
23307
23308
23489
23490
23491
23492
23493
23494
23495
23496
23497
23498
23499
23500
23501
23502
23503
23504
23520
23521
23522
23523
23524
23525
23526
23527
23528
23529
23530
23531
23532
23533
23534
23535
23536
23537
23538
23539
23540
23541
23542
23543
23544
23545
23546
23547
23548
23549
23565
23562
23564
23563
23550
23551
23552
23553
23554
23555
23556
23557
23558
23559
23560
23561
23566
23567
23568
23569
23570
23571
23572
23573
23574
23575
23576
23577
23578
23579
23580
23581
23582
23583
23584
23585
23586
23587
23588
23589
23590
23591
23592
23593
23594
23595
23641
23638
23640
23639
23626
23627
23628
23629
23630
23631
23632
23633
23634
23635
23636
23637
23596
23597
23598
23599
23600
23601
23602
23603
23604
23605
23606
23607
23608
23609
23610
23611
23612
23613
23614
23615
23616
23617
23618
23619
23620
23621
23622
23623
23624
23625
24282
24283
24284
24286
24287
24288
24291
24289
24290
24669
24670
24671
24672
24855
24856
24858
24859
24860
24861
24862
24863
24864
24865
24866
24867
24868
24869
24870
24871
24872
24873
24874
24875
24876
24877
24878
24879
24880
24881
24882
24883
24884
24885
24886
24887
24888
24889
24890
24891
24892
24893
24894
24895
24896
24897
24898
24899
24901
24900
24943
24942
24928
24929
24930
24931
24932
24933
24934
24935
24936
24937
24938
24939
24940
24941
24902
24903
24904
24905
24906
24907
24908
24909
24910
24911
24912
24913
24914
24915
24916
24917
24918
24919
24920
24921
24922
24923
24924
24925
24926
24927
24986
24985
24987
24984
24970
24971
24972
24973
24974
24975
24976
24977
24978
24979
24980
24981
24982
24983
24944
24945
24946
24947
24948
24949
24950
24951
24952
24953
24954
24955
24956
24957
24958
24959
24960
24961
24962
24963
24964
24965
24966
24967
24968
24969
25452
25453
25454
25455
25456
25457
25458
25459
25460
25461
25462
25463
25464
25465
25466
25467
25468
25469
25470
25471
25472
25487
25473
25474
25475
25476
25477
25478
25479
25480
25481
25482
25483
25484
25485
25486
25502
25503
25504
25505
25488
25489
25490
25491
25492
25493
25494
25495
25496
25497
25498
25499
25500
25501
26513
26514
26515
26516
26517
26518
26519
26520
26521
26522
26523
26524
26525
26526
26527
26528
26529
26530
26531
26532
26533
26534
26535
26536
26537
26538
26539
26540
26541
26542
26543
26544
26545
26563
26564
26565
26566
26567
26546
26547
26548
26549
26550
26551
26552
26553
26554
26555
26556
26557
26558
26559
26560
26561
26562
26578
26579
26580
26581
26582
26583
26584
26585
26586
26587
26588
26617
26618
26619
26620
26621
26589
26590
26591
26592
26593
26594
26595
26596
26597
26598
26599
26600
26601
26602
26603
26604
26605
26606
26607
26608
26609
26610
26611
26612
26613
26614
26615
26616
26653
26654
26655
26656
26657
26658
26659
26660
26661
26662
26663
26664
26665
26666
26667
26668
26669
26670
26671
26672
26673
26674
26675
26676
26677
26678
26679
26680
26695
26694
26681
26682
26683
26684
26685
26686
26687
26688
26689
26690
26691
26692
26693
26696
26697
26698
26699
26700
26701
26702
26703
26704
26705
26706
26707
26708
26736
26735
26709
26710
26711
26712
26713
26714
26715
26716
26717
26718
26719
26720
26721
26722
26723
26724
26725
26726
26727
26728
26729
26730
26731
26732
26733
26734
27646
27647
27648
27649
27650
27651
27652
27653
27654
27655
27656
27657
27658
27659
27660
27661
27662
27663
27664
27665
27666
27672
27673
27674
27675
27676
27677
27678
27679
27680
27681
27682
27683
27684
27685
27686
27687
27688
27689
27690
27691
27692
27693
27694
27695
27696
27714
27715
27716
27717
27697
27698
27699
27700
27701
27702
27703
27704
27705
27706
27707
27708
27709
27710
27711
27712
27713
27718
27719
27720
27721
27722
27723
27724
27725
27726
27727
27728
27729
27730
27731
27732
27733
27734
27735
27736
27737
27738
27739
27740
27741
27742
27785
27786
27787
27788
27743
27744
27745
27746
27747
27748
27749
27750
27751
27752
27753
27754
27755
27756
27757
27758
27759
27760
27761
27762
27763
27764
27765
27766
27767
27768
27769
27770
27771
27772
27773
27774
27775
27776
27777
27778
27779
27780
27781
27782
27783
27784
27807
27808
27809
27810
27824
27825
27826
27827
27828
27829
27830
27831
27832
27833
27834
27835
27836
27837
27838
27839
27840
27841
27842
27843
27844
27845
27846
27847
27848
27849
27850
27851
27852
27853
27854
27855
27856
27857
27858
27859
27860
27861
27862
27863
27864
27865
27866
27867
27897
27898
27899
27900
27901
27868
27869
27870
27871
27872
27873
27874
27875
27876
27877
27878
27879
27880
27881
27882
27883
27884
27885
27886
27887
27888
27889
27890
27891
27892
27893
27894
27895
27896
27902
27903
27904
27905
27906
27907
27908
27909
27910
27911
27912
27913
27914
27915
27959
27960
27961
27962
27963
27916
27917
27918
27919
27920
27921
27922
27923
27924
27925
27926
27927
27928
27929
27930
27931
27932
27933
27934
27935
27936
27937
27938
27939
27940
27941
27942
27943
27944
27945
27946
27947
27948
27949
27950
27951
27952
27953
27954
27955
27956
27957
27958
28302
28303
28304
28306
28305
28307
28310
28309
28308
28345
28346
28347
28348
28349
28350
28351
28523
28524
28525
28526
28527
28528
28529
28530
28531
28532
28533
28534
28535
28536
28537
28538
28539
28540
28541
28542
28543
28544
28545
28546
28547
28548
28549
28550
28551
28552
28553
28554
28555
28556
28557
28558
28559
28561
28564
28562
28565
28563
28560
28603
28566
28567
28568
28569
28570
28571
28572
28573
28574
28575
28576
28577
28578
28579
28580
28581
28582
28583
28584
28585
28586
28587
28588
28589
28590
28591
28592
28593
28594
28595
28596
28597
28598
28599
28600
28601
28602
28643
28646
28644
28647
28645
28641
28642
28604
28605
28606
28607
28608
28609
28610
28611
28612
28613
28614
28615
28616
28617
28618
28619
28620
28621
28622
28623
28624
28625
28626
28627
28628
28629
28630
28631
28632
28633
28634
28635
28636
28637
28638
28639
28640
29007
29008
29009
29010
29011
29012
29013
29014
29015
29016
29017
29018
29019
29020
29021
29022
29038
29023
29024
29025
29026
29027
29028
29029
29030
29031
29032
29033
29034
29035
29036
29037
29117
29118
29119
29120
29121
29122
29123
29124
29125
29126
29127
29128
29129
29130
29131
29132
29133
29134
29135
29136
29137
29138
29139
29140
29141
29142
29143
29144
29145
29146
29147
29148
29149
29150
29151
29152
29153
29154
29155
29156
29157
29158
29159
29160
29161
29162
29163
29164
29165
29166
29167
29168
29169
29170
29171
29172
29173
29174
29175
29176
29177
29178
29179
29210
29211
29212
29180
29181
29182
29183
29184
29185
29186
29187
29188
29189
29190
29191
29192
29193
29194
29195
29196
29197
29198
29199
29200
29201
29202
29203
29204
29205
29206
29207
29208
29209
29213
29214
29215
29216
29217
29218
29219
29220
29221
29222
29223
29224
29225
29226
29227
29228
29229
29230
29231
29232
29233
29234
29235
29236
29237
29238
29239
29240
29241
29242
29303
29304
29305
29243
29244
29245
29246
29247
29248
29249
29250
29251
29252
29253
29254
29255
29256
29257
29258
29259
29260
29261
29262
29263
29264
29265
29266
29267
29268
29269
29270
29271
29272
29273
29274
29275
29276
29277
29278
29279
29280
29281
29282
29283
29284
29285
29286
29287
29288
29289
29290
29291
29292
29293
29294
29295
29296
29297
29298
29299
29300
29301
29302
29397
29398
29399
29400
29401
29402
29403
29404
29405
29406
29407
29408
29416
29418
29417
29409
29410
29411
29412
29413
29414
29415
29427
29426
29429
29428
29419
29420
29421
29422
29423
29424
29425
29792
29793
29794
29795
29796
29797
29798
29799
29800
29801
29802
29803
29804
29805
29806
29807
29808
29809
29810
29811
29812
29813
29814
29815
29816
29817
29818
29819
29820
29821
29822
29823
29824
29825
29826
29827
29828
29829
29830
29831
29832
29833
29834
29835
29836
29837
29838
29839
29840
29841
29842
29843
29844
29845
29846
29847
29848
29849
29850
29851
29852
29853
29854
29855
29856
29857
29858
29859
29860
29861
29862
29863
29864
29865
29866
29928
29927
29929
29930
29867
29868
29869
29870
29871
29872
29873
29874
29875
29876
29877
29878
29879
29880
29881
29882
29883
29884
29885
29886
29887
29888
29889
29890
29891
29892
29893
29894
29895
29896
29897
29898
29899
29900
29901
29902
29903
29904
29905
29906
29907
29908
29909
29910
29911
29912
29913
29914
29915
29916
29917
29918
29919
29920
29921
29922
29923
29924
29925
29926
29932
29933
29934
29935
29936
29937
29938
29939
29940
29941
29942
30015
30014
30016
30017
29943
29944
29945
29946
29947
29948
29949
29950
29951
29952
29953
29954
29955
29956
29957
29958
29959
29960
29961
29962
29963
29964
29965
29966
29967
29968
29969
29970
29971
29972
29973
29974
29975
29976
29977
29978
29979
29980
29981
29982
29983
29984
29985
29986
29987
29988
29989
29990
29991
29992
29993
29994
29995
29996
29997
29998
29999
30000
30001
30002
30003
30004
30005
30006
30007
30008
30009
30010
30011
30012
30013
30428
30429
30430
30431
30432
30433
30434
30435
30437
30438
30439
30440
30441
30442
30443
30444
30445
30446
30447
30448
30449
30450
30451
30452
30453
30454
30455
30458
30456
30459
30460
30457
30475
30477
30478
30482
30476
30479
30480
30481
30469
30470
30471
30472
30473
30474
30466
30467
30468
30461
30462
30463
30464
30465
30503
30500
30504
30505
30501
30498
30502
30506
30510
30499
30507
30508
30509
30492
30493
30494
30495
30496
30497
30489
30490
30491
30484
30485
30486
30487
30488
30581
30582
30583
30584
30585
30603
30604
30605
30606
30649
30650
30651
30652
30653
30654
30655
30656
30657
30658
30659
30660
30661
30662
30663
30664
30665
30666
30667
30668
30669
30670
30671
30672
30673
30674
30675
30676
30677
30678
30679
30680
30681
30682
30683
30684
30685
30686
30687
30688
30689
30690
30691
30692
30693
30694
30695
30696
30697
30698
30699
30700
30701
30702
30703
30704
30705
30706
30707
30708
30709
30710
30711
30712
30713
30714
30715
30716
30717
30718
30719
30720
30721
30722
30723
30724
30725
30726
30727
30730
30731
30732
30808
30733
30734
30735
30736
30737
30738
30739
30740
30741
30742
30743
30744
30745
30746
30747
30748
30749
30750
30751
30752
30753
30754
30755
30756
30757
30758
30759
30760
30761
30762
30763
30764
30765
30766
30767
30768
30769
30770
30771
30772
30773
30774
30775
30776
30777
30778
30779
30780
30781
30782
30783
30784
30785
30786
30787
30788
30789
30790
30791
30792
30793
30794
30795
30796
30797
30798
30799
30800
30801
30802
30803
30804
30805
30806
30807
30884
30885
30886
30887
30809
30810
30811
30812
30813
30814
30815
30816
30817
30818
30819
30820
30821
30822
30823
30824
30825
30826
30827
30828
30829
30830
30831
30832
30833
30834
30835
30836
30837
30838
30839
30840
30841
30842
30843
30844
30845
30846
30847
30848
30849
30850
30851
30852
30853
30854
30855
30856
30857
30858
30859
30860
30861
30862
30863
30864
30865
30866
30867
30868
30869
30870
30871
30872
30873
30874
30875
30876
30877
30878
30879
30880
30881
30882
30883
31553
31554
31555
31556
31557
31558
31559
31560
31561
31562
31563
31564
31565
31566
31567
31568
31569
31570
31571
31573
31577
31572
31574
31576
31575
31593
31581
31582
31583
31584
31585
31586
31587
31588
31589
31590
31591
31592
31608
31612
31606
31609
31611
31610
31607
31594
31595
31596
31597
31598
31599
31600
31601
31602
31603
31604
31605
32323
32324
32325
32326
32327
32328
32329
32330
32331
32332
32333
32334
32335
32336
32337
32338
32339
32340
32341
32342
32343
32344
32345
32346
32347
32348
32349
32350
32351
32366
32352
32353
32354
32355
32356
32357
32358
32359
32360
32361
32362
32363
32364
32365
32367
32368
32369
32370
32371
32372
32373
32374
32375
32376
32377
32378
32379
32380
32409
32381
32382
32383
32384
32385
32386
32387
32388
32389
32390
32391
32392
32393
32394
32395
32396
32397
32398
32399
32400
32401
32402
32403
32404
32405
32406
32407
32408
32490
32491
32492
32493
32494
32495
32496
32497
32498
32499
32516
32517
32518
32519
32520
32521
32522
32523
32524
32525
32526
32527
32528
32529
32530
32531
32532
32533
32534
32535
32536
32537
32538
32539
32540
32541
32542
32543
32544
32545
32546
32547
32548
32549
32550
32551
32552
32553
32554
32555
32556
32557
32558
32559
32560
32561
32562
32563
32564
32566
32567
32568
32569
32570
32571
32572
32573
32574
32575
32576
32577
32578
32579
32616
32615
32612
32619
32614
32621
32620
32618
32617
32613
32611
32610
32580
32581
32582
32583
32584
32585
32586
32587
32588
32589
32590
32591
32592
32593
32594
32595
32596
32597
32598
32599
32600
32601
32602
32603
32604
32605
32606
32607
32608
32609
32651
32652
32622
32625
32626
32641
32642
32623
32624
32643
32644
32645
32646
32647
32648
32649
32650
32627
32628
32629
32630
32631
32632
32633
32634
32635
32636
32637
32638
32639
32640
32720
32719
32716
32723
32718
32725
32724
32722
32721
32717
32715
32714
32653
32654
32655
32656
32657
32658
32659
32660
32661
32662
32663
32664
32670
32671
32672
32673
32674
32675
32676
32677
32678
32679
32680
32681
32682
32683
32684
32685
32686
32687
32712
32713
32665
32668
32669
32702
32703
32666
32667
32704
32705
32706
32707
32708
32709
32710
32711
32688
32689
32690
32691
32692
32693
32694
32695
32696
32697
32698
32699
32700
32701
32733
32734
32735
32736
32738
32739
32740
32741
32742
32743
32744
32745
32746
32747
32748
32749
32750
32752
32751
32767
32766
32753
32754
32755
32756
32757
32758
32759
32760
32761
32762
32763
32764
32765
32784
32782
32783
32781
32768
32769
32770
32771
32772
32773
32774
32775
32776
32777
32778
32779
32780
33253
33254
33650
33673
33674
33675
33676
33677
33678
33679
33680
33681
33682
33683
33684
33685
33686
33687
33688
33689
33690
33691
33692
33693
33694
33695
33696
33697
33698
33699
33700
33701
33702
33703
33704
33705
33706
33707
33708
33709
33710
33711
33712
33713
33714
33715
33716
33717
33718
33719
33720
33721
33722
33723
33724
33725
33726
33727
33728
33729
33730
33731
33732
33733
33734
33735
33736
33737
33738
33739
33740
33741
33768
33769
33770
33771
33772
33773
33774
33775
33776
33777
33778
33779
33780
33781
33782
33783
33784
33785
33786
33787
33788
33789
33790
33791
33792
33793
33794
33795
33796
33797
33798
33799
33800
33801
33802
33803
33804
33805
33806
33807
33808
33809
33810
33811
33812
33813
33814
33815
33816
33817
33818
33819
33820
33821
33822
33823
33824
33825
33884
33885
33886
33887
33888
33889
33826
33827
33828
33829
33830
33831
33832
33833
33834
33835
33836
33837
33838
33839
33840
33841
33842
33843
33844
33845
33846
33847
33848
33849
33850
33851
33852
33853
33854
33855
33856
33857
33858
33859
33860
33861
33862
33863
33864
33865
33866
33867
33868
33869
33870
33871
33872
33873
33874
33875
33876
33877
33878
33879
33880
33881
33882
33883
33917
33918
33919
33920
33921
33922
33923
33924
33925
33926
33927
33928
33929
33933
33931
33934
33932
33930
33944
33945
33946
33947
33948
33949
33950
33951
33963
33961
33964
33962
33960
33952
33953
33954
33955
33956
33957
33958
33959
33979
33980
33981
33982
33983
33984
33985
33987
33988
33989
33990
33991
33992
33993
34001
34004
34000
34003
33999
33998
33997
34002
33996
33994
33995
34005
34006
34007
34018
34021
34017
34020
34016
34015
34014
34019
34013
34011
34012
34008
34009
34010
34237
34238
34239
34241
34242
34243
34245
34246
34247
34248
34249
34250
34251
34252
34253
34254
34255
34256
34257
34258
34277
34275
34276
34274
34271
34273
34259
34260
34261
34262
34263
34264
34265
34266
34267
34268
34269
34270
34294
34297
34295
34296
34293
34290
34292
34278
34279
34280
34281
34282
34283
34284
34285
34286
34287
34288
34289
34494
34495
34496
34497
34499
34500
34501
34502
34503
34504
34505
34506
34507
34508
34509
34510
34511
34512
34513
34514
34515
34516
34517
34518
34519
34520
34521
34522
34523
34524
34525
34526
34527
34528
34529
34530
34531
34532
34533
34534
34535
34536
34537
34538
34539
34540
34541
34573
34572
34574
34571
34542
34543
34544
34545
34546
34547
34548
34549
34550
34551
34552
34553
34554
34555
34556
34557
34558
34559
34560
34561
34562
34563
34564
34565
34566
34567
34568
34569
34570
34575
34576
34577
34578
34579
34580
34581
34582
34583
34584
34585
34586
34587
34588
34634
34633
34635
34632
34589
34590
34591
34592
34593
34594
34595
34596
34597
34598
34599
34600
34601
34602
34603
34604
34605
34606
34607
34608
34609
34610
34611
34612
34613
34614
34615
34616
34617
34618
34619
34620
34621
34622
34623
34624
34625
34626
34627
34628
34629
34630
34631
34843
34844
34846
34847
34848
34849
34850
34851
34852
34853
34854
34855
34856
34857
34858
34859
34869
34860
34861
34862
34863
34864
34865
34866
34867
34868
34879
34880
34881
34882
34870
34871
34872
34873
34874
34875
34876
34877
34878
35120
35121
35122
35123
35124
35125
35153
35154
35155
35156
35157
35158
35159
35160
35168
35166
35169
35167
35165
35170
35161
35162
35163
35164
35171
35172
35173
35174
35186
35184
35187
35185
35183
35188
35179
35180
35181
35182
35175
35176
35177
35178
35402
35403
35405
35406
35407
35408
35409
35410
35411
35412
35413
35414
35415
35416
35417
35418
35419
35420
35421
35422
35423
36501
36502
36503
36504
36506
36507
36508
36509
36510
36511
36512
36513
36514
36515
36516
36517
36518
36519
36530
36520
36525
36523
36522
36524
36529
36527
36526
36528
36521
36531
36532
36533
36534
36535
36536
36537
36557
36547
36552
36550
36549
36551
36556
36554
36553
36555
36548
36540
36541
36542
36543
36544
36545
36546
36560
36561
36562
36563
36564
36565
36566
36568
36567
36569
36570
36571
36572
36573
36580
36579
36574
36575
36576
36577
36578
36878
36879
36880
36881
36882
36883
36884
36885
36889
36886
36887
36888
36894
36895
36893
36890
36891
36892
37069
37070
37071
37072
37073
37074
37101
37096
37097
37098
37099
37100
37226
37227
37229
37230
37231
37232
37233
37234
37235
37236
37237
37238
37239
37240
37241
37242
37243
37244
37245
37246
37247
37248
37249
37250
37251
37252
37253
37254
37255
37256
37282
37279
37280
37281
37277
37283
37278
37257
37258
37259
37260
37261
37262
37263
37264
37265
37266
37267
37268
37269
37270
37271
37272
37273
37274
37275
37276
37285
37286
37287
37316
37313
37314
37315
37311
37317
37312
37288
37289
37290
37291
37292
37293
37294
37295
37296
37297
37298
37299
37300
37301
37305
37306
37307
37308
37309
37310
37302
37303
37304
37561
37563
37564
37565
37566
37567
37568
37569
37570
37571
37572
37573
37574
37584
37585
37575
37576
37577
37578
37579
37580
37581
37582
37583
37595
37596
37597
37586
37587
37588
37589
37590
37591
37592
37593
37594
37879
37880
37881
37882
37905
37906
37907
37908
37909
37910
37911
37912
37913
37914
37915
37916
37917
37918
37925
37919
37920
37921
37922
37923
37924
37943
37944
37945
37946
37947
37948
37949
37950
37951
37952
37953
37954
37955
37956
37957
37959
37960
37962
37963
37961
37977
37976
37973
37967
37968
37969
37970
37971
37972
37964
37965
37966
37974
37975
37993
37994
37991
37992
37990
37987
37981
37982
37983
37984
37985
37986
37978
37979
37980
37988
37989
38308
38328
38329
38330
38331
38332
38334
38333
38338
38337
38335
38336
38344
38342
38343
38341
38339
38340
38846
38847
38849
38850
38851
38852
38853
38854
38858
38855
38857
38856
38862
38859
38861
38860
38870
38864
38868
38867
38869
38863
38866
38865
39177
39178
39179
39180
39181
39182
39183
39184
39185
39186
39187
39188
39189
39190
39191
39192
39193
39194
39195
39196
39197
39200
39199
39217
39218
39216
39219
39202
39203
39204
39205
39206
39207
39208
39209
39210
39211
39212
39213
39214
39215
39201
39236
39235
39238
39239
39237
39240
39221
39222
39223
39224
39225
39226
39227
39228
39229
39230
39231
39232
39233
39234
39220
39841
39842
39843
39844
39845
39846
39847
39848
39849
39850
39851
39852
39853
39854
39855
39856
39857
39858
39865
39866
39859
39860
39861
39862
39863
39864
39867
39868
39869
39870
39871
39872
39873
39874
39875
39876
39893
39894
39877
39878
39879
39880
39881
39882
39883
39884
39885
39886
39887
39888
39889
39890
39891
39892
39913
39914
39915
39916
39917
39918
39919
39920
39921
39922
39923
39924
39925
39926
39927
39935
39936
39948
39946
39949
39947
39945
39937
39938
39939
39940
39941
39942
39943
39944
39959
39960
39963
39961
39964
39962
39958
39950
39951
39952
39953
39954
39955
39956
39957
39969
39970
39971
39972
39973
39974
39976
39975
39980
39977
39978
39979
39999
39998
40000
39995
39996
39997
40945
40946
40947
40948
40949
40950
40951
40952
40953
40954
40955
40956
40957
40958
40959
40960
40967
40968
40961
40962
40963
40964
40965
40966
41084
41085
41086
41087
41088
41089
41090
41091
41092
41093
41094
41095
41096
41097
41098
41099
41100
41101
41102
41103
41104
41105
41106
41107
41108
41109
41110
41111
41112
41113
41114
41115
41116
41117
41118
41119
41120
41121
41122
41123
41124
41125
41126
41127
41128
41129
41130
41131
41132
41133
41134
41135
41136
41137
41138
41139
41140
41141
41145
41148
41147
41142
41143
41146
41144
41198
41199
41167
41168
41169
41170
41171
41172
41173
41174
41175
41176
41177
41178
41179
41180
41181
41182
41183
41149
41150
41151
41152
41153
41154
41155
41156
41157
41158
41159
41160
41161
41162
41163
41164
41165
41166
41184
41185
41186
41187
41188
41189
41190
41191
41192
41193
41194
41195
41196
41197
41253
41257
41256
41249
41251
41255
41252
41250
41254
41218
41219
41220
41221
41222
41223
41224
41225
41226
41227
41228
41229
41230
41231
41232
41233
41234
41200
41201
41202
41203
41204
41205
41206
41207
41208
41209
41210
41211
41212
41213
41214
41215
41216
41217
41235
41236
41237
41238
41239
41240
41241
41242
41243
41244
41245
41246
41247
41248
41549
41550
41551
41552
41553
41554
41555
41556
41557
41558
41559
41560
41561
41563
41564
41565
41574
41575
41566
41567
41568
41569
41570
41571
41572
41573
41584
41585
41587
41586
41588
41576
41577
41578
41579
41580
41581
41582
41583
41885
41886
41887
41888
41889
41890
41891
41892
41926
41927
41925
41928
41929
41930
41931
41932
41939
41940
41938
41933
41934
41935
41936
41937
42120
42121
42122
42123
42146
42147
42148
42149
42150
42151
42157
42156
42152
42153
42154
42155
42162
42163
42165
42164
42158
42159
42160
42161
42173
42458
42459
42460
42461
42462
42463
42464
42465
42466
42467
42468
42469
42470
42471
42472
42473
42474
42475
42476
42477
42478
42479
42480
42481
42501
42482
42483
42484
42485
42486
42487
42488
42489
42490
42491
42492
42493
42494
42495
42496
42497
42498
42499
42500
42521
42522
42523
42502
42503
42504
42505
42506
42507
42508
42509
42510
42511
42512
42513
42514
42515
42516
42517
42518
42519
42520
42724
42725
42726
42727
42728
42729
42749
42750
42751
42752
42753
42754
42755
42756
42757
42758
42759
42760
42761
42762
42763
42764
42765
42766
42767
42768
42769
42770
42771
42772
42773
42774
42775
42776
42777
42778
42779
42780
42781
42782
42783
42784
42785
42786
42787
42788
42789
42790
42791
42792
42793
42794
42795
42796
42797
42798
42799
42800
42801
42802
42803
42808
42807
42804
42806
42805
42809
42810
42811
42812
42813
42814
42815
42816
42817
42818
42819
42820
42821
42822
42823
42824
42835
42836
42837
42838
42839
42840
42841
42842
42843
42844
42845
42846
42847
42848
42849
42850
42851
42852
42853
42854
42855
42856
42857
42858
42859
42860
42861
42862
42863
42864
42825
42826
42827
42828
42829
42830
42831
42832
42833
42834
42924
42923
42920
42922
42921
42925
42865
42866
42867
42868
42869
42870
42871
42872
42873
42874
42875
42876
42877
42878
42879
42890
42891
42892
42893
42894
42895
42896
42897
42898
42899
42900
42901
42902
42903
42904
42905
42906
42907
42908
42909
42910
42911
42912
42913
42914
42915
42916
42917
42918
42919
42880
42881
42882
42883
42884
42885
42886
42887
42888
42889
43308
43309
43310
43311
43312
43313
43314
43315
43316
43317
43318
43319
43320
43321
43322
43323
43324
43325
43326
43327
43328
43329
43330
43331
43332
43333
43334
43335
43336
43337
43338
43339
43340
43341
43342
43343
43344
43345
43346
43347
43348
43349
43350
43351
43352
43353
43354
43355
43356
43357
43358
43359
43360
43361
43408
43406
43405
43407
43409
43391
43392
43393
43394
43395
43396
43397
43398
43399
43400
43401
43402
43403
43404
43362
43363
43364
43365
43366
43367
43368
43369
43370
43371
43372
43373
43374
43375
43376
43377
43378
43379
43380
43381
43382
43383
43384
43385
43386
43387
43388
43389
43390
43411
43412
43413
43414
43415
43416
43469
43467
43466
43468
43470
43452
43453
43454
43455
43456
43457
43458
43459
43460
43461
43462
43463
43464
43465
43423
43424
43425
43426
43427
43428
43429
43430
43431
43432
43433
43434
43435
43436
43437
43438
43439
43440
43441
43442
43443
43444
43445
43446
43447
43448
43449
43450
43451
43417
43418
43419
43420
43421
43422
43651
43652
43653
43654
43655
43656
43658
43659
43660
43661
43662
43663
43664
43665
43666
43667
43668
43673
43671
43669
43672
43674
43670
43685
43675
43676
43677
43678
43679
43680
43681
43682
43683
43684
43700
43698
43696
43699
43702
43697
43701
43686
43687
43688
43689
43690
43691
43692
43693
43694
43695
44022
44023
44024
44025
44026
44027
44028
44029
44030
44031
44032
44034
44033
44064
44065
44066
44067
44068
44069
44070
44078
44080
44079
44071
44072
44073
44074
44075
44076
44077
45026
45027
45028
45029
45030
45031
45032
45033
45034
45035
45036
45037
45038
45039
45040
45041
45042
45043
45044
45045
45046
45047
45048
45049
45050
45051
45052
45053
45069
45070
45057
45058
45059
45060
45061
45062
45063
45064
45065
45066
45067
45068
45215
45216
45217
45218
45219
45220
45221
45222
45223
45224
45225
45226
45227
45228
45229
45230
45231
45232
45233
45234
45235
45236
45237
45255
45256
45238
45239
45240
45241
45242
45243
45244
45245
45246
45247
45248
45249
45250
45251
45252
45253
45254
45283
45284
45281
45282
45264
45265
45266
45267
45268
45269
45270
45271
45272
45273
45274
45275
45276
45277
45278
45279
45280
45325
45326
45327
45328
45329
45330
45331
45332
45333
45334
45335
45336
45337
45338
45339
45358
45359
45360
45361
45362
45363
45377
45376
45378
45371
45372
45364
45365
45373
45374
45375
45366
45367
45368
45369
45370
45379
45380
45381
45382
45383
45384
45404
45403
45405
45398
45399
45385
45386
45400
45401
45402
45393
45394
45395
45396
45397
45387
45388
45389
45390
45391
45392
45453
45454
45455
45456
45457
45458
45459
45460
45461
45462
45463
45464
45465
45466
45467
45468
45484
45469
45470
45471
45472
45473
45474
45475
45476
45477
45478
45479
45480
45481
45482
45483
45919
45920
45921
45922
45923
45924
45925
45926
45935
45936
45937
45938
45939
45940
45941
45942
45943
45944
45945
45946
45947
45948
45949
45950
45951
45952
45953
45954
45960
45958
45955
45961
45959
45956
45957
45962
45963
45964
45967
45968
45969
45970
45971
45972
45973
45974
45975
45976
45977
45978
45979
45980
45981
45982
45965
45966
46008
46006
46003
46009
46007
46004
46005
46010
45983
45984
45987
45988
45989
45990
45991
45992
45993
45994
45995
45996
45997
45998
45999
46000
46001
46002
45985
45986
46168
46169
46170
46171
46172
46177
46173
46174
46175
46176
46188
46189
46190
46191
46212
46213
46309
46310
46311
46312
46313
46314
46315
46351
46352
46353
46354
46355
46356
46357
46358
46359
46360
46362
46363
46364
46365
46366
46367
46368
46369
46370
46371
46372
46373
46374
46375
46376
46377
46378
46379
46380
46381
46382
46383
46384
46385
46386
46387
46388
46389
46390
46391
46393
46394
46395
46396
46397
46398
46399
46400
46401
46402
46403
46404
46405
46406
46407
46408
46409
46410
46411
46412
46421
46424
46426
46417
46419
46427
46420
46425
46431
46416
46415
46429
46418
46413
46414
46422
46423
46428
46430
46432
46479
46478
46477
46452
46453
46454
46433
46434
46435
46436
46437
46438
46475
46476
46439
46440
46441
46442
46443
46444
46445
46446
46447
46448
46449
46450
46451
46455
46456
46457
46458
46459
46460
46461
46462
46463
46464
46465
46466
46467
46468
46469
46470
46471
46472
46473
46474
46534
46538
46540
46528
46530
46541
46531
46539
46545
46527
46526
46543
46529
46524
46525
46536
46537
46542
46544
46546
46535
46533
46532
46499
46500
46501
46480
46481
46482
46483
46484
46485
46522
46523
46486
46487
46488
46489
46490
46491
46492
46493
46494
46495
46496
46497
46498
46502
46503
46504
46505
46506
46507
46508
46509
46510
46511
46512
46513
46514
46515
46516
46517
46518
46519
46520
46521
46550
46551
46552
46553
46554
46557
46558
46559
46560
46561
46562
46563
46564
46565
46566
46569
46568
46567
46579
46580
46581
46570
46571
46572
46573
46574
46575
46576
46577
46578
46596
46592
46591
46593
46594
46595
46582
46583
46584
46585
46586
46587
46588
46589
46590
46625
46626
46627
46628
46629
46630
46631
46632
46633
46635
46634
46636
46637
46644
46645
46646
46647
46648
46655
46654
46656
46657
46649
46650
46651
46652
46653
