10766
10767
10736
10737
10738
10739
10740
10741
10742
10743
10744
10745
10746
10747
10748
10749
10750
10751
10752
10753
10754
10755
10756
10757
10758
10759
10760
10761
10762
10763
10764
10765
14409
14407
14408
14401
14402
14403
14404
14405
14406
14376
14377
14378
14379
14380
14381
14382
14383
14384
14385
14386
14387
14388
14389
14390
14391
14392
14393
14394
14395
14396
14397
14398
14399
14400
18553
18550
18551
18552
18533
18534
18535
18536
18537
18538
18539
18540
18541
18542
18543
18544
18545
18546
18547
18548
18549
21871
21859
21860
21861
21862
21863
21864
21865
21866
21867
21868
21869
21870
22697
22696
22699
22698
24789
24787
24784
24782
24780
24786
24785
24783
24781
24788
24779
29045
29051
29046
29048
29044
29052
29050
29047
29053
29049
29039
29040
29041
29042
29043
31197
31194
31196
31195
31198
31192
31193
32513
32515
32512
32514
32511
32510
42987
42977
42986
42985
42984
42983
42976
42978
42979
42980
42981
42982
42946
42947
42948
42949
42950
42951
42952
42953
42954
42955
42956
42957
42958
42959
42960
42961
42962
42963
42964
42965
42966
42967
42968
42969
42970
42971
42972
42973
42974
42975
46930
46927
46933
46929
46926
46928
46934
46932
46931
46886
46887
46888
46889
46890
46891
46892
46893
46894
46895
46896
46897
46898
46899
46900
46901
46902
46903
46904
46905
46906
46907
46908
46909
46910
46911
46912
46913
46914
46915
46916
46917
46918
46919
46920
46921
46922
46923
46924
46925
47118
47096
47121
47104
47097
47120
47106
47107
47110
47122
47124
47119
47111
47105
47102
47115
47101
47094
47113
47098
47095
47109
47103
47117
47099
47123
47100
47108
47112
47114
47116
47089
47090
47091
47092
47093
47086
47087
47088
47353
47320
47321
47322
47323
47324
47325
47326
47327
47328
47329
47330
47331
47332
47333
47334
47335
47336
47337
47338
47339
47340
47341
47342
47343
47344
47345
47346
47347
47348
47349
47350
47351
47352
48059
48058
48057
48018
48019
48020
48021
48022
48023
48024
48025
48026
48027
48028
48013
48014
48015
48016
48017
48029
48030
48031
48032
48033
48034
48035
48036
48037
48038
48039
48040
48041
48042
48043
48044
48045
48046
48047
48048
48049
48050
48051
48052
48053
48054
48055
48056
48114
48112
48113
48110
48111
49180
49181
49182
49183
49129
49130
49131
49132
49133
49134
49135
49136
49137
49138
49139
49140
49141
49142
49143
49144
49145
49146
49147
49148
49149
49150
49151
49152
49153
49154
49155
49156
49157
49158
49159
49160
49161
49162
49163
49164
49165
49166
49167
49168
49169
49170
49171
49172
49173
49174
49175
49176
49177
49178
49179
49698
49699
49697
49692
49693
49694
49695
49696
49709
49710
50352
50353
50354
50355
50337
50338
50339
50340
50341
50342
50343
50344
50345
50346
50347
50348
50349
50350
50351
50751
50750
50749
50752
50753
50748
50745
50746
50747
50830
50831
50832
50833
50834
50835
50836
50837
50838
50839
50766
50767
50768
50769
50770
50771
50772
50773
50774
50775
50776
50777
50778
50779
50780
50781
50782
50783
50784
50785
50786
50787
50788
50789
50790
50791
50792
50793
50794
50795
50796
50797
50798
50799
50800
50801
50802
50803
50804
50805
50806
50807
50808
50809
50810
50811
50812
50813
50814
50815
50816
50817
50818
50819
50820
50821
50822
50823
50824
50825
50826
50827
50828
50829
51165
51168
51178
51166
51172
51174
51169
51161
51180
51175
51179
51173
51176
51170
51163
51177
51171
51164
51162
51167
51157
51156
51158
51159
51160
264
265
266
267
268
218
219
220
221
222
223
224
225
226
227
228
229
230
231
232
233
234
235
236
237
238
239
240
241
242
243
244
245
246
247
248
249
250
251
252
253
254
255
256
257
258
259
260
261
262
263
1013
1009
1015
1016
1010
1014
1017
1006
1011
1012
1007
1008
985
986
987
974
975
981
982
983
984
976
977
978
979
980
993
994
995
996
997
988
989
990
991
992
965
966
967
968
969
970
971
972
973
961
962
963
964
998
999
1000
1001
1002
1003
1004
1005
1739
1740
1741
1650
1651
1652
1653
1654
1655
1656
1657
1658
1659
1660
1661
1662
1663
1664
1665
1666
1667
1668
1669
1670
1671
1672
1673
1674
1675
1676
1677
1678
1679
1680
1681
1682
1683
1684
1685
1686
1687
1688
1689
1690
1691
1692
1693
1694
1695
1696
1697
1698
1699
1700
1701
1702
1703
1704
1705
1706
1707
1708
1709
1710
1711
1712
1713
1714
1715
1716
1717
1718
1719
1720
1721
1722
1723
1724
1725
1726
1727
1728
1729
1730
1731
1732
1733
1734
1735
1736
1737
1738
2194
2193
2186
2187
2188
2189
2190
2191
2192
2542
2543
2544
2944
2946
2943
2945
2947
2948
2919
2920
2921
2922
2923
2924
2925
2926
2927
2928
2910
2911
2912
2913
2914
2915
2916
2917
2918
2907
2908
2909
2929
2930
2931
2932
2933
2934
2935
2936
2937
2938
2939
2940
2941
2942
4767
4762
4763
4764
4765
4766
4822
4824
4825
4829
4831
4832
4827
4839
4849
4848
4855
4854
4856
4857
4860
4861
4865
4867
4811
4812
4813
4814
4815
4816
4817
4818
4819
4820
4821
4836
4841
4863
4866
4868
4826
4823
4828
4830
4833
4834
4835
4852
4837
4838
4840
4842
4843
4844
4847
4850
4845
4846
4851
4853
4858
4859
4862
4864
4869
5109
5111
5108
5110
5106
5107
7263
7265
7264
7262
7232
7233
7234
7235
7236
7237
7238
7239
7240
7241
7242
7243
7244
7245
7246
7247
7248
7249
7250
7251
7252
7253
7254
7255
7256
7257
7258
7259
7260
7261
7474
7475
7476
7477
7478
7467
7468
7469
7470
7471
7472
7473
7822
7820
7823
7821
7804
7805
7806
7807
7808
7809
7810
7811
7812
7813
7814
7815
7816
7817
7818
7819
8331
8332
8333
8307
8308
8309
8310
8311
8312
8313
8314
8315
8316
8317
8318
8319
8320
8321
8322
8323
8324
8325
8326
8327
8328
8329
8330
9167
9168
9146
9147
9148
9149
9150
9151
9152
9153
9154
9155
9156
9157
9158
9134
9135
9136
9137
9138
9128
9129
9130
9131
9132
9133
9139
9140
9141
9142
9143
9144
9145
9159
9160
9161
9162
9163
9164
9165
9166
10351
10352
10353
10361
10362
10363
10367
10371
10372
10373
10375
10377
10347
10348
10274
10275
10276
10277
10278
10279
10280
10281
10282
10283
10284
10285
10286
10287
10288
10289
10290
10291
10292
10293
10294
10295
10296
10297
10298
10299
10300
10301
10302
10303
10304
10305
10306
10307
10308
10309
10310
10311
10312
10313
10314
10315
10316
10317
10318
10319
10320
10321
10322
10323
10324
10325
10326
10327
10328
10329
10330
10331
10332
10333
10334
10335
10336
10337
10338
10339
10340
10341
10342
10343
10344
10345
10346
10358
10350
10354
10355
10364
10356
10357
10359
10360
10365
10366
10368
10369
10370
10374
10376
10349
10846
10847
10832
10833
10834
10835
10836
10837
10838
10839
10840
10841
10842
10843
10844
10845
11717
11718
11719
12434
12441
12438
12435
12442
12436
12439
12440
12437
12429
12430
12431
12432
12433
12666
12646
12647
12648
12649
12650
12651
12652
12653
12654
12655
12656
12657
12658
12659
12660
12661
12662
12663
12664
12665
12851
12852
12853
12831
12832
12833
12834
12835
12828
12829
12830
12836
12837
12838
12839
12840
12841
12842
12843
12844
12845
12846
12847
12848
12849
12850
13879
13862
13873
13850
13881
13877
13875
13872
13853
13855
13874
13878
13857
13851
13876
13866
13854
13852
13868
13861
13869
13856
13871
13867
13870
13880
13858
13859
13860
13863
13864
13865
13828
13829
13830
13831
13832
13833
13822
13823
13824
13825
13826
13827
13814
13815
13816
13817
13818
13819
13820
13821
13834
13835
13836
13837
13838
13839
13840
13841
13842
13843
13844
13845
13846
13847
13848
13849
14216
14211
14218
14213
14215
14212
14217
14214
14205
14206
14207
14208
14209
14210
14203
14204
14196
14197
14198
14199
14200
14201
14202
14416
14415
14410
14411
14412
14413
14414
14645
14648
14646
14649
14650
14644
14647
14642
14643
14635
14636
14637
14629
14630
14631
14632
14633
14634
14638
14639
14640
14641
14657
14658
14660
14659
14705
14706
14707
14691
14692
14693
14694
14695
14696
14697
14698
14699
14700
14701
14702
14703
14704
15723
15722
15720
15724
15721
15654
15655
15656
15657
15658
15659
15660
15661
15662
15663
15664
15665
15666
15667
15668
15669
15670
15671
15672
15673
15674
15675
15676
15677
15678
15679
15708
15709
15710
15711
15712
15713
15714
15715
15716
15717
15718
15719
15680
15681
15682
15683
15684
15685
15686
15687
15688
15689
15690
15691
15692
15693
15694
15695
15696
15697
15698
15699
15700
15701
15702
15703
15704
15705
15706
15707
15844
15843
15841
15840
15842
15818
15819
15820
15821
15822
15823
15824
15825
15826
15827
15828
15829
15830
15831
15832
15833
15834
15835
15836
15837
15838
15839
17105
17104
17107
17106
17425
17371
17372
17373
17374
17375
17376
17377
17378
17379
17380
17381
17382
17383
17384
17385
17386
17387
17388
17389
17390
17391
17392
17393
17394
17395
17396
17397
17398
17399
17400
17401
17402
17403
17404
17405
17406
17407
17408
17409
17410
17411
17412
17413
17414
17415
17416
17417
17418
17419
17420
17421
17422
17423
17424
17516
17547
17538
17519
17540
17520
17541
17526
17525
17542
17539
17515
17518
17517
17521
17543
17545
17523
17522
17524
17544
17546
17527
17528
17529
17530
17531
17532
17533
17534
17536
17535
17537
17510
17511
17514
17512
17513
17834
17838
17833
17830
17832
17836
17835
17831
17837
17760
17761
17762
17763
17764
17765
17766
17767
17768
17769
17815
17816
17817
17818
17819
17820
17821
17822
17823
17824
17825
17826
17827
17828
17829
17774
17775
17776
17777
17778
17779
17780
17781
17782
17783
17784
17785
17786
17787
17770
17771
17772
17773
17788
17789
17790
17791
17792
17793
17794
17795
17796
17797
17798
17799
17800
17801
17802
17803
17804
17805
17806
17807
17808
17809
17810
17811
17812
17813
17814
18183
18184
18185
18179
18180
18181
18182
18273
18274
18763
18764
18765
18766
18740
18741
18742
18743
18744
18745
18746
18747
18748
18749
18750
18751
18752
18753
18754
18755
18756
18757
18758
18759
18760
18761
18762
18782
18783
18784
18785
18776
18777
18778
18779
18780
18781
19540
19548
19541
19547
19544
19545
19542
19539
19549
19546
19543
19520
19521
19522
19523
19524
19525
19526
19527
19528
19529
19530
19531
19532
19533
19534
19535
19536
19537
19538
19518
19519
19682
19692
19688
19696
19691
19686
19689
19695
19683
19693
19690
19694
19684
19685
19687
19681
19673
19674
19675
19676
19677
19678
19672
19667
19668
19669
19670
19671
19679
19680
21347
21348
21349
21350
21351
21333
21334
21335
21336
21337
21338
21339
21340
21341
21342
21343
21344
21345
21346
21460
21459
21463
21462
21461
21430
21431
21432
21433
21434
21435
21436
21437
21438
21439
21440
21441
21442
21443
21444
21445
21446
21447
21448
21426
21427
21428
21429
21382
21383
21384
21385
21386
21387
21388
21389
21390
21391
21392
21393
21394
21395
21396
21397
21398
21399
21400
21401
21402
21403
21404
21405
21406
21407
21408
21409
21410
21411
21412
21413
21414
21415
21416
21417
21418
21419
21420
21421
21422
21423
21424
21425
21449
21450
21451
21452
21453
21454
21455
21456
21457
21458
22643
22625
22639
22634
22622
22621
22638
22636
22627
22631
22628
22635
22624
22623
22617
22633
22626
22642
22637
22632
22640
22618
22630
22641
22629
22619
22620
22614
22615
22616
22804
22800
22801
22802
22803
23483
23484
23485
23488
23486
23487
24281
24274
24275
24276
24277
24278
24279
24280
24666
24667
24668
24652
24653
24654
24655
24656
24657
24658
24659
24660
24661
24662
24663
24664
24665
24853
24854
24852
25450
25451
25433
25434
25435
25436
25437
25438
25439
25440
25441
25442
25443
25444
25445
25446
25447
25448
25449
26510
26511
26512
26476
26477
26478
26479
26480
26481
26482
26483
26484
26485
26486
26487
26488
26489
26490
26491
26492
26493
26494
26495
26496
26497
26498
26499
26500
26501
26502
26503
26504
26505
26506
26507
26508
26509
26649
26650
26652
26651
27645
27642
27643
27644
27625
27626
27627
27628
27629
27630
27631
27632
27633
27634
27635
27636
27637
27638
27639
27640
27641
27804
27805
27806
27789
27790
27791
27792
27793
27794
27795
27796
27797
27798
27799
27800
27801
27802
27803
28294
28295
28296
28299
28298
28301
28297
28300
28284
28285
28286
28287
28288
28289
28290
28291
28292
28293
28271
28272
28273
28274
28275
28276
28277
28278
28279
28280
28281
28282
28283
28312
28313
28311
29003
29004
29005
29006
28979
28980
28981
28982
28983
28984
28985
28986
28987
28988
28989
28990
28991
28992
28993
28994
28995
28996
28997
28998
28999
29000
29001
29002
29114
29115
29116
29054
29055
29056
29057
29058
29059
29060
29061
29062
29063
29064
29065
29066
29067
29068
29069
29070
29071
29072
29073
29074
29075
29076
29077
29078
29079
29080
29081
29082
29083
29084
29085
29086
29087
29088
29089
29090
29091
29092
29093
29094
29095
29096
29097
29098
29099
29100
29101
29102
29103
29104
29105
29106
29107
29108
29109
29110
29111
29112
29113
29395
29392
29393
29394
30579
30580
30562
30563
30564
30565
30566
30567
30568
30569
30570
30571
30572
30573
30574
30575
30576
30577
30578
30648
30646
30647
30607
30608
30609
30610
30611
30612
30613
30614
30615
30616
30617
30618
30619
30620
30621
30622
30623
30624
30625
30626
30627
30628
30629
30630
30631
30632
30633
30634
30635
30636
30637
30638
30639
30640
30641
30642
30643
30644
30645
32318
32319
32320
32321
32322
32284
32285
32286
32287
32288
32289
32290
32291
32292
32293
32294
32295
32296
32297
32298
32299
32300
32301
32302
32303
32304
32305
32306
32307
32308
32309
32310
32311
32312
32313
32314
32315
32316
32317
32448
32446
32449
32445
32447
32429
32430
32431
32432
32433
32434
32435
32436
32441
32442
32443
32444
32418
32419
32420
32421
32422
32423
32424
32425
32426
32427
32428
32437
32438
32439
32440
32410
32411
32412
32413
32414
32415
32416
32417
33250
33251
33249
33247
33248
33252
33226
33227
33228
33229
33230
33231
33232
33233
33234
33235
33236
33237
33238
33239
33240
33241
33242
33243
33244
33245
33246
33647
33648
33649
33586
33587
33588
33589
33590
33591
33592
33593
33594
33595
33596
33597
33598
33599
33600
33601
33602
33603
33604
33605
33606
33607
33608
33609
33610
33611
33612
33613
33614
33615
33616
33617
33618
33619
33620
33621
33622
33623
33624
33625
33626
33627
33628
33629
33630
33631
33632
33633
33634
33635
33636
33637
33638
33639
33640
33641
33642
33643
33644
33645
33646
33977
33978
33976
33968
33969
33965
33966
33967
33970
33971
33972
33973
33974
33975
34236
34234
34235
34233
34223
34224
34225
34226
34227
34228
34229
34230
34231
34232
34841
34842
34796
34797
34798
34799
34800
34801
34802
34803
34804
34805
34806
34807
34808
34809
34810
34811
34812
34813
34814
34815
34816
34817
34818
34819
34820
34821
34822
34823
34824
34825
34826
34827
34828
34829
34830
34831
34832
34833
34834
34835
34836
34837
34838
34839
34840
35117
35114
35115
35116
35118
35119
35113
35112
36558
36559
36876
36877
36869
36870
36871
36872
36873
36874
36875
37221
37223
37219
37220
37222
37224
37218
37225
37194
37195
37196
37197
37198
37199
37200
37201
37202
37203
37204
37205
37206
37207
37211
37212
37213
37214
37215
37216
37217
37208
37209
37210
37557
37554
37558
37556
37555
37560
37559
37549
37550
37551
37552
37553
37511
37512
37513
37514
37515
37516
37517
37518
37519
37520
37521
37522
37523
37524
37525
37526
37527
37528
37529
37530
37531
37532
37533
37534
37535
37536
37537
37538
37539
37540
37541
37542
37543
37544
37545
37546
37547
37548
37876
37877
37878
37875
37864
37865
37866
37867
37868
37869
37870
37871
37872
37873
37874
37856
37857
37858
37859
37860
37861
37862
37863
37904
37902
37903
37941
37938
37939
37937
37940
37942
37936
37927
37928
37929
37930
37931
37932
37933
37934
37935
38306
38305
38307
38301
38304
38303
38302
38298
38299
38300
38286
38287
38288
38289
38290
38291
38292
38293
38294
38295
38296
38297
38284
38285
38841
38836
38837
38839
38842
38840
38844
38845
38843
38838
38835
38831
38832
38833
38834
38826
38827
38828
38829
38830
38824
38825
39169
39176
39175
39171
39172
39168
39174
39173
39170
39152
39153
39154
39155
39156
39157
39158
39159
39160
39161
39162
39163
39164
39165
39166
39167
39143
39144
39145
39146
39147
39148
39149
39150
39151
39839
39840
41081
41083
41078
41082
41080
41079
41025
41026
41027
41028
41029
41030
41031
41032
41033
41034
41035
41050
41051
41052
41053
41054
41055
41056
41057
41058
41059
41060
41061
41062
41015
41016
41017
41018
41019
41020
41021
41022
41023
41024
41036
41037
41038
41039
41040
41041
41042
41043
41044
41045
41046
41047
41048
41049
41063
41064
41065
41066
41067
41068
41069
41070
41071
41072
41073
41074
41075
41076
41077
41546
41548
41547
41537
41538
41539
41540
41541
41542
41543
41544
41545
41883
41881
41882
41884
41880
41879
41868
41869
41870
41871
41872
41873
41874
41875
41876
41877
41878
42456
42457
42442
42443
42444
42445
42446
42447
42448
42449
42450
42451
42452
42453
42454
42455
43647
43646
43650
43649
43648
43635
43636
43637
43638
43639
43640
43641
43642
43643
43644
43645
44019
44020
44021
44016
44017
44018
45019
45023
45022
45024
45020
45025
45021
44984
44985
44986
44987
44988
44989
44990
44991
44992
44993
44994
45010
45011
45012
45013
45014
45015
45016
45017
45018
45001
45002
45003
45004
45005
45006
45007
45008
45009
44995
44996
44997
44998
44999
45000
45213
45214
45212
45203
45204
45205
45206
45207
45208
45209
45210
45211
45319
45324
45320
45322
45321
45323
45285
45286
45287
45293
45294
45295
45296
45297
45288
45289
45290
45291
45292
45298
45299
45300
45301
45302
45303
45304
45305
45306
45307
45308
45309
45310
45311
45312
45313
45314
45315
45316
45317
45318
46166
46165
46164
46167
46153
46154
46155
46156
46157
46158
46159
46160
46161
46162
46163
46183
46184
46187
46185
46186
46182
46178
46179
46180
46181
46296
46291
46292
46305
46295
46301
46294
46307
46299
46306
46308
46302
46300
46304
46293
46298
46303
46297
46273
46274
46275
46276
46277
46278
46279
46280
46281
46282
46220
46221
46222
46223
46224
46225
46226
46227
46228
46229
46230
46231
46232
46283
46284
46285
46286
46287
46288
46289
46290
46214
46215
46216
46217
46218
46219
46233
46234
46235
46236
46237
46238
46239
46240
46241
46242
46243
46244
46245
46246
46247
46248
46249
46250
46251
46252
46253
46254
46255
46256
46257
46258
46259
46260
46261
46262
46263
46264
46265
46266
46267
46268
46269
46270
46271
46272
46621
46622
46624
46623
