2970
4581
5244
6361
7788
8894
8895
8896
8897
8898
8899
8900
8901
8902
8903
8904
8905
8906
8907
8908
8909
8910
10138
10139
10140
10141
10142
10143
10144
10145
10146
10147
10148
10149
10150
10151
10152
10153
10154
10883
10884
12141
12142
12143
12107
12108
12109
12110
12111
12112
12113
12114
12115
12116
12117
12118
12119
12120
12121
12122
12123
12124
12125
12126
12127
12128
12129
12130
12131
12132
12133
12134
12135
12136
12137
12138
12139
12140
13135
13136
13137
13138
13139
13101
13102
13103
13104
13105
13106
13107
13108
13109
13110
13111
13112
13113
13114
13115
13116
13117
13118
13119
13120
13121
13122
13123
13124
13125
13126
13127
13128
13129
13130
13131
13132
13133
13134
14661
15450
16455
17369
18278
18279
18280
18281
18282
18283
18284
18285
19116
19117
19118
19119
20026
20027
21061
21060
21063
21062
21052
21053
21054
21055
21056
21057
21058
21059
22006
22007
22008
22009
22010
22011
22732
22731
22734
22733
22721
22722
22723
22724
22725
22726
22727
22728
22717
22718
22719
22720
22729
22730
1092
1272
1846
2087
2179
2267
2357
2480
2607
2878
2879
2880
2881
2882
2883
2884
2885
2886
2887
2971
2972
2973
2974
2975
2976
2977
2978
2979
2980
2981
2982
2983
2984
2985
2986
2987
3132
3133
3134
3135
3136
3137
3138
3139
3140
3141
3142
3143
3144
3145
3146
3147
3246
3245
3247
3244
3538
3540
3541
3537
3539
3527
3528
3529
3530
3531
3532
3533
3534
3535
3536
3510
3511
3512
3513
3514
3515
3516
3517
3518
3519
3520
3521
3522
3523
3524
3525
3526
3494
3495
3496
3497
3498
3499
3500
3501
3502
3503
3504
3505
3506
3507
3508
3509
3967
3963
3970
3962
3965
3968
3969
3964
3966
3952
3953
3954
3955
3956
3957
3958
3959
3960
3961
3935
3936
3937
3938
3939
3940
3941
3942
3943
3944
3945
3946
3947
3948
3949
3950
3951
3919
3920
3921
3922
3923
3924
3925
3926
3927
3928
3929
3930
3931
3932
3933
3934
6120
6196
6257
6362
6437
6640
6894
7032
7231
7349
7416
7484
7506
7507
7508
7509
7510
7511
7512
7513
7514
7515
7516
7517
7518
7519
7789
7790
7791
7792
7793
7794
7795
7796
7797
7798
7799
7800
7801
7802
7803
7884
7882
7885
7883
7953
7947
7946
7951
7949
7952
7948
7950
7932
7933
7934
7935
7936
7937
7938
7939
7940
7941
7942
7943
7944
7945
7917
7918
7919
7920
7921
7922
7923
7924
7925
7926
7927
7928
7929
7930
7931
8102
8093
8103
8095
8101
8094
8092
8099
8097
8100
8096
8098
8078
8079
8080
8081
8082
8083
8084
8085
8086
8087
8088
8089
8090
8091
8063
8064
8065
8066
8067
8068
8069
8070
8071
8072
8073
8074
8075
8076
8077
8456
8576
8714
8818
8846
9046
9047
9209
9208
9210
9327
9328
9325
9326
9573
9572
9574
9571
9575
9569
9570
9649
9784
9940
10155
10156
10157
10158
10159
10160
10161
10162
10163
10164
10165
10166
10246
10247
10248
10249
10250
10251
10252
10253
10254
10255
10256
10257
10258
10259
10386
10387
10388
10389
10390
10391
10392
10393
10411
10412
10413
10414
10415
10416
10417
10418
10419
10420
10453
10455
10454
10474
10475
10476
10477
10478
10479
10480
10481
10482
10483
10484
10485
10486
10487
10488
10489
10490
10491
10492
10493
10494
10495
10496
10497
10498
10499
10466
10467
10468
10469
10470
10471
10472
10473
10500
10501
10502
10503
10504
10505
10506
10507
10508
10509
10637
10639
10638
10601
10602
10603
10604
10605
10606
10607
10608
10609
10610
10611
10612
10613
10614
10615
10616
10617
10618
10619
10620
10621
10622
10623
10624
10625
10626
10593
10594
10595
10596
10597
10598
10599
10600
10627
10628
10629
10630
10631
10632
10633
10634
10635
10636
11722
11813
12059
12075
12144
12182
12183
12184
12185
12260
12261
12262
12263
12264
12265
12266
12267
12268
12269
12270
12271
12272
12421
12422
12423
12424
12425
12426
12427
12428
12459
12458
12456
12457
12460
12452
12453
12454
12455
12532
12533
12534
12535
12536
12537
12538
12539
12540
12541
12542
12543
12544
12545
12546
12547
12548
12549
12550
12551
12552
12696
12695
12693
12694
12697
12681
12682
12683
12684
12668
12669
12670
12671
12672
12673
12674
12675
12676
12677
12678
12679
12680
12685
12686
12687
12688
12689
12690
12691
12692
13900
13992
14050
14051
14114
14115
14116
14117
14138
14137
14135
14136
14220
14221
14222
14223
14248
14247
14241
14242
14243
14244
14245
14246
14543
14662
14690
14721
14839
14840
14841
14842
14843
14844
14845
14846
14847
14848
14849
14850
14887
14888
14936
14937
14924
14925
14926
14927
14928
14929
14930
14931
14932
14933
14934
14935
15035
15036
15037
15038
15023
15024
15025
15026
15027
15028
15029
15030
15031
15032
15033
15034
15238
15357
15451
15559
15560
15561
15562
15563
15564
15565
15566
15567
15568
15569
15570
15571
15572
15573
15574
15575
15576
15577
15578
15579
15580
15581
15582
15583
15584
15585
15586
15587
15729
15730
15731
15732
15733
15734
15735
15780
15781
15782
15783
15784
15785
15786
15787
15848
15847
15922
15878
15879
15880
15881
15882
15883
15884
15885
15886
15887
15888
15889
15890
15891
15892
15893
15894
15895
15896
15897
15898
15899
15900
15901
15902
15903
15904
15905
15906
15907
15908
15909
15910
15911
15912
15913
15914
15915
15916
15917
15918
15919
15920
15921
16024
16022
16023
15978
15979
15980
15981
15982
15983
15984
15985
15986
15987
15988
15989
15990
15991
15992
15993
15994
15995
15996
15997
15998
15999
16000
16001
16002
16003
16004
16005
16006
16007
16008
16009
16010
16011
16012
16013
16014
16015
16016
16017
16018
16019
16020
16021
20410
20576
20840
20883
20924
20925
20926
20927
20953
20954
21029
21028
21024
21025
21026
21027
21068
21069
21071
21070
21064
21065
21066
21067
27160
27393
27394
27395
27396
27397
27398
27399
27400
27401
27402
27403
27404
27405
27406
27407
27408
27409
27410
27411
27412
27413
27414
27415
27416
27417
27418
27419
27420
27421
27422
27523
27524
27525
27526
27527
27528
27529
27530
27531
27532
27533
27534
27535
27536
27537
27538
27539
27540
27541
27542
27543
27588
27589
27590
27591
27592
27593
27594
27595
27596
27597
27598
27599
27600
27601
27602
27603
27604
27605
27606
27607
27608
27609
27610
27611
27612
27613
27614
27615
27616
27617
27667
27668
27669
27670
27671
27811
27812
27813
27814
27815
27816
27817
27818
27819
27820
27821
27822
27823
28016
28017
28018
28019
28020
28021
28022
28023
28024
28025
28026
28027
28028
28029
28030
28031
28032
28033
28034
28035
28036
28037
28038
28039
28040
28041
28042
28043
28044
28085
28086
28087
28088
28089
28090
28091
28092
28093
28094
28095
28096
28097
28098
28099
28100
28101
28102
28103
28104
28105
28106
28107
28108
28109
28110
28111
28112
28113
28114
28135
28136
28137
28138
28139
28140
28141
28142
28143
28144
28145
28146
28147
28148
28149
28150
28151
28152
28153
28154
28155
28156
28157
28158
28159
28160
28161
28162
28214
28215
28216
28217
28218
28219
28220
28221
28222
28223
28224
28225
28226
28227
28228
28344
28314
28315
28316
28317
28318
28319
28320
28321
28322
28323
28324
28325
28326
28327
28328
28329
28330
28331
28332
28333
28334
28335
28336
28337
28338
28339
28340
28341
28342
28343
28352
28353
28354
28355
28356
28357
28358
28359
28360
28361
28362
28363
28364
28365
28366
28367
28368
28369
28370
28371
28372
28373
28374
28375
28376
28377
28378
28379
28380
28381
28382
28383
28384
28385
28386
28387
28388
28389
28390
28391
28392
28393
28394
28395
28396
28397
28398
28399
28400
28401
28402
28403
28404
28405
28406
28407
28408
28409
28410
28411
28412
28413
28414
28415
28416
28417
28418
28419
28420
28421
28422
28423
28424
28425
28426
28427
28428
28429
28430
28431
28432
28433
28434
28435
28436
28437
28438
28439
28440
28441
28442
28443
28444
28445
28446
28447
28448
28449
28450
28451
28452
28453
28454
28455
28456
28457
28458
28459
28460
28461
28462
28463
28464
28465
28466
28467
28468
28469
28470
28471
28472
28473
28474
28475
28476
28477
28478
28479
28480
28481
28482
28483
28484
28485
28486
28487
28488
28489
28490
28491
28492
28493
28494
28495
28496
28497
28498
28499
28500
28501
28502
28503
28504
28505
28506
28507
28508
28509
28510
28511
28512
28513
28514
28515
28516
28517
28518
28519
28520
28521
28522
28869
28668
28669
28670
28671
28672
28673
28674
28675
28676
28677
28678
28679
28680
28681
28682
28683
28684
28685
28686
28687
28688
28689
28690
28691
28692
28693
28694
28695
28696
28697
28698
28699
28700
28701
28702
28703
28704
28705
28706
28707
28708
28709
28710
28711
28712
28713
28714
28715
28716
28717
28718
28719
28720
28721
28722
28723
28724
28725
28726
28727
28728
28729
28730
28731
28732
28733
28734
28735
28736
28737
28738
28739
28740
28741
28742
28743
28744
28745
28746
28747
28748
28749
28750
28751
28752
28753
28754
28755
28756
28757
28758
28759
28760
28761
28762
28763
28764
28765
28766
28767
28768
28769
28770
28771
28772
28773
28774
28775
28776
28777
28778
28779
28780
28781
28782
28783
28784
28785
28786
28787
28788
28789
28790
28791
28792
28793
28794
28795
28796
28797
28798
28799
28800
28801
28802
28803
28804
28805
28806
28807
28808
28809
28810
28811
28812
28813
28814
28815
28816
28817
28818
28819
28820
28821
28822
28823
28824
28825
28826
28827
28828
28829
28830
28831
28832
28833
28834
28835
28836
28837
28838
28839
28840
28841
28842
28843
28844
28845
28846
28847
28848
28849
28850
28851
28852
28853
28854
28855
28856
28857
28858
28859
28860
28861
28862
28863
28864
28865
28866
28867
28868
29346
29396
29430
29571
29745
29931
30092
30250
30356
30385
30436
30483
30534
30535
30536
30537
30538
30539
30596
30597
30598
30599
30600
30601
30602
30728
30729
30959
30962
30955
30958
30961
30956
30954
30960
30963
30957
30948
30949
30950
30951
30952
30953
30941
30942
30943
30944
30945
30946
30947
31137
31139
31138
31142
31133
31136
31141
31134
31132
31140
31143
31135
31126
31127
31128
31129
31130
31131
31119
31120
31121
31122
31123
31124
31125
31245
31283
31284
31285
31286
31287
31288
31375
31376
31377
31534
31528
31529
31530
31531
31532
31533
31578
31579
31580
31664
31655
31656
31657
31658
31659
31660
31661
31662
31663
31885
31925
32005
32050
32051
32052
32053
32054
32055
32056
32057
32058
32059
32060
32061
32062
32063
32064
32065
32066
32067
32068
32069
32070
32071
32072
32073
32100
32101
32102
32103
32104
32105
32106
32107
32108
32109
32110
32111
32112
32166
32167
32168
32196
32197
32198
32199
32200
32201
32202
32203
32204
32205
32206
32207
32208
32209
32210
32211
32212
32213
32214
32215
32216
32217
32218
32219
32220
32221
32222
32223
32224
32225
32226
32227
32228
32229
32230
32231
32232
32487
32488
32489
32450
32451
32452
32453
32454
32455
32456
32457
32458
32459
32460
32461
32462
32463
32464
32465
32466
32467
32468
32469
32470
32471
32472
32473
32474
32475
32476
32477
32478
32479
32480
32481
32482
32483
32484
32485
32486
33986
34068
34186
34240
34299
34352
34353
34398
34498
34643
34708
34845
34909
34910
34911
34912
34958
34959
34960
34961
34962
34963
34964
34965
34966
34967
34968
34969
35068
35069
35150
35143
35148
35149
35152
35146
35145
35151
35144
35147
35127
35128
35129
35130
35131
35132
35133
35134
35135
35136
35137
35138
35139
35140
35141
35142
35229
35232
35233
35224
35230
35231
35235
35227
35226
35234
35225
35228
35208
35209
35210
35211
35212
35213
35214
35215
35216
35217
35218
35219
35220
35221
35222
35223
36670
36682
36835
36836
36837
36838
36839
36840
36841
36863
36864
36865
36866
36867
36868
36909
36910
36911
36912
36913
36914
36992
36993
36994
36980
36981
36982
36983
36984
36985
36986
36987
36988
36989
36990
36991
37014
37015
37016
37017
37018
37019
37093
37094
37095
37075
37076
37077
37078
37079
37080
37081
37082
37083
37084
37085
37086
37087
37088
37089
37090
37091
37092
38606
38661
38671
38848
38873
38874
38875
38896
38939
38940
38941
38942
39198
39272
39310
39311
39312
39313
39314
39315
39316
39317
39318
39319
39320
39321
39322
39323
39324
39325
39379
39380
39381
39382
39383
39384
39385
39386
39387
39388
39389
39390
39391
39392
39435
39434
39418
39419
39420
39421
39422
39423
39424
39425
39426
39427
39428
39429
39430
39431
39432
39433
39525
39526
39527
39528
39529
39530
39531
39532
39533
39534
39535
39536
39537
39538
39617
39616
39600
39601
39602
39603
39604
39605
39606
39607
39608
39609
39610
39611
39612
39613
39614
39615
39586
39587
39588
39589
39590
39591
39592
39593
39594
39595
39596
39597
39598
39599
41516
41562
41600
41630
41709
41710
41711
41712
41713
41714
41715
41716
41717
41718
41719
41720
41721
41722
41723
41724
41725
41726
41727
41728
41729
41730
41731
41732
41733
41734
41735
41736
41737
41738
41848
41849
41923
41924
41893
41894
41895
41896
41897
41898
41899
41900
41901
41902
41903
41904
41905
41906
41907
41908
41909
41910
41911
41912
41913
41914
41915
41916
41917
41918
41919
41920
41921
41922
42032
42033
42034
42035
42002
42003
42004
42005
42006
42007
42008
42009
42010
42011
42012
42013
42014
42015
42016
42017
42018
42019
42020
42021
42022
42023
42024
42025
42026
42027
42028
42029
42030
42031
46938
46939
46940
46941
46942
46943
46944
46945
46946
46951
46952
46953
46954
46955
46956
46957
46958
46959
46960
46961
46962
46963
46964
46965
46966
46967
46968
46969
46970
46971
46972
46973
46974
46975
46976
46977
46978
46979
46980
46981
46982
46983
46984
46985
46986
46987
46988
46989
46997
46998
46992
46990
46995
46991
46996
46993
46994
47027
47028
47029
47030
47031
46999
47000
47001
47002
47003
47004
47005
47021
47022
47023
47024
47025
47026
47006
47007
47008
47009
47010
47011
47012
47013
47014
47015
47016
47017
47018
47019
47020
47032
47033
47034
47035
47036
47037
47084
47085
47079
47077
47082
47078
47083
47080
47081
47066
47067
47068
47069
47070
47038
47039
47040
47041
47042
47043
47044
47060
47061
47062
47063
47064
47065
47045
47046
47047
47048
47049
47050
47051
47052
47053
47054
47055
47056
47057
47058
47059
47071
47072
47073
47074
47075
47076
47842
47843
47844
47845
47846
47847
47848
47849
47850
47851
47856
47857
47858
47859
47860
47861
47862
47863
47864
47865
47866
47867
47868
47869
47870
47871
47872
47873
47874
47875
47876
47877
47878
47879
47880
47885
47883
47882
47881
47884
47886
47913
47915
47912
47914
47887
47888
47889
47890
47891
47892
47893
47894
47895
47896
47897
47898
47899
47900
47901
47902
47903
47904
47905
47906
47907
47908
47909
47910
47911
47949
47947
47945
47943
47948
47950
47942
47946
47941
47944
47916
47917
47918
47919
47920
47921
47922
47923
47924
47925
47926
47927
47928
47929
47930
47931
47932
47933
47934
47935
47936
47937
47938
47939
47940
47953
47954
47955
47956
47957
47958
47971
47972
47973
47974
47975
47976
47977
47978
47979
47980
47984
47985
47986
47981
47982
47983
47987
47988
47989
47990
47991
47992
47993
47994
47995
47996
48010
48011
48012
47997
47998
47999
48000
48001
48002
48003
48004
48005
48006
48007
48008
48009
48115
48116
48117
48118
48119
48137
48138
48139
48140
48141
48142
48143
48144
48145
48146
48147
48148
48149
48150
48151
48152
48153
48154
48155
48156
48157
48158
48159
48160
48161
48162
48185
48183
48184
48163
48164
48165
48166
48167
48168
48169
48170
48171
48172
48173
48174
48175
48176
48177
48178
48179
48180
48181
48182
48208
48209
48210
48212
48211
48206
48207
48186
48187
48188
48189
48190
48191
48192
48193
48194
48195
48196
48197
48198
48199
48200
48201
48202
48203
48204
48205
48663
48664
48665
48666
48668
48669
48670
48671
48672
48673
48674
48675
48676
48677
48678
48679
48680
48681
48682
48683
48684
48685
48686
48687
48688
48689
48690
48691
48692
48693
48694
48695
48696
48697
48698
48699
48700
48701
48702
48712
48713
48714
48715
48716
48717
48718
48703
48704
48705
48706
48707
48708
48709
48710
48711
48719
48720
48721
48722
48723
48724
48725
48726
48727
48728
48729
48730
48731
48732
48733
48734
48735
48736
48737
48738
48739
48740
48741
48774
48775
48776
48777
48778
48779
48780
48742
48743
48744
48745
48746
48747
48748
48749
48750
48751
48752
48753
48754
48755
48756
48757
48758
48759
48760
48761
48762
48763
48764
48765
48766
48767
48768
48769
48770
48771
48772
48773
49224
49225
49226
49227
49229
49228
49230
49231
49235
49232
49233
49234
49329
49330
49335
49336
49337
49338
49339
49340
49341
49342
49343
49344
49350
49351
49352
49353
49354
49355
49356
49357
49358
49359
49360
49361
49362
49363
49364
49365
49366
49367
49368
49369
49370
49371
49372
49373
49374
49375
49376
49377
49378
49379
49380
49381
49382
49383
49384
49385
49386
49387
49388
49389
49390
49391
49392
49393
49394
49395
49398
49396
49397
49445
49446
49447
49448
49449
49450
49451
49452
49453
49399
49400
49401
49402
49403
49404
49405
49406
49407
49408
49409
49410
49411
49412
49413
49414
49415
49416
49417
49418
49419
49420
49421
49422
49423
49424
49425
49426
49427
49428
49429
49430
49431
49432
49433
49434
49435
49436
49437
49438
49439
49440
49441
49442
49443
49444
49511
49509
49510
49500
49501
49502
49503
49504
49505
49506
49507
49508
49454
49455
49456
49457
49458
49459
49460
49461
49462
49463
49464
49465
49466
49467
49468
49469
49470
49471
49472
49473
49474
49475
49476
49477
49478
49479
49480
49481
49482
49483
49484
49485
49486
49487
49488
49489
49490
49491
49492
49493
49494
49495
49496
49497
49498
49499
49544
49545
49546
49547
49548
49549
49550
49551
49552
49553
49554
49555
49556
49557
49558
49559
49560
49561
49562
49563
49566
49567
49568
49569
49570
49571
49572
49573
49574
49575
49576
49577
49578
49579
49580
49581
49582
49583
49584
49585
49603
49604
49605
49586
49587
49588
49589
49590
49591
49592
49593
49594
49595
49596
49597
49598
49599
49600
49601
49602
50356
50357
50358
50359
50360
50361
50362
50363
50364
50365
50366
50367
50368
50369
50370
50371
50372
50373
50374
50376
50377
50394
50378
50379
50380
50381
50382
50383
50384
50385
50386
50387
50388
50389
50390
50391
50392
50393
50411
50412
50413
50395
50396
50397
50398
50399
50400
50401
50402
50403
50404
50405
50406
50407
50408
50409
50410
50445
50446
50447
50448
50449
50450
50451
50452
50453
50454
50455
50456
50457
50458
50459
50460
50461
50462
50463
50464
50465
50466
50467
50468
50469
50470
50471
50472
50473
50474
50475
50476
50477
50478
50479
50480
50482
50481
50515
50514
50513
50516
50483
50484
50485
50486
50487
50488
50489
50490
50491
50492
50493
50494
50495
50496
50504
50505
50506
50507
50508
50509
50510
50511
50512
50497
50498
50499
50500
50501
50502
50503
50552
50548
50550
50549
50547
50551
50517
50518
50519
50520
50521
50522
50523
50524
50525
50526
50527
50528
50529
50530
50538
50539
50540
50541
50542
50543
50544
50545
50546
50531
50532
50533
50534
50535
50536
50537
51008
51010
51011
51012
51013
51014
51015
51016
51017
51018
51023
51022
51024
51019
51020
51021
51029
51032
51030
51028
51031
51025
51026
51027
51065
51067
51068
51069
51070
51071
51072
51073
51074
51075
51076
51077
51078
51079
51080
51081
51082
51083
51084
51085
51086
51087
51088
51089
51090
51091
51092
51093
51094
51095
51096
51097
51098
51099
51100
51101
51102
51103
51104
51105
51106
51107
51108
51109
51110
51111
51112
51113
51114
51115
51116
51117
51118
51119
51120
51121
51122
51123
51124
51125
51154
51155
51126
51127
51128
51129
51130
51131
51132
51133
51134
51135
51136
51137
51138
51139
51140
51141
51142
51143
51144
51145
51146
51147
51148
51149
51150
51151
51152
51153
269
270
271
272
273
274
276
277
278
279
280
281
282
283
284
285
286
287
288
289
290
291
292
293
294
295
296
297
298
299
300
301
302
303
304
305
306
307
308
309
310
311
312
313
314
315
316
317
318
319
320
321
322
323
324
325
326
327
328
329
330
331
332
333
334
335
336
337
338
339
340
341
342
343
347
344
345
346
416
417
348
349
350
351
352
353
354
355
356
357
358
359
360
361
362
363
364
365
366
367
368
369
370
371
372
373
374
375
376
377
378
379
380
381
382
383
384
385
386
387
388
389
390
391
392
393
394
395
396
397
398
399
400
401
402
403
404
405
406
407
408
409
410
411
412
413
414
415
491
486
487
488
489
490
418
419
420
421
422
423
424
425
426
427
428
429
430
431
432
433
434
435
436
437
438
439
440
441
442
443
444
445
446
447
448
449
450
451
452
453
454
455
456
457
458
459
460
461
462
463
464
465
466
467
468
469
470
471
472
473
474
475
476
477
478
479
480
481
482
483
484
485
766
767
768
769
770
771
772
773
774
775
776
777
778
779
780
781
782
783
784
785
786
787
788
789
790
791
792
793
794
795
796
797
798
799
800
801
802
803
804
805
806
807
808
809
810
811
812
813
814
885
879
880
881
882
883
884
841
842
843
844
845
846
847
848
849
850
851
852
853
854
855
856
857
858
859
860
861
862
863
864
865
866
867
868
869
870
871
872
873
874
875
876
877
878
886
887
888
889
938
932
933
934
935
936
937
890
891
892
893
894
895
896
897
898
899
900
901
902
903
904
905
906
907
908
909
910
911
912
913
914
915
916
917
918
919
920
921
922
923
924
925
926
927
928
929
930
931
960
2358
2359
2360
2361
2362
2363
2364
2365
2366
2367
2368
2369
2370
2371
2372
2373
2374
2375
2376
2377
2378
2379
2380
2381
2382
2383
2384
2385
2386
2387
2388
2389
2390
2391
2392
2393
2394
2395
2396
2397
2398
2399
2400
2401
2402
2403
2404
2405
2406
2407
2408
2409
2410
2411
2412
2413
2414
2415
2416
2417
2418
2449
2450
2451
2452
2419
2420
2421
2422
2423
2424
2425
2426
2427
2428
2429
2430
2431
2432
2433
2434
2435
2436
2437
2438
2439
2440
2441
2442
2443
2444
2445
2446
2447
2448
2453
2454
2455
2456
2457
2458
2459
2460
2461
2462
2463
2464
2465
2466
2467
2468
2469
2470
2471
2472
2473
2474
2475
2476
2477
2478
2479
2538
2539
2540
2541
2481
2482
2483
2484
2485
2486
2487
2488
2489
2490
2491
2492
2493
2494
2495
2496
2497
2498
2499
2500
2501
2502
2503
2504
2505
2506
2507
2508
2509
2510
2511
2512
2513
2514
2515
2516
2517
2518
2519
2520
2521
2522
2523
2524
2525
2526
2527
2528
2529
2530
2531
2532
2533
2534
2535
2536
2537
2545
2546
2547
2548
2549
2550
2551
2552
2553
2554
2555
2556
2557
2558
2559
2560
2561
2562
2563
2564
2565
2566
2567
2568
2569
2570
2571
2572
2573
2574
2575
2576
2577
2578
2579
2580
2581
2582
2583
2584
2585
2586
2587
2588
2589
2590
2591
2592
2593
2594
2595
2596
2597
2598
2599
2600
2601
2602
2603
2604
2605
2606
2608
2609
2610
2611
2612
2613
2614
2615
2616
2617
2618
2619
2620
2621
2622
2623
2624
2625
2626
2627
2628
2629
2630
2631
2632
2633
2634
2635
2636
2637
2638
2639
2726
2727
2728
2729
2640
2641
2642
2643
2644
2645
2646
2647
2648
2649
2650
2651
2652
2653
2654
2655
2656
2657
2658
2659
2660
2661
2662
2663
2664
2665
2666
2667
2668
2669
2670
2671
2672
2673
2674
2675
2676
2677
2678
2679
2680
2681
2682
2683
2684
2685
2686
2687
2688
2689
2690
2691
2692
2693
2694
2695
2696
2697
2698
2699
2700
2701
2702
2703
2704
2705
2706
2707
2708
2709
2710
2711
2712
2713
2714
2715
2716
2717
2718
2719
2720
2721
2722
2723
2724
2725
2816
2817
2818
2819
2820
2821
2730
2731
2732
2733
2734
2735
2736
2737
2738
2739
2740
2741
2742
2743
2744
2745
2746
2747
2748
2749
2750
2751
2752
2753
2754
2755
2756
2757
2758
2759
2760
2761
2762
2763
2764
2765
2766
2767
2768
2769
2770
2771
2772
2773
2774
2775
2776
2777
2778
2779
2780
2781
2782
2783
2784
2785
2786
2787
2788
2789
2790
2791
2792
2793
2794
2795
2796
2797
2798
2799
2800
2801
2802
2803
2804
2805
2806
2807
2808
2809
2810
2811
2812
2813
2814
2815
3197
3198
3199
3200
3201
3202
3203
3204
3205
3206
3207
3208
3209
3210
3211
3212
3213
3214
3215
3216
3217
3218
3219
3220
3221
3222
3223
3224
3225
3226
3227
3228
3229
3230
3231
3232
3233
3234
3235
3236
3237
3238
3239
3240
3241
3242
3243
3248
3249
3250
3294
3251
3252
3253
3254
3255
3256
3257
3258
3259
3260
3261
3262
3263
3264
3265
3266
3267
3268
3269
3270
3271
3272
3273
3274
3275
3276
3277
3278
3279
3280
3281
3282
3283
3284
3285
3286
3287
3288
3289
3290
3291
3292
3293
3338
3339
3340
3341
3295
3296
3297
3298
3299
3300
3301
3302
3303
3304
3305
3306
3307
3308
3309
3310
3311
3312
3313
3314
3315
3316
3317
3318
3319
3320
3321
3322
3323
3324
3325
3326
3327
3328
3329
3330
3331
3332
3333
3334
3335
3336
3337
3393
3394
3395
3396
3397
3398
3399
3400
3401
3402
3403
3404
3405
3406
3407
3408
3409
3410
3411
3412
3413
3414
3415
3416
3417
3418
3419
3420
3421
3422
3423
3424
3425
3426
3427
3428
3429
3430
3431
3432
3433
3434
3435
3436
3437
3438
3439
3440
3441
3442
3443
3444
3445
3446
3447
3448
3449
3450
3451
3452
3453
3454
3455
3456
3457
3458
3459
3460
3461
3462
3463
3464
3465
3466
3467
3468
3469
3470
3471
3472
3473
3474
3475
3476
3477
3478
3479
3480
3481
3482
3483
3484
3485
3486
3487
3488
3489
3490
3491
3492
3493
3542
3543
3544
3545
3546
3547
3548
3549
3550
3551
3552
3553
3554
3555
3556
3557
3558
3559
3560
3561
3562
3563
3564
3565
3566
3567
3568
3569
3570
3571
3572
3573
3574
3575
3576
3577
3578
3579
3580
3581
3582
3583
3584
3585
3586
3587
3588
3589
3648
3647
3590
3591
3592
3593
3594
3595
3596
3597
3598
3599
3600
3601
3602
3603
3604
3605
3606
3607
3608
3609
3610
3611
3612
3613
3614
3615
3616
3617
3618
3619
3620
3621
3622
3623
3624
3625
3626
3627
3628
3629
3630
3631
3632
3633
3634
3635
3636
3637
3638
3639
3640
3641
3642
3643
3644
3645
3646
3649
3650
3651
3652
3653
3654
3655
3656
3657
3658
3659
3660
3661
3662
3663
3664
3665
3666
3667
3668
3669
3670
3671
3672
3673
3674
3675
3676
3677
3678
3679
3680
3681
3682
3683
3684
3685
3686
3687
3688
3689
3690
3691
3692
3693
3694
3695
3696
3697
3698
3699
3700
3701
3702
3703
3704
3705
3706
3707
3708
3709
3710
3711
3712
3713
3714
3715
3716
3717
3718
3719
3720
3721
3722
3723
3724
3725
3726
3727
3728
3729
3730
3731
3732
3733
3734
3735
3736
3737
3738
3887
3886
3739
3740
3741
3742
3743
3744
3745
3746
3747
3748
3749
3750
3751
3752
3753
3754
3755
3756
3757
3758
3759
3760
3761
3762
3763
3764
3765
3766
3767
3768
3769
3770
3771
3772
3773
3774
3775
3776
3777
3778
3779
3780
3781
3782
3783
3784
3785
3786
3787
3788
3789
3790
3791
3792
3793
3794
3795
3796
3797
3798
3799
3800
3801
3802
3803
3804
3805
3806
3807
3808
3809
3810
3811
3812
3813
3814
3815
3816
3817
3818
3819
3820
3821
3822
3823
3824
3825
3826
3827
3828
3829
3830
3831
3832
3833
3834
3835
3836
3837
3838
3839
3840
3841
3842
3843
3844
3845
3846
3847
3848
3849
3850
3851
3852
3853
3854
3855
3856
3857
3858
3859
3860
3861
3862
3863
3864
3865
3866
3867
3868
3869
3870
3871
3872
3873
3874
3875
3876
3877
3878
3879
3880
3881
3882
3883
3884
3885
4768
4769
4770
4771
4772
4773
4774
4776
4777
4778
4779
4780
4781
4782
4784
4783
4795
4794
4792
4796
4793
4785
4786
4787
4788
4789
4790
4791
4808
4806
4809
4807
4804
4810
4805
4797
4798
4799
4800
4801
4802
4803
5803
5804
5805
5806
5807
5808
5809
5810
5811
5812
5813
5814
5815
5816
5817
5818
5819
5820
5821
5822
5823
5824
5825
5826
5827
5864
5865
5866
5867
5882
5883
5885
5884
5874
5875
5876
5877
5878
5879
5880
5881
5868
5869
5870
5871
5872
5873
5886
5887
5888
5889
5890
5891
5892
5893
5894
5895
5896
5922
5923
5925
5924
5914
5915
5916
5917
5918
5919
5920
5921
5904
5905
5906
5907
5908
5909
5897
5898
5899
5900
5901
5902
5903
5910
5911
5912
5913
5949
5950
5951
5952
5953
5954
5955
5956
5957
5958
5959
5960
5961
5962
5963
5964
5965
5966
5967
5968
5969
5970
5971
5972
5973
5974
5975
5976
5977
5978
5979
5980
5981
5982
5983
5984
5985
5986
5987
5988
6020
6000
6001
6002
6003
6004
6005
6006
6007
6008
6009
6010
6011
6012
6013
6014
6015
6016
6017
6018
6019
6021
6022
6023
6024
6025
6026
6027
6028
6029
6030
6031
6032
6033
6034
6035
6036
6037
6038
6039
6079
6040
6041
6042
6043
6044
6045
6046
6047
6048
6049
6050
6051
6052
6053
6054
6055
6056
6057
6058
6059
6060
6061
6062
6063
6064
6065
6066
6067
6068
6069
6070
6071
6072
6073
6074
6075
6076
6077
6078
6108
6109
6110
6111
6112
6113
6114
6115
6116
6117
6118
6119
6121
6122
6123
6124
6125
6126
6127
6128
6129
6130
6131
6132
6133
6134
6149
6150
6148
6152
6151
6135
6136
6137
6138
6139
6140
6141
6146
6147
6142
6143
6144
6145
6158
6159
6160
6153
6154
6155
6156
6157
6183
6184
6182
6186
6185
6161
6162
6163
6164
6165
6166
6167
6180
6181
6171
6172
6173
6174
6177
6178
6179
6168
6169
6170
6175
6176
7415
7417
7418
7419
7420
7421
7422
7423
7424
7425
7426
7427
7428
7429
7430
7431
7432
7434
7435
7433
7436
7437
7438
7439
7440
7441
7442
7443
7444
7445
7446
7447
7448
7449
7465
7466
7464
7450
7451
7452
7453
7454
7455
7456
7457
7458
7459
7460
7461
7462
7463
7479
7480
7481
7482
7483
7485
7486
7487
7488
7489
7824
7825
7826
7827
7828
7829
7830
7831
7833
7832
7834
7835
7836
7837
7838
7839
7847
7846
7840
7841
7842
7843
7844
7845
7880
7881
7886
7888
7887
7889
7892
7891
7890
8819
8820
8821
8822
8823
8824
8826
8827
8825
8843
8844
8845
8847
8848
8849
8850
8851
8852
8853
8854
8855
8856
8857
8858
8859
8860
8861
8862
8863
8864
8865
8866
8867
8868
8872
8869
8871
8870
8893
8889
8890
8891
8892
8873
8874
8875
8876
8877
8878
8879
8880
8881
8882
8883
8884
8885
8886
8887
8888
8935
8931
8933
8932
8934
8927
8928
8929
8930
8911
8912
8913
8914
8915
8916
8917
8918
8919
8920
8921
8922
8923
8924
8925
8926
9488
9489
9490
9491
9492
9493
9494
9495
9496
9497
9498
9499
9500
9501
9502
9503
9504
9505
9506
9507
9508
9509
9510
9511
9512
9513
9514
9532
9515
9516
9517
9518
9519
9520
9521
9522
9523
9524
9525
9526
9527
9528
9529
9530
9531
9533
9534
9535
9536
9537
9538
9539
9540
9541
9568
9542
9543
9544
9545
9546
9547
9548
9549
9550
9551
9552
9553
9554
9555
9556
9557
9558
9559
9560
9561
9562
9563
9564
9565
9566
9567
9739
9740
9741
9742
9743
9744
9745
9746
9747
9748
9749
9750
9751
9752
9753
9754
9755
9756
9757
9758
9759
9760
9761
9762
9763
9764
9765
9766
9767
9768
9769
9770
9771
9772
9773
9774
9775
9776
9777
9778
9779
9780
9781
9782
9783
9815
9817
9818
9816
9785
9786
9787
9788
9789
9790
9791
9792
9793
9794
9795
9796
9797
9798
9799
9800
9801
9802
9803
9804
9805
9806
9807
9808
9809
9810
9811
9812
9813
9814
9819
9820
9821
9822
9823
9824
9825
9826
9827
9828
9829
9871
9873
9874
9872
9830
9831
9832
9833
9834
9835
9836
9837
9838
9839
9840
9841
9842
9843
9844
9845
9846
9847
9848
9849
9850
9851
9852
9853
9854
9855
9856
9857
9858
9859
9860
9861
9862
9863
9864
9865
9866
9867
9868
9869
9870
10039
10040
10041
10042
10043
10044
10045
10046
10047
10048
10049
10050
10051
10052
10053
10054
10055
10056
10057
10058
10059
10060
10061
10062
10063
10064
10065
10066
10067
10068
10069
10070
10071
10072
10073
10074
10075
10076
10077
10078
10079
10080
10081
10082
10083
10084
10085
10086
10087
10088
10089
10090
10091
10092
10093
10094
10095
10096
10097
10098
10099
10100
10101
10102
10103
10104
10135
10136
10137
10105
10106
10107
10108
10109
10110
10111
10112
10113
10114
10115
10116
10117
10118
10119
10120
10121
10122
10123
10124
10125
10126
10127
10128
10129
10130
10131
10132
10133
10134
10724
10725
10726
10727
10728
10729
10732
10730
10731
10735
10734
10733
10772
10768
10770
10773
10771
10769
10848
10849
10850
10851
11243
11244
11245
11246
11247
11248
11249
11250
11251
11254
11253
11252
11255
11260
11259
11256
11257
11258
11267
11265
11264
11268
11269
11266
11261
11262
11263
11511
11512
11544
11545
11546
11547
11548
11549
11550
11551
11552
11553
11554
11555
11556
11557
11558
11559
11560
11561
11562
11563
11564
11565
11566
11567
11568
11569
11570
11571
11572
11573
11574
11575
11576
11577
11578
11579
11580
11581
11582
11583
11584
11585
11586
11587
11588
11589
11590
11591
11592
11593
11594
11611
11612
11595
11596
11597
11598
11599
11600
11601
11602
11603
11604
11605
11606
11607
11608
11609
11610
11613
11614
11615
11616
11617
11618
11619
11620
11621
11622
11623
11624
11625
11626
11627
11628
11629
11630
11631
11632
11633
11634
11635
11636
11637
11638
11639
11640
11641
11642
11643
11693
11694
11660
11661
11644
11645
11646
11647
11648
11649
11650
11651
11652
11653
11654
11655
11656
11657
11658
11659
11662
11663
11664
11665
11666
11667
11668
11669
11670
11671
11672
11673
11674
11675
11676
11677
11678
11679
11680
11681
11682
11683
11684
11685
11686
11687
11688
11689
11690
11691
11692
11720
11721
11723
11724
11725
11726
11727
11728
11729
11730
11731
11732
11733
11734
11735
11736
11737
11738
11739
11740
11741
11742
11743
11744
11745
11746
11747
11748
11749
11750
11751
11752
11753
11754
11769
11770
11771
11755
11756
11757
11758
11759
11760
11761
11762
11763
11764
11765
11766
11767
11768
12104
12105
12145
12146
12147
12148
12149
12150
12151
12152
12160
12153
12154
12155
12156
12157
12158
12159
12168
12169
12161
12162
12163
12164
12165
12166
12167
12177
12178
12179
12180
12181
12186
12187
12188
12189
12190
12191
12192
12193
12194
12195
12196
12197
12200
12198
12199
12212
12214
12211
12213
12204
12205
12206
12207
12208
12209
12210
12201
12202
12203
12228
12225
12226
12229
12231
12227
12230
12218
12219
12220
12221
12222
12223
12224
12215
12216
12217
12937
12938
12939
12941
12942
12943
12944
12945
12946
12947
12948
12949
12950
12951
12952
12953
12954
12955
12956
12957
12958
12959
12960
12961
12962
12963
12964
12966
12965
12972
12973
12974
12975
12976
12977
12967
12968
12969
12970
12971
12987
12988
12989
12978
12979
12980
12981
12982
12983
12984
12985
12986
13013
13015
13014
12995
12996
12997
12998
12999
13000
12990
12991
12992
12993
12994
13010
13011
13012
13001
13002
13003
13004
13005
13006
13007
13008
13009
13439
13440
13441
13442
13443
13444
13445
13446
13458
13459
13460
13461
13462
13463
13464
13465
13466
13467
13468
13469
13470
13471
13472
13473
13474
13475
13476
13477
13478
13479
13480
13481
13482
13483
13484
13485
13486
13487
13488
13489
13490
13491
13492
13493
13494
13495
13496
13497
13498
13499
13500
13501
13513
13512
13506
13510
13509
13507
13514
13515
13511
13508
13516
13502
13503
13504
13505
13530
13531
13532
13533
13534
13535
13536
13537
13538
13539
13540
13541
13542
13543
13544
13545
13546
13547
13548
13549
13550
13551
13552
13553
13517
13518
13519
13520
13521
13522
13523
13524
13525
13526
13527
13528
13529
13602
13601
13595
13599
13598
13596
13603
13604
13600
13597
13605
13567
13568
13569
13570
13571
13572
13573
13574
13575
13576
13577
13578
13579
13580
13581
13582
13583
13584
13585
13586
13587
13588
13589
13590
13591
13592
13593
13594
13554
13555
13556
13557
13558
13559
13560
13561
13562
13563
13564
13565
13566
13630
13631
13632
13633
13634
13635
13636
13637
13638
13639
13640
13641
13642
13643
13644
13645
13646
13647
13648
13649
13650
13651
13652
13653
13654
13672
13673
13674
13675
13655
13656
13657
13658
13659
13660
13661
13662
13663
13664
13665
13666
13667
13668
13669
13670
13671
13708
13709
13710
13711
13712
13713
13691
13692
13693
13694
13695
13696
13697
13698
13699
13700
13701
13702
13703
13704
13705
13706
13707
13882
13883
13890
13891
13892
13893
13894
13895
13896
13897
13898
13899
13901
13902
13903
13904
13905
13906
13907
13908
13909
13910
13911
13912
13913
13914
13915
13916
13917
13918
13919
13942
13921
13938
13931
13922
13934
13943
13937
13925
13920
13941
13924
13936
13939
13940
13944
13935
13923
13926
13927
13928
13929
13930
13932
13933
13949
13950
13946
13947
13948
13945
14021
13998
14017
14008
13999
14013
14022
14016
14002
13997
14020
14001
14015
14018
14019
14023
14014
14000
14003
14004
14005
14006
14007
14009
14010
14011
14012
13994
13995
13996
13993
14105
14106
14107
14109
14108
14110
14113
14111
14112
14219
14224
14225
14226
14227
14228
14229
14230
14231
14232
14237
14236
14233
14238
14235
14234
14240
14239
14249
14250
14257
14256
14253
14258
14255
14254
14260
14259
14251
14252
14663
14664
14665
14666
14667
14668
14669
14670
14671
14676
14672
14675
14674
14673
14677
14678
14679
14680
14689
14685
14688
14687
14686
14681
14682
14683
14684
14708
14709
14710
14711
14915
14916
14917
14918
14920
14919
14921
14923
14922
14954
14955
14956
14957
14958
14959
14960
14961
14962
14963
14964
14965
14966
14967
14968
14969
14970
14971
14972
14973
14974
14975
14976
14977
14978
14979
14980
14981
14982
14983
14984
14985
14986
14987
14988
14989
14990
14991
14992
14993
14994
14995
14996
14997
14998
14999
15019
15020
15021
15022
15000
15001
15002
15003
15004
15005
15006
15007
15008
15009
15010
15011
15012
15013
15014
15015
15016
15017
15018
16285
16286
16288
16289
16290
16291
16292
16293
16294
16295
16296
16297
16389
16390
16391
16392
16393
16394
16395
16396
16397
16398
16399
16400
16401
16402
16403
16404
16405
16406
16407
16408
16409
16410
16411
16412
16413
16414
16415
16416
16417
16418
16419
16420
16421
16422
16423
16424
16425
16426
16427
16428
16429
16430
16431
16432
16433
16434
16435
16436
16437
16438
16439
16440
16441
16442
16443
16444
16445
16446
16447
16448
16449
16450
16451
16452
16453
16454
16462
16457
16458
16459
16460
16461
16522
16463
16464
16465
16466
16467
16468
16469
16470
16471
16472
16473
16474
16475
16476
16477
16478
16479
16480
16481
16482
16483
16484
16485
16486
16487
16488
16489
16490
16491
16492
16493
16494
16495
16496
16497
16498
16499
16500
16501
16502
16503
16504
16505
16506
16507
16508
16509
16510
16511
16512
16513
16514
16515
16516
16517
16518
16519
16520
16521
16588
16582
16583
16584
16585
16586
16587
16523
16524
16525
16526
16527
16528
16529
16530
16531
16532
16533
16534
16535
16536
16537
16538
16539
16540
16541
16542
16543
16544
16545
16546
16547
16548
16549
16550
16551
16552
16553
16554
16555
16556
16557
16558
16559
16560
16561
16562
16563
16564
16565
16566
16567
16568
16569
16570
16571
16572
16573
16574
16575
16576
16577
16578
16579
16580
16581
16636
16637
16638
16639
16640
16643
16644
16645
16646
16647
16648
16649
16650
16651
16652
16653
16654
16663
16655
16656
16657
16658
16659
16660
16661
16662
16672
16673
16674
16675
16676
16664
16665
16666
16667
16668
16669
16670
16671
16737
16738
16739
16740
16741
16742
16743
16744
16745
16746
16747
16748
16749
16750
16751
16752
16753
16754
16755
16756
16757
16758
16759
16760
16761
16762
16763
16764
16765
16766
16767
16768
16769
16770
16771
16772
16773
16774
16775
16776
16777
16778
16779
16780
16781
16782
16783
16784
16785
16786
16787
16788
16789
16790
16791
16792
16793
16794
16795
16796
16797
16798
16799
16800
16801
16802
16803
16804
16805
16806
16807
16808
16809
16810
16811
16812
16813
16814
16815
16816
16817
16818
16830
16831
16832
16833
16834
16835
16836
16837
16838
16839
16840
16841
16842
16843
16844
16845
16846
16847
16848
16849
16850
16851
16852
16853
16854
16855
16856
16857
16858
16859
16819
16820
16821
16822
16823
16824
16825
16826
16827
16828
16829
16871
16872
16873
16874
16875
16876
16877
16878
16879
16880
16881
16882
16883
16884
16885
16886
16887
16888
16889
16890
16891
16892
16893
16894
16895
16896
16897
16898
16899
16900
16901
16902
16903
16904
16905
16906
16907
16908
16909
16910
16911
16912
16913
16914
16915
16955
16956
16916
16917
16918
16919
16920
16921
16922
16923
16924
16925
16926
16927
16928
16929
16930
16931
16932
16933
16934
16935
16936
16937
16938
16939
16940
16941
16942
16943
16944
16945
16946
16947
16948
16949
16950
16951
16952
16953
16954
16996
16997
16998
16999
16957
16958
16959
16960
16961
16962
16963
16964
16965
16966
16967
16968
16969
16970
16971
16972
16973
16974
16975
16976
16977
16978
16979
16980
16981
16982
16983
16984
16985
16986
16987
16988
16989
16990
16991
16992
16993
16994
16995
17839
17840
17841
17845
17846
17847
17848
17849
17850
17851
17852
17853
17854
17855
17856
17857
17858
17859
17860
17861
17862
17863
17864
17865
17866
17867
17868
17869
17870
17871
17872
17873
17874
17875
17876
17877
17878
17879
17880
17881
17882
17883
17884
17885
17886
17887
17888
17889
17890
17891
17892
17893
17894
17895
17896
17897
17898
17899
17900
17901
17902
17903
17904
17905
17906
17907
17908
17909
17910
17911
17916
17917
17918
17919
17920
17921
17922
17923
17924
17925
17926
17927
17928
17929
17930
17931
17932
17933
17934
17935
17936
17937
17938
17939
17940
17941
17942
17943
17944
17945
17946
17947
17948
17949
17950
17951
17952
17953
17954
17955
17956
18045
18051
18048
18044
18046
18049
18047
18050
17991
17992
17993
17994
17995
17996
17997
17998
17999
18000
18001
18002
18003
18004
18005
18006
17957
17958
17959
17960
17961
17962
17963
17964
17965
17966
17967
17968
17969
17970
17971
17972
18007
18008
18009
18010
18011
18012
18013
18014
18015
18016
18017
18018
18019
18020
18021
18022
18023
17978
17979
17980
17981
17982
17983
17984
17985
17986
17987
17988
17989
17990
17973
17974
17975
17976
17977
18024
18025
18026
18027
18028
18029
18030
18031
18032
18033
18034
18035
18036
18037
18038
18039
18040
18041
18042
18043
18059
18060
18061
18062
18063
18064
18065
18066
18067
18052
18053
18054
18055
18056
18057
18058
18172
18178
18175
18171
18173
18176
18174
18177
18118
18119
18120
18121
18122
18123
18124
18125
18126
18127
18128
18129
18130
18131
18132
18133
18084
18085
18086
18087
18088
18089
18090
18091
18092
18093
18094
18095
18096
18097
18098
18099
18134
18135
18136
18137
18138
18139
18140
18141
18142
18143
18144
18145
18146
18147
18148
18149
18150
18105
18106
18107
18108
18109
18110
18111
18112
18113
18114
18115
18116
18117
18100
18101
18102
18103
18104
18151
18152
18153
18154
18155
18156
18157
18158
18159
18160
18161
18162
18163
18164
18165
18166
18167
18168
18169
18170
18075
18076
18077
18078
18079
18080
18081
18082
18083
18068
18069
18070
18071
18072
18073
18074
18379
18380
18415
18416
18417
18418
18419
18422
18420
18421
18425
18423
18426
18424
18432
18427
18430
18431
18428
18433
18429
18487
18525
18526
18527
18528
18529
18530
18531
18532
18554
18555
18556
18557
18558
18559
18560
18561
18562
18563
18564
18565
18566
18567
18570
18568
18574
18573
18569
18572
18571
18575
18590
18587
18588
18589
18576
18577
18578
18579
18580
18581
18582
18583
18584
18585
18586
18607
18605
18612
18610
18606
18609
18608
18613
18611
18602
18603
18604
18591
18592
18593
18594
18595
18596
18597
18598
18599
18600
18601
19113
19114
19115
19137
19138
19139
19140
19142
19141
19230
19231
19232
19233
19234
19235
19236
19237
19238
19239
19240
19241
19242
19243
19244
19245
19246
19247
19248
19249
19250
19251
19252
19253
19254
19255
19267
19268
19256
19257
19258
19259
19260
19261
19262
19263
19264
19265
19266
19571
19572
19573
19574
19575
19576
19577
19578
19579
19580
19581
19582
19583
19584
19585
19586
19587
19588
19589
19590
19591
19592
19595
19597
19596
19594
19593
19612
19613
19614
19598
19599
19600
19601
19602
19603
19604
19605
19606
19607
19608
19609
19610
19611
19634
19636
19635
19633
19632
19629
19630
19631
19615
19616
19617
19618
19619
19620
19621
19622
19623
19624
19625
19626
19627
19628
20380
20381
20382
20383
20384
20400
20401
20402
20403
20404
20405
20406
20407
20408
20409
20411
20412
20413
20414
20415
20416
20417
20418
20419
20420
20421
20422
20423
20424
20425
20426
20427
20428
20429
20430
20431
20432
20433
20434
20435
20436
20437
20438
20439
20440
20441
20442
20443
20444
20445
20446
20447
20448
20449
20450
20451
20452
20453
20454
20455
20456
20457
20458
20459
20460
20461
20462
20463
20464
20465
20466
20467
20468
20469
20470
20471
20472
20473
20474
20475
20476
20477
20478
20479
20480
20481
20482
20483
20484
20485
20487
20488
20486
20571
20575
20565
20563
20574
20573
20572
20568
20570
20567
20569
20566
20564
20524
20525
20526
20527
20528
20529
20530
20531
20532
20533
20534
20535
20536
20537
20538
20539
20540
20541
20542
20543
20544
20545
20546
20489
20490
20491
20492
20493
20494
20495
20496
20497
20498
20499
20500
20501
20519
20520
20521
20522
20523
20547
20548
20549
20550
20551
20552
20553
20554
20555
20556
20557
20558
20559
20560
20561
20562
20506
20507
20508
20509
20510
20511
20512
20513
20514
20515
20516
20517
20518
20502
20503
20504
20505
20663
20664
20654
20660
20666
20653
20651
20665
20662
20661
20657
20659
20656
20658
20655
20652
20612
20613
20614
20615
20616
20617
20618
20619
20620
20621
20622
20623
20624
20625
20626
20627
20628
20629
20630
20631
20632
20633
20634
20577
20578
20579
20580
20581
20582
20583
20584
20585
20586
20587
20588
20589
20607
20608
20609
20610
20611
20635
20636
20637
20638
20639
20640
20641
20642
20643
20644
20645
20646
20647
20648
20649
20650
20594
20595
20596
20597
20598
20599
20600
20601
20602
20603
20604
20605
20606
20590
20591
20592
20593
20866
20867
20868
20869
21022
21023
21030
21031
21032
21033
21034
21035
21036
21037
21038
21039
21040
21041
21042
21043
21044
21045
21046
21047
21048
21049
21050
21051
21072
21073
21074
21075
21099
21094
21095
21091
21097
21093
21098
21096
21092
21076
21077
21078
21079
21080
21081
21082
21083
21084
21085
21086
21087
21088
21089
21090
21100
21101
21102
21103
21131
21126
21127
21123
21129
21125
21130
21128
21124
21107
21108
21109
21110
21111
21112
21113
21114
21115
21116
21118
21119
21120
21121
21122
21104
21105
21106
21117
21148
21149
21150
21151
21168
21169
21170
21171
21172
21173
21174
21175
21176
21177
21178
21179
21180
21181
21182
21183
21184
21185
21186
21187
21188
21189
21190
21191
21192
21193
21194
21195
21196
21197
21198
21199
21200
21201
21202
21203
21204
21205
21206
21207
21208
21210
21211
21212
21213
21214
21215
21216
21217
21218
21219
21220
21221
21222
21273
21272
21275
21271
21274
21276
21270
21255
21256
21257
21258
21259
21260
21261
21262
21263
21264
21265
21266
21267
21223
21224
21225
21226
21227
21228
21229
21230
21231
21232
21233
21234
21235
21236
21237
21238
21239
21240
21241
21242
21243
21244
21245
21268
21269
21246
21247
21248
21249
21250
21251
21252
21253
21254
21328
21330
21327
21326
21331
21325
21329
21332
21324
21309
21310
21311
21312
21313
21314
21315
21316
21317
21318
21319
21320
21321
21277
21278
21279
21280
21281
21282
21283
21284
21285
21286
21287
21288
21289
21290
21291
21292
21293
21294
21295
21296
21297
21298
21299
21322
21323
21300
21301
21302
21303
21304
21305
21306
21307
21308
21547
21548
21549
21734
21735
21736
21737
21758
21759
21760
21761
21762
21763
21764
21765
21766
21767
21768
21769
21770
21771
21772
21773
21774
21775
21792
21793
21776
21777
21778
21779
21780
21781
21782
21783
21784
21785
21786
21787
21788
21789
21790
21791
21810
21813
21811
21812
21794
21795
21796
21797
21798
21799
21800
21801
21802
21803
21804
21805
21806
21807
21808
21809
21968
21969
21970
21971
21972
21973
21974
21975
21976
21977
21978
21979
21980
21981
21982
21983
21984
21985
21986
21987
21988
21989
21990
21991
21992
21993
21994
21995
21996
21997
21998
21999
22000
22001
22002
22003
22004
22005
22013
22014
22050
22015
22016
22017
22018
22019
22020
22021
22022
22023
22024
22025
22026
22027
22028
22029
22030
22031
22032
22033
22034
22035
22036
22037
22038
22039
22040
22041
22042
22043
22044
22045
22046
22047
22048
22049
22086
22087
22088
22051
22052
22053
22054
22055
22056
22057
22058
22059
22060
22061
22062
22063
22064
22065
22066
22067
22068
22069
22070
22071
22072
22073
22074
22075
22076
22077
22078
22079
22080
22081
22082
22083
22084
22085
22644
22645
22646
22647
22648
22686
22687
22688
22689
22690
22691
22692
22693
22694
22695
22700
22701
22702
22703
22704
22705
22706
22707
22708
22709
22710
22711
22712
22713
22714
22715
22716
22739
22742
22744
22743
22752
22747
22748
22741
22751
22753
22745
22738
22736
22740
22750
22737
22746
22749
22764
22766
22767
22765
22763
22754
22755
22756
22757
22758
22759
22760
22761
22762
22781
22787
22789
22788
22798
22792
22793
22784
22797
22799
22790
22780
22778
22782
22795
22779
22791
22794
22783
22786
22796
22785
22777
22768
22769
22770
22771
22772
22773
22774
22775
22776
22805
22806
22807
22808
22809
22810
22814
22813
22812
22816
22815
22817
22823
22822
22820
22819
22818
22821
22977
22978
22979
22980
22981
22982
22983
22984
22985
22986
22987
22988
22989
22990
22991
22992
22993
22994
22995
22996
22997
22998
22999
23000
23001
23002
23003
23004
23005
23008
23007
23009
23010
23011
23012
23013
23014
23015
23016
23017
23018
23019
23020
23021
23022
23023
23024
23025
23026
23027
23028
23029
23030
23031
23032
23033
23034
23035
23064
23063
23036
23037
23038
23039
23040
23041
23042
23043
23044
23045
23046
23047
23048
23049
23050
23051
23052
23053
23054
23055
23056
23057
23058
23059
23060
23061
23062
23286
23287
23288
23289
23303
23304
23305
23306
23309
23310
23307
23308
23321
23322
23323
23324
23325
23326
23327
23328
23329
23330
23331
23332
23333
23334
23335
23336
23337
23338
23339
23340
23341
23342
23343
23344
23345
23346
23347
23348
23349
23350
23351
23352
23353
23354
23355
23356
23357
23358
23359
23360
23361
23362
23363
23364
23365
23366
23367
23368
23369
23370
23413
23412
23410
23411
23383
23384
23385
23386
23387
23388
23389
23390
23391
23392
23393
23394
23395
23396
23397
23398
23399
23400
23401
23402
23403
23404
23405
23406
23407
23408
23409
23414
23415
23416
23417
23418
23419
23420
23421
23422
23423
23424
23425
23426
23427
23428
23429
23430
23431
23432
23482
23481
23479
23480
23433
23434
23435
23436
23437
23438
23439
23440
23441
23442
23443
23444
23445
23446
23447
23448
23449
23450
23451
23452
23453
23454
23455
23456
23457
23458
23459
23460
23461
23462
23463
23464
23465
23466
23467
23468
23469
23470
23471
23472
23473
23474
23475
23476
23477
23478
24282
24283
24284
24286
24287
24288
24291
24289
24290
24297
24298
24299
24300
24301
24302
24303
24304
24305
24306
24307
24308
24309
24310
24311
24313
24314
24327
24326
24315
24316
24317
24318
24319
24320
24321
24322
24323
24324
24325
24339
24341
24342
24340
24328
24329
24330
24331
24332
24333
24334
24335
24336
24337
24338
24790
24791
24792
24793
24794
24795
24796
24798
24797
24799
24803
24800
24801
24802
24809
24808
24810
24807
24804
24805
24806
24840
24841
24842
24843
24844
24845
24847
24846
24848
24849
24851
24850
25452
25453
25454
25455
25456
25457
25458
25459
25460
25461
25462
25463
25464
25465
25466
25467
25468
25469
25470
25471
25472
25487
25473
25474
25475
25476
25477
25478
25479
25480
25481
25482
25483
25484
25485
25486
25502
25503
25504
25505
25488
25489
25490
25491
25492
25493
25494
25495
25496
25497
25498
25499
25500
25501
26204
26205
26206
26207
26208
26209
26210
26211
26212
26213
26214
26215
26216
26217
26218
26219
26220
26221
26222
26225
26226
26227
26228
26229
26230
26231
26232
26233
26234
26235
26236
26237
26238
26239
26240
26241
26242
26243
26244
26245
26246
26247
26248
26249
26250
26251
26252
26253
26254
26255
26256
26257
26258
26259
26260
26261
26262
26263
26264
26265
26266
26267
26268
26312
26311
26314
26313
26296
26297
26298
26299
26300
26301
26302
26303
26304
26305
26306
26307
26308
26309
26310
26288
26289
26290
26291
26292
26293
26294
26295
26281
26282
26283
26284
26285
26286
26287
26269
26270
26271
26272
26273
26274
26275
26276
26277
26278
26279
26280
26315
26316
26317
26318
26319
26320
26321
26322
26323
26324
26325
26326
26327
26328
26329
26330
26331
26392
26391
26394
26393
26376
26377
26378
26379
26380
26381
26382
26383
26384
26385
26386
26387
26388
26389
26390
26368
26369
26370
26371
26372
26373
26374
26375
26361
26362
26363
26364
26365
26366
26367
26349
26350
26351
26352
26353
26354
26355
26356
26357
26358
26359
26360
26332
26333
26334
26335
26336
26337
26338
26339
26340
26341
26342
26343
26344
26345
26346
26347
26348
26420
26421
26433
26434
26435
26436
26437
26438
26439
26440
26441
26442
26443
26444
26445
26447
26446
26453
26454
26455
26456
26458
26457
26448
26449
26450
26451
26452
26467
26475
26474
26468
26469
26470
26471
26473
26472
26462
26463
26464
26465
26466
26631
26632
26633
26634
26635
26636
26639
26638
26637
26643
26644
26648
26647
26646
26645
26653
26654
26655
26656
26657
26658
26659
26660
26661
26662
26663
26664
26665
26666
26667
26668
26669
26670
26671
26672
26673
26674
26675
26676
26677
26678
26679
26680
26695
26694
26681
26682
26683
26684
26685
26686
26687
26688
26689
26690
26691
26692
26693
26696
26697
26698
26699
26700
26701
26702
26703
26704
26705
26706
26707
26708
26736
26735
26709
26710
26711
26712
26713
26714
26715
26716
26717
26718
26719
26720
26721
26722
26723
26724
26725
26726
26727
26728
26729
26730
26731
26732
26733
26734
26810
26811
26812
26813
26814
26815
26816
26817
26818
26819
26820
26821
26860
26861
26862
26863
26864
26865
26866
26867
26868
26874
26871
26870
26873
26869
26872
26889
26888
26884
26885
26886
26887
26875
26876
26877
26878
26879
26880
26881
26882
26883
26910
26907
26905
26909
26903
26908
26906
26904
26899
26900
26901
26902
26890
26891
26892
26893
26894
26895
26896
26897
26898
27392
27423
27424
27425
27426
27427
27428
27429
27430
27431
27432
27433
27434
27435
27436
27437
27438
27439
27440
27441
27443
27442
27461
27444
27445
27446
27447
27448
27449
27450
27451
27452
27453
27454
27455
27456
27457
27458
27459
27460
27481
27479
27480
27462
27463
27464
27465
27466
27467
27468
27469
27470
27471
27472
27473
27474
27475
27476
27477
27478
27807
27808
27809
27810
27824
27825
27826
27827
27828
27829
27830
27831
27832
27833
27834
27835
27836
27837
27838
27839
27840
27841
27842
27843
27844
27845
27846
27847
27848
27849
27850
27851
27852
27853
27854
27855
27856
27857
27858
27859
27860
27861
27862
27863
27864
27865
27866
27867
27897
27898
27899
27900
27901
27868
27869
27870
27871
27872
27873
27874
27875
27876
27877
27878
27879
27880
27881
27882
27883
27884
27885
27886
27887
27888
27889
27890
27891
27892
27893
27894
27895
27896
27902
27903
27904
27905
27906
27907
27908
27909
27910
27911
27912
27913
27914
27915
27959
27960
27961
27962
27963
27916
27917
27918
27919
27920
27921
27922
27923
27924
27925
27926
27927
27928
27929
27930
27931
27932
27933
27934
27935
27936
27937
27938
27939
27940
27941
27942
27943
27944
27945
27946
27947
27948
27949
27950
27951
27952
27953
27954
27955
27956
27957
27958
28080
28081
28082
28083
28131
28132
28134
28133
28302
28303
28304
28306
28305
28307
28310
28309
28308
29397
29398
29399
29400
29401
29402
29403
29404
29405
29406
29407
29408
29416
29418
29417
29409
29410
29411
29412
29413
29414
29415
29427
29426
29429
29428
29419
29420
29421
29422
29423
29424
29425
29657
29658
29659
29660
29661
29662
29663
29664
29665
29666
29667
29668
29669
29670
29671
29672
29673
29674
29675
29676
29677
29678
29679
29680
29681
29682
29683
29684
29685
29686
29687
29688
29689
29690
29691
29692
29693
29694
29695
29696
29697
29698
29699
29700
29720
29721
29718
29719
29701
29702
29703
29704
29705
29706
29707
29708
29709
29710
29711
29712
29713
29714
29715
29716
29717
29722
29723
29724
29725
29726
29727
29728
29729
29730
29731
29732
29733
29734
29735
29736
29737
29738
29739
29740
29741
29742
29743
29744
29788
29789
29786
29787
29746
29747
29748
29749
29750
29751
29752
29753
29754
29755
29756
29757
29758
29759
29760
29761
29762
29763
29764
29765
29766
29767
29768
29769
29770
29771
29772
29773
29774
29775
29776
29777
29778
29779
29780
29781
29782
29783
29784
29785
30526
30527
30528
30529
30530
30531
30532
30533
30540
30541
30550
30545
30549
30547
30543
30546
30542
30544
30548
30551
30561
30555
30560
30558
30553
30556
30552
30554
30559
30557
30649
30650
30651
30652
30653
30654
30655
30656
30657
30658
30659
30660
30661
30662
30663
30664
30665
30666
30667
30668
30669
30670
30671
30672
30673
30674
30675
30676
30677
30678
30679
30680
30681
30682
30683
30684
30685
30686
30687
30688
30689
30690
30691
30692
30693
30694
30695
30696
30697
30698
30699
30700
30701
30702
30703
30704
30705
30706
30707
30708
30709
30710
30711
30712
30713
30714
30715
30716
30717
30718
30719
30720
30721
30722
30723
30724
30725
30726
30727
30730
30731
30732
30808
30733
30734
30735
30736
30737
30738
30739
30740
30741
30742
30743
30744
30745
30746
30747
30748
30749
30750
30751
30752
30753
30754
30755
30756
30757
30758
30759
30760
30761
30762
30763
30764
30765
30766
30767
30768
30769
30770
30771
30772
30773
30774
30775
30776
30777
30778
30779
30780
30781
30782
30783
30784
30785
30786
30787
30788
30789
30790
30791
30792
30793
30794
30795
30796
30797
30798
30799
30800
30801
30802
30803
30804
30805
30806
30807
30884
30885
30886
30887
30809
30810
30811
30812
30813
30814
30815
30816
30817
30818
30819
30820
30821
30822
30823
30824
30825
30826
30827
30828
30829
30830
30831
30832
30833
30834
30835
30836
30837
30838
30839
30840
30841
30842
30843
30844
30845
30846
30847
30848
30849
30850
30851
30852
30853
30854
30855
30856
30857
30858
30859
30860
30861
30862
30863
30864
30865
30866
30867
30868
30869
30870
30871
30872
30873
30874
30875
30876
30877
30878
30879
30880
30881
30882
30883
31236
31237
31238
31239
31240
31241
31242
31243
31244
31246
31247
31248
31249
31258
31260
31257
31259
31261
31250
31251
31252
31253
31254
31255
31256
31262
31272
31274
31271
31273
31275
31264
31265
31266
31267
31268
31269
31270
31263
31279
31280
31281
31282
31289
31290
31291
31292
31294
31296
31293
31295
31297
31298
31299
31300
31306
31308
31305
31307
31301
31302
31303
31304
31372
31373
31374
31378
31379
31380
31381
31382
31383
31384
31385
31386
31387
31388
31389
31390
31391
31392
31393
31394
31395
31396
31397
31398
31399
31400
31401
31402
31403
31404
31405
31406
31407
31408
31409
31410
31411
31412
31413
31414
31415
31416
31417
31418
31419
31420
31421
31422
31423
31424
31425
31430
31426
31428
31429
31427
31443
31444
31445
31446
31447
31448
31449
31450
31451
31452
31453
31454
31455
31456
31457
31458
31459
31460
31461
31462
31463
31464
31465
31466
31467
31468
31469
31470
31471
31472
31473
31474
31475
31476
31439
31440
31441
31442
31431
31432
31433
31434
31435
31436
31437
31438
31527
31523
31525
31526
31524
31489
31490
31491
31492
31493
31494
31495
31496
31497
31498
31499
31500
31501
31502
31503
31504
31505
31506
31507
31508
31509
31510
31511
31512
31513
31514
31515
31516
31517
31518
31519
31520
31521
31522
31485
31486
31487
31488
31477
31478
31479
31480
31481
31482
31483
31484
31553
31554
31555
31556
31557
31558
31559
31560
31561
31562
31563
31564
31565
31566
31567
31568
31569
31570
31571
31573
31577
31572
31574
31576
31575
31593
31581
31582
31583
31584
31585
31586
31587
31588
31589
31590
31591
31592
31608
31612
31606
31609
31611
31610
31607
31594
31595
31596
31597
31598
31599
31600
31601
31602
31603
31604
31605
31710
31711
31712
31713
31714
31715
31716
31717
31718
31719
31720
31721
31722
31723
31724
31725
31726
31727
31728
31729
31730
31731
31732
31803
31804
31796
31797
31798
31799
31800
31801
31802
31805
31806
31807
31808
31809
31810
31811
31812
31813
31814
31815
31816
31817
31818
31840
31841
31819
31820
31821
31822
31823
31824
31825
31826
31827
31828
31829
31830
31831
31832
31833
31834
31835
31836
31837
31838
31839
31872
31873
31874
31875
32490
32491
32492
32493
32494
32495
32496
32497
32498
32499
32516
32517
32518
32519
32520
32521
32522
32523
32524
32525
32526
32527
32528
32529
32530
32531
32532
32533
32534
32535
32536
32537
32538
32539
32540
32541
32542
32543
32544
32545
32546
32547
32548
32549
32550
32551
32552
32553
32554
32555
32556
32557
32558
32559
32560
32561
32562
32563
32564
32566
32567
32568
32569
32570
32571
32572
32573
32574
32575
32576
32577
32578
32579
32616
32615
32612
32619
32614
32621
32620
32618
32617
32613
32611
32610
32580
32581
32582
32583
32584
32585
32586
32587
32588
32589
32590
32591
32592
32593
32594
32595
32596
32597
32598
32599
32600
32601
32602
32603
32604
32605
32606
32607
32608
32609
32651
32652
32622
32625
32626
32641
32642
32623
32624
32643
32644
32645
32646
32647
32648
32649
32650
32627
32628
32629
32630
32631
32632
32633
32634
32635
32636
32637
32638
32639
32640
32720
32719
32716
32723
32718
32725
32724
32722
32721
32717
32715
32714
32653
32654
32655
32656
32657
32658
32659
32660
32661
32662
32663
32664
32670
32671
32672
32673
32674
32675
32676
32677
32678
32679
32680
32681
32682
32683
32684
32685
32686
32687
32712
32713
32665
32668
32669
32702
32703
32666
32667
32704
32705
32706
32707
32708
32709
32710
32711
32688
32689
32690
32691
32692
32693
32694
32695
32696
32697
32698
32699
32700
32701
33077
33078
33079
33080
33081
33082
33083
33084
33085
33086
33087
33088
33089
33090
33100
33101
33102
33091
33092
33093
33094
33095
33096
33097
33098
33099
33113
33114
33115
33116
33104
33105
33106
33107
33108
33109
33110
33111
33112
33253
33254
34237
34238
34239
34241
34242
34243
34244
34245
34246
34247
34248
34249
34250
34251
34252
34253
34254
34255
34256
34257
34258
34277
34275
34276
34274
34271
34272
34273
34259
34260
34261
34262
34263
34264
34265
34266
34267
34268
34269
34270
34294
34297
34295
34296
34293
34290
34291
34292
34278
34279
34280
34281
34282
34283
34284
34285
34286
34287
34288
34289
34300
34301
34302
34303
34304
34305
34306
34308
34309
34307
34313
34310
34311
34312
34318
34320
34317
34319
34314
34315
34316
34393
34394
34395
34396
34397
34399
34400
34401
34402
34403
34404
34405
34406
34407
34408
34409
34410
34411
34412
34414
34415
34413
34431
34429
34430
34416
34417
34418
34419
34420
34421
34422
34423
34424
34425
34426
34427
34428
34449
34450
34446
34448
34445
34447
34432
34433
34434
34435
34436
34437
34438
34439
34440
34441
34442
34443
34444
35402
35403
35405
35406
35407
35408
35409
35410
35411
35412
35413
35414
35415
35416
35417
35418
35419
35420
35421
35422
35423
35455
35456
35457
35458
35459
35460
35461
35462
35463
35464
35465
35466
35467
35468
35469
35470
35471
35472
35473
35474
35475
35476
35477
35478
35479
35493
35494
35495
35480
35481
35482
35483
35484
35485
35486
35487
35488
35489
35490
35491
35492
35496
35497
35498
35499
35500
35501
35502
35503
35504
35527
35528
35529
35505
35506
35507
35508
35509
35510
35511
35512
35513
35514
35515
35516
35517
35518
35519
35520
35521
35522
35523
35524
35525
35526
35540
35542
35543
35544
35545
35546
35547
35548
35549
35551
35550
35557
35558
35552
35553
35554
35555
35556
35566
35564
35565
35567
35559
35560
35561
35562
35563
35709
35710
35711
35712
35713
35714
35715
35716
35717
35718
35719
35720
35721
35722
35723
35724
35725
35726
35727
35728
35729
35730
35731
35732
35733
35734
35735
35736
35737
35738
35739
35740
35741
35742
35743
35744
35745
35746
35747
35748
35749
35750
35751
35756
35758
35757
35773
35774
35775
35776
35777
35778
35786
35787
35788
35789
35790
35791
35792
35793
35794
35795
35796
35797
35798
35782
35783
35784
35785
35779
35780
35781
35759
35760
35761
35762
35763
35764
35765
35766
35767
35768
35769
35770
35771
35772
35839
35841
35840
35813
35814
35815
35816
35817
35818
35826
35827
35828
35829
35830
35831
35832
35833
35834
35835
35836
35837
35838
35822
35823
35824
35825
35819
35820
35821
35799
35800
35801
35802
35803
35804
35805
35806
35807
35808
35809
35810
35811
35812
35906
35907
35908
35909
35910
35911
35926
35927
35928
35929
35932
35933
35930
35931
35935
35936
35934
35939
35938
35937
35944
35945
35941
35942
35948
35949
35946
35947
35943
35940
36560
36561
36562
36563
36564
36565
36566
36568
36567
36569
36570
36571
36572
36573
36580
36579
36574
36575
36576
36577
36578
36667
36668
36669
36671
36672
36673
36674
36675
36676
36677
36678
36679
36680
36683
36684
36685
36686
36687
36688
36689
36690
36691
36692
36693
36694
36695
36696
36697
36698
36699
36700
36701
36702
36703
36704
36705
36706
36707
36708
36709
36710
36711
36712
36713
36714
36715
36716
36717
36718
36719
36720
36721
36722
36723
36724
36727
36725
36730
36728
36726
36729
36779
36774
36771
36776
36769
36777
36773
36775
36772
36778
36770
36768
36739
36740
36741
36742
36743
36744
36745
36746
36747
36748
36749
36750
36751
36752
36753
36754
36755
36756
36757
36758
36759
36760
36761
36762
36763
36764
36765
36766
36767
36731
36732
36733
36734
36735
36736
36737
36738
36825
36821
36829
36827
36823
36828
36834
36826
36820
36831
36818
36832
36824
36830
36822
36833
36819
36817
36788
36789
36790
36791
36792
36793
36794
36795
36796
36797
36798
36799
36800
36801
36802
36803
36804
36805
36806
36807
36808
36809
36810
36811
36812
36813
36814
36815
36816
36780
36781
36782
36783
36784
36785
36786
36787
36848
36849
36850
36851
36852
36853
36854
36857
36855
36856
36860
36862
36861
36858
36859
37006
37007
37008
37009
37010
37011
37012
37013
37020
37021
37022
37023
37024
37025
37026
37027
37030
37028
37029
37031
37042
37043
37040
37041
37036
37037
37038
37039
37033
37034
37035
37032
37057
37052
37054
37058
37056
37059
37053
37055
37048
37049
37050
37051
37045
37046
37047
37044
37069
37070
37071
37072
37073
37074
37101
37096
37097
37098
37099
37100
37561
37563
37564
37565
37566
37567
37568
37569
37570
37571
37572
37573
37574
37584
37585
37575
37576
37577
37578
37579
37580
37581
37582
37583
37595
37596
37597
37586
37587
37588
37589
37590
37591
37592
37593
37594
37607
37608
37610
37611
37612
37613
37614
37615
37616
37617
37618
37619
37620
37621
37622
37623
37624
37625
37626
37627
37643
37628
37629
37630
37631
37632
37633
37634
37635
37636
37637
37638
37639
37640
37641
37642
37659
37660
37661
37644
37645
37646
37647
37648
37649
37650
37651
37652
37653
37654
37655
37656
37657
37658
37898
37899
37901
37900
37905
37906
37907
37908
37909
37910
37911
37912
37913
37914
37915
37916
37917
37918
37925
37919
37920
37921
37922
37923
37924
38383
38384
38410
38411
38412
38413
38414
38415
38416
38417
38418
38419
38420
38421
38422
38423
38424
38425
38426
38427
38428
38429
38447
38445
38446
38466
38462
38461
38465
38463
38460
38464
38459
38448
38449
38450
38451
38452
38453
38454
38455
38456
38457
38458
38486
38479
38482
38488
38483
38481
38487
38484
38480
38485
38478
38467
38468
38469
38470
38471
38472
38473
38474
38475
38476
38477
38846
38847
38849
38850
38851
38852
38853
38854
38858
38855
38857
38856
38862
38859
38861
38860
38870
38864
38868
38867
38869
38863
38866
38865
38925
38926
38927
38928
38929
38930
38931
38932
38937
38938
38933
38934
38935
38936
38949
38947
38948
38943
38944
38945
38946
39177
39178
39179
39180
39181
39182
39183
39184
39185
39186
39187
39188
39189
39190
39191
39192
39193
39194
39195
39196
39197
39200
39199
39217
39218
39216
39219
39202
39203
39204
39205
39206
39207
39208
39209
39210
39211
39212
39213
39214
39215
39201
39236
39235
39238
39239
39237
39240
39221
39222
39223
39224
39225
39226
39227
39228
39229
39230
39231
39232
39233
39234
39220
39373
39374
39375
39376
39377
39378
39393
39394
39399
39397
39396
39398
39395
39400
39401
39402
39407
39405
39404
39406
39403
39408
39409
39410
39701
39702
39703
39704
39705
39706
39707
39708
39709
39714
39716
39717
39718
39719
39720
39721
39722
39723
39724
39725
39726
39727
39728
39729
39730
39731
39732
39733
39734
39735
39736
39737
39738
39739
39740
39741
39742
39743
39744
39745
39746
39747
39748
39749
39750
39751
39752
39753
39754
39755
39757
39759
39758
39756
39773
39774
39775
39776
39777
39778
39779
39780
39781
39782
39783
39784
39785
39786
39787
39788
39789
39790
39791
39792
39793
39794
39795
39796
39760
39761
39762
39763
39764
39765
39766
39767
39768
39769
39770
39771
39772
39835
39837
39836
39834
39810
39811
39812
39813
39814
39815
39816
39817
39818
39819
39820
39821
39822
39823
39824
39825
39826
39827
39828
39829
39830
39831
39832
39833
39797
39798
39799
39800
39801
39802
39803
39804
39805
39806
39807
39808
39809
40592
40593
40594
40595
40596
40597
40598
40599
40600
40601
40602
40603
40604
40605
40606
40607
40608
40609
40610
40611
40612
40613
40614
40615
40616
40617
40618
40619
40620
40621
40622
40623
40624
40625
40626
40627
40628
40629
40630
40631
40632
40633
40634
40635
40637
40636
40677
40676
40669
40670
40671
40672
40673
40674
40675
40638
40639
40640
40641
40642
40643
40644
40663
40664
40665
40666
40667
40668
40652
40653
40654
40655
40656
40657
40658
40659
40660
40661
40662
40645
40646
40647
40648
40649
40650
40651
40716
40720
40717
40719
40718
40709
40710
40711
40712
40713
40714
40715
40678
40679
40680
40681
40682
40683
40684
40703
40704
40705
40706
40707
40708
40692
40693
40694
40695
40696
40697
40698
40699
40700
40701
40702
40685
40686
40687
40688
40689
40690
40691
40945
40946
40947
40948
40949
40950
40951
40952
40953
40954
40955
40956
40957
40958
40959
40960
40967
40968
40961
40962
40963
40964
40965
40966
40973
40974
40975
40976
40977
40978
40979
40980
40981
40982
40983
40984
40985
40986
40991
40989
40990
40987
40988
40992
40993
40994
40995
40996
40997
40998
40999
41000
41014
41012
41013
41010
41011
41001
41002
41003
41004
41005
41006
41007
41008
41009
41298
41299
41300
41301
41302
41303
41304
41305
41306
41307
41308
41309
41310
41311
41312
41313
41314
41315
41316
41317
41318
41319
41320
41321
41322
41323
41324
41325
41326
41327
41328
41329
41330
41331
41332
41333
41334
41388
41389
41390
41391
41392
41393
41394
41395
41396
41397
41399
41398
41401
41400
41402
41442
41444
41443
41440
41441
41439
41427
41428
41429
41430
41431
41432
41433
41434
41435
41436
41437
41438
41413
41414
41415
41416
41417
41418
41419
41420
41421
41422
41423
41424
41425
41426
41403
41404
41405
41406
41407
41408
41409
41410
41411
41412
41482
41481
41485
41484
41491
41488
41490
41489
41486
41487
41483
41469
41470
41471
41472
41473
41474
41475
41476
41477
41478
41479
41480
41455
41456
41457
41458
41459
41460
41461
41462
41463
41464
41465
41466
41467
41468
41445
41446
41447
41448
41449
41450
41451
41452
41453
41454
41615
41616
41617
41618
41619
41620
41621
41622
41623
41624
41625
41626
41627
41628
41629
41631
41632
41633
41644
41645
41640
41641
41642
41643
41634
41635
41636
41637
41638
41639
41656
41657
41658
41659
41660
41652
41653
41654
41655
41646
41647
41648
41649
41650
41651
41845
41846
41847
41850
41851
41852
41853
41856
41854
41855
41857
41858
41859
41860
41867
41865
41866
41861
41862
41863
41864
42426
42427
42428
42429
42430
42432
42433
42431
42435
42434
42437
42439
42436
42440
42438
42622
42623
42624
42625
42626
42627
42628
42629
42630
42631
42632
42633
42634
42635
42636
42637
42638
42639
42640
42641
42642
42643
42644
42657
42658
42645
42646
42647
42648
42649
42650
42651
42652
42653
42654
42655
42656
42676
42677
42678
42679
42680
42681
42682
42683
42684
42706
42707
42685
42686
42687
42688
42689
42690
42691
42692
42693
42694
42695
42696
42697
42698
42699
42700
42701
42702
42703
42704
42705
42943
42944
42945
42988
42989
42990
42991
42992
42993
42994
42995
42996
42997
42998
42999
43000
43001
43002
43003
43004
43014
43013
43010
43012
43009
43011
43005
43006
43007
43008
43017
43018
43019
43020
43021
43022
43023
43024
43015
43016
43044
43043
43040
43042
43039
43041
43027
43028
43029
43030
43031
43032
43033
43034
43035
43036
43037
43038
43025
43026
43059
43060
43061
43062
43063
43064
43065
43066
43067
43068
43069
43070
43071
43072
43073
43074
43075
43076
43077
43078
43079
43080
43081
43082
43083
43084
43085
43086
43087
43088
43089
43090
43091
43092
43093
43094
43095
43096
43097
43098
43099
43101
43100
43140
43137
43138
43139
43122
43123
43124
43125
43126
43127
43128
43129
43130
43131
43132
43133
43134
43135
43136
43102
43103
43104
43105
43106
43107
43108
43109
43110
43111
43112
43113
43114
43115
43116
43117
43118
43119
43120
43121
43187
43186
43190
43185
43188
43189
43170
43171
43172
43173
43174
43175
43176
43177
43178
43179
43180
43181
43182
43183
43184
43150
43151
43152
43153
43154
43155
43156
43157
43158
43159
43160
43161
43162
43163
43164
43165
43166
43167
43168
43169
43207
43208
43209
43210
43211
43212
43213
43215
43216
43217
43218
43219
43227
43225
43222
43223
43226
43220
43224
43221
43231
43235
43237
43234
43230
43232
43236
43228
43233
43229
44022
44023
44024
44025
44026
44027
44028
44029
44030
44031
44032
44034
44033
44064
44065
44066
44067
44068
44069
44070
44078
44080
44079
44071
44072
44073
44074
44075
44076
44077
44185
44193
44194
44195
44196
44197
44198
44199
44200
44201
44202
44203
44204
44205
44214
44206
44207
44208
44209
44210
44211
44212
44213
44215
44216
44217
44218
44231
44219
44220
44221
44222
44223
44224
44225
44226
44227
44228
44229
44230
44287
44288
44289
44290
44291
44292
44293
44294
44295
44296
44297
44298
44299
44300
44301
44302
44303
44304
44305
44306
44307
44308
44309
44310
44311
44312
44313
44314
44315
44316
44317
44318
44319
44320
44321
44322
44323
44324
44325
44326
44327
44328
44329
44330
44331
44332
44333
44334
44335
44336
44337
44338
44339
44340
44375
44376
44377
44378
44341
44342
44343
44344
44345
44346
44347
44348
44349
44350
44351
44352
44353
44354
44355
44356
44357
44358
44359
44360
44361
44362
44363
44364
44365
44366
44367
44368
44369
44370
44371
44372
44373
44374
44379
44380
44381
44382
44383
44384
44385
44386
44387
44388
44389
44390
44391
44392
44393
44394
44445
44446
44447
44448
44395
44396
44397
44398
44399
44400
44401
44402
44403
44404
44405
44406
44407
44408
44409
44410
44411
44412
44413
44414
44415
44416
44417
44418
44419
44420
44421
44422
44423
44424
44425
44426
44427
44428
44429
44430
44431
44432
44433
44434
44435
44436
44437
44438
44439
44440
44441
44442
44443
44444
45198
45199
45201
45202
45325
45326
45327
45328
45329
45330
45331
45332
45333
45334
45335
45336
45337
45338
45339
45358
45359
45360
45361
45362
45363
45377
45376
45378
45371
45372
45364
45365
45373
45374
45375
45366
45367
45368
45369
45370
45379
45380
45381
45382
45383
45384
45404
45403
45405
45398
45399
45385
45386
45400
45401
45402
45393
45394
45395
45396
45397
45387
45388
45389
45390
45391
45392
45495
45521
45522
45523
45524
45525
45526
45527
45528
45529
45530
45531
45532
45533
45534
45535
45536
45537
45538
45539
45540
45541
45542
45543
45544
45545
45546
45547
45548
45549
45550
45551
45552
45623
45626
45625
45627
45622
45624
45628
45654
45640
45641
45642
45643
45644
45645
45646
45647
45629
45630
45631
45632
45633
45634
45635
45636
45637
45638
45639
45648
45649
45650
45651
45652
45653
45681
45684
45683
45685
45680
45682
45686
45687
45666
45667
45668
45669
45670
45671
45672
45673
45655
45656
45657
45658
45659
45660
45661
45662
45663
45664
45665
45674
45675
45676
45677
45678
45679
45739
45740
45741
45742
45743
45744
45746
45747
45748
45751
45752
45753
45750
45749
45754
45759
45757
45758
45760
45756
45755
45862
45863
45864
45865
45867
45868
45869
45870
45919
45920
45921
45922
45923
45924
45925
45926
45935
45936
45937
45938
45939
45940
45941
45942
45943
45944
45945
45946
45947
45948
45949
45950
45951
45952
45953
45954
45960
45958
45955
45961
45959
45956
45957
45962
45963
45964
45967
45968
45969
45970
45971
45972
45973
45974
45975
45976
45977
45978
45979
45980
45981
45982
45965
45966
46008
46006
46003
46009
46007
46004
46005
46010
45983
45984
45987
45988
45989
45990
45991
45992
45993
45994
45995
45996
45997
45998
45999
46000
46001
46002
45985
45986
46309
46310
46311
46312
46313
46314
46315
46351
46352
46353
46354
46355
46356
46357
46358
46359
46360
46362
46363
46364
46365
46366
46367
46368
46369
46370
46371
46372
46373
46374
46375
46376
46377
46378
46379
46380
46381
46382
46383
46384
46385
46386
46387
46388
46389
46390
46391
46393
46394
46395
46396
46397
46398
46399
46400
46401
46402
46403
46404
46405
46406
46407
46408
46409
46410
46411
46412
46421
46424
46426
46417
46419
46427
46420
46425
46431
46416
46415
46429
46418
46413
46414
46422
46423
46428
46430
46432
46479
46478
46477
46452
46453
46454
46433
46434
46435
46436
46437
46438
46475
46476
46439
46440
46441
46442
46443
46444
46445
46446
46447
46448
46449
46450
46451
46455
46456
46457
46458
46459
46460
46461
46462
46463
46464
46465
46466
46467
46468
46469
46470
46471
46472
46473
46474
46534
46538
46540
46528
46530
46541
46531
46539
46545
46527
46526
46543
46529
46524
46525
46536
46537
46542
46544
46546
46535
46533
46532
46499
46500
46501
46480
46481
46482
46483
46484
46485
46522
46523
46486
46487
46488
46489
46490
46491
46492
46493
46494
46495
46496
46497
46498
46502
46503
46504
46505
46506
46507
46508
46509
46510
46511
46512
46513
46514
46515
46516
46517
46518
46519
46520
46521
46674
46675
46676
46677
46678
46679
46680
46681
46682
46683
46684
46690
46691
46692
46693
46694
46695
46696
46697
46698
46699
46700
46701
46702
46703
46704
46705
46706
46707
46708
46709
46710
46717
46713
46716
46714
46715
46711
46712
46726
46727
46728
46729
46730
46731
46732
46733
46734
46735
46736
46737
46738
46739
46740
46741
46742
46718
46719
46720
46721
46722
46723
46724
46725
46774
46770
46773
46771
46772
46743
46744
46753
46754
46755
46756
46757
46758
46759
46760
46761
46762
46763
46764
46765
46766
46767
46768
46769
46745
46746
46747
46748
46749
46750
46751
46752
