1090
1091
1064
1065
1066
1067
1068
1069
1070
1071
1072
1073
1074
1075
1076
1077
1078
1079
1080
1081
1082
1083
1084
1085
1086
1087
1088
1089
13989
13985
13991
13988
13990
13987
13986
13965
13966
13951
13952
13953
13954
13955
13956
13957
13958
13959
13960
13961
13962
13963
13964
13967
13968
13969
13970
13971
13972
13973
13974
13982
13983
13984
13975
13976
13977
13978
13979
13980
13981
8399
8398
8385
8386
8387
8388
8389
8390
8391
8392
8393
8394
8395
8396
8397
9612
9614
9613
11696
11698
11699
11695
11697
13889
13887
13888
13884
13885
13886
14409
14407
14408
14401
14402
14403
14404
14405
14406
14376
14377
14378
14379
14380
14381
14382
14383
14384
14385
14386
14387
14388
14389
14390
14391
14392
14393
14394
14395
14396
14397
14398
14399
14400
15132
15136
15133
15142
15135
15134
15137
15140
15138
15139
15141
15124
15125
15126
15127
15128
15129
15130
15131
15116
15117
15118
15119
15120
15121
15122
15123
29045
29051
29046
29048
29044
29052
29050
29047
29053
29049
29039
29040
29041
29042
29043
31197
31194
31196
31195
31198
31192
31193
31792
31793
31794
31795
31733
31734
31735
31736
31737
31738
31739
31740
31741
31742
31743
31744
31745
31746
31747
31748
31749
31750
31751
31752
31753
31754
31755
31756
31757
31758
31759
31760
31761
31762
31763
31764
31765
31766
31767
31768
31769
31770
31771
31772
31773
31774
31775
31776
31777
31778
31779
31780
31781
31782
31783
31784
31785
31786
31787
31788
31789
31790
31791
33942
33935
33941
33938
33943
33937
33939
33940
33936
36645
36646
36628
36629
36630
36631
36632
36633
36634
36635
36636
36637
36638
36639
36640
36641
36642
36643
36644
38444
38430
38431
38432
38433
38434
38435
38436
38437
38438
38439
38440
38441
38442
38443
39139
39138
39140
39142
39141
39105
39106
39107
39108
39109
39110
39111
39129
39130
39131
39132
39133
39134
39135
39136
39137
39112
39113
39114
39115
39116
39117
39118
39119
39120
39121
39122
39123
39124
39125
39126
39127
39128
39081
39082
39083
39084
39085
39086
39087
39088
39089
39090
39091
39092
39093
39094
39095
39096
39097
39098
39099
39100
39101
39102
39103
39104
46930
46927
46933
46929
46926
46928
46934
46932
46931
46886
46887
46888
46889
46890
46891
46892
46893
46894
46895
46896
46897
46898
46899
46900
46901
46902
46903
46904
46905
46906
46907
46908
46909
46910
46911
46912
46913
46914
46915
46916
46917
46918
46919
46920
46921
46922
46923
46924
46925
47829
47826
47828
47819
47825
47821
47827
47823
47820
47824
47822
47810
47811
47812
47813
47814
47815
47816
47817
47818
47798
47799
47800
47801
47802
47803
47804
47805
47806
47807
47808
47809
48114
48112
48113
48110
48111
48659
48660
48661
48662
49221
49222
49218
49219
49220
49217
49328
49324
49325
49326
49327
49236
49237
49238
49239
49240
49241
49242
49243
49244
49245
49246
49247
49248
49249
49250
49251
49252
49253
49254
49255
49256
49257
49258
49259
49260
49261
49262
49263
49264
49265
49266
49267
49268
49269
49270
49271
49272
49273
49274
49275
49276
49277
49278
49279
49280
49281
49282
49283
49284
49285
49286
49287
49288
49289
49290
49291
49292
49293
49294
49295
49296
49297
49298
49299
49300
49301
49302
49303
49304
49305
49306
49307
49308
49309
49310
49311
49312
49313
49314
49315
49316
49317
49318
49319
49320
49321
49322
49323
49542
49543
49512
49513
49514
49515
49516
49517
49518
49519
49520
49521
49522
49523
49524
49525
49526
49527
49528
49529
49530
49531
49532
49533
49534
49535
49536
49537
49538
49539
49540
49541
51061
51062
51063
51064
51033
51034
51035
51036
51037
51038
51039
51040
51041
51042
51043
51044
51045
51046
51047
51048
51049
51050
51051
51052
51053
51054
51055
51056
51057
51058
51059
51060
264
265
266
267
268
218
219
220
221
222
223
224
225
226
227
228
229
230
231
232
233
234
235
236
237
238
239
240
241
242
243
244
245
246
247
248
249
250
251
252
253
254
255
256
257
258
259
260
261
262
263
745
740
741
742
743
744
956
957
958
959
939
940
941
942
943
944
945
946
947
948
949
950
951
952
953
954
955
2542
2543
2544
3195
3194
3196
3168
3169
3170
3171
3172
3173
3174
3175
3176
3177
3178
3179
3180
3181
3182
3183
3184
3185
3186
3187
3188
3189
3190
3191
3192
3193
7822
7820
7823
7821
7804
7805
7806
7807
7808
7809
7810
7811
7812
7813
7814
7815
7816
7817
7818
7819
7878
7879
7877
7848
7849
7850
7851
7852
7853
7854
7855
7856
7857
7858
7859
7860
7861
7862
7863
7864
7865
7866
7867
7868
7869
7870
7871
7872
7873
7874
7875
7876
8817
8816
8804
8805
8806
8807
8808
8809
8810
8811
8812
8813
8814
8815
8836
8837
8838
8839
8840
8841
8842
8828
8829
8830
8831
8832
8833
8834
8835
9484
9485
9486
9487
9467
9468
9469
9470
9471
9472
9473
9474
9475
9476
9477
9478
9479
9480
9481
9482
9483
9734
9735
9737
9738
9736
10026
10038
10027
10037
10031
10028
10034
10032
10029
10030
10035
10036
10033
9996
9997
9998
9999
10000
10001
10002
10003
10004
10005
10006
10007
10008
10009
10010
10011
10012
10013
10014
10015
10016
10017
10018
10019
10020
10021
10022
10023
10024
10025
9979
9980
9981
9982
9983
9984
9985
9986
9987
9988
9989
9990
9991
9992
9993
9994
9995
10723
10719
10720
10721
10722
10715
10716
10717
10718
10846
10847
10832
10833
10834
10835
10836
10837
10838
10839
10840
10841
10842
10843
10844
10845
11213
11214
11200
11201
11202
11203
11204
11205
11206
11207
11208
11209
11210
11211
11212
11193
11194
11195
11196
11197
11198
11199
11507
11503
11504
11506
11505
11508
11509
11510
11496
11497
11498
11499
11500
11501
11502
11487
11488
11489
11490
11491
11492
11493
11494
11495
11717
11718
11719
12102
12101
12103
12096
12097
12098
12099
12100
12174
12171
12176
12175
12173
12172
12170
12934
12933
12936
12935
13879
13862
13873
13850
13881
13877
13875
13872
13853
13855
13874
13878
13857
13851
13876
13866
13854
13852
13868
13861
13869
13856
13871
13867
13870
13880
13858
13859
13860
13863
13864
13865
13828
13829
13830
13831
13832
13833
13822
13823
13824
13825
13826
13827
13814
13815
13816
13817
13818
13819
13820
13821
13834
13835
13836
13837
13838
13839
13840
13841
13842
13843
13844
13845
13846
13847
13848
13849
14102
14104
14103
14100
14101
14084
14085
14086
14087
14088
14089
14090
14091
14092
14093
14094
14095
14096
14097
14098
14099
14657
14658
14660
14659
14705
14706
14707
14691
14692
14693
14694
14695
14696
14697
14698
14699
14700
14701
14702
14703
14704
14912
14914
14913
14911
14901
14902
14903
14904
14905
14906
14907
14908
14909
14910
14952
14953
14938
14939
14940
14941
14942
14943
14944
14945
14946
14947
14948
14949
14950
14951
16387
16385
16386
16635
16630
16631
16632
16633
16634
16734
16733
16736
16731
16735
16732
16716
16717
16718
16719
16720
16721
16722
16723
16724
16725
16726
16727
16728
16729
16730
17834
17838
17833
17830
17832
17836
17835
17831
17837
17760
17761
17762
17763
17764
17765
17766
17767
17768
17769
17815
17816
17817
17818
17819
17820
17821
17822
17823
17824
17825
17826
17827
17828
17829
17774
17775
17776
17777
17778
17779
17780
17781
17782
17783
17784
17785
17786
17787
17770
17771
17772
17773
17788
17789
17790
17791
17792
17793
17794
17795
17796
17797
17798
17799
17800
17801
17802
17803
17804
17805
17806
17807
17808
17809
17810
17811
17812
17813
17814
18483
18477
18482
18486
18485
18484
18478
18479
18480
18481
18437
18438
18448
18449
18450
18434
18435
18436
18439
18440
18441
18442
18443
18444
18445
18446
18447
18451
18452
18453
18454
18455
18456
18457
18458
18459
18460
18461
18462
18463
18464
18465
18466
18467
18468
18469
18470
18471
18472
18473
18474
18475
18476
19111
19110
19109
19112
19087
19088
19089
19090
19091
19092
19093
19094
19095
19096
19097
19098
19099
19100
19101
19102
19103
19104
19105
19106
19107
19108
19227
19228
19229
19540
19548
19541
19547
19544
19545
19542
19539
19549
19546
19543
19520
19521
19522
19523
19524
19525
19526
19527
19528
19529
19530
19531
19532
19533
19534
19535
19536
19537
19538
19518
19519
20864
20863
20865
20859
20860
20861
20862
21021
21018
21019
21017
21020
20997
20998
20999
21000
21001
21002
21003
21004
21005
21006
20986
20987
20988
20989
20990
20991
20992
20993
20994
20995
20996
21009
21010
21011
21012
20982
20983
20984
20985
21013
21014
21015
21016
21007
21008
21544
21545
21546
21538
21539
21540
21541
21542
21543
21964
21965
21966
21967
21940
21941
21942
21943
21944
21945
21946
21947
21948
21949
21950
21951
21952
21953
21954
21955
21956
21957
21958
21959
21960
21961
21962
21963
22643
22625
22639
22634
22622
22621
22638
22636
22627
22631
22628
22635
22624
22623
22617
22633
22626
22642
22637
22632
22640
22618
22630
22641
22629
22619
22620
22614
22615
22616
22974
22975
22976
22946
22947
22948
22949
22950
22951
22952
22953
22954
22955
22956
22957
22958
22959
22960
22961
22962
22963
22964
22965
22966
22967
22968
22969
22970
22971
22972
22973
23283
23285
23284
23280
23281
23282
23271
23276
23277
23278
23279
23272
23273
23274
23275
23319
23320
23311
23312
23313
23314
23315
23316
23317
23318
24281
24274
24275
24276
24277
24278
24279
24280
24294
24293
24295
24296
24292
24774
24775
24777
24778
24776
24767
24768
24769
24770
24771
24772
24773
24755
24756
24757
24758
24759
24760
24761
24762
24763
24764
24765
24766
24837
24836
24838
24811
24812
24813
24814
24815
24816
24817
24818
24819
24820
24821
24822
24823
24824
24825
24826
24827
24828
24829
24830
24831
24832
24833
24834
24835
26203
26202
26186
26187
26188
26189
26190
26191
26192
26193
26194
26195
26196
26197
26198
26199
26200
26201
26630
26629
26628
26622
26623
26624
26625
26626
26627
26649
26650
26652
26651
26805
26804
26809
26803
26806
26802
26808
26800
26807
26801
26796
26797
26798
26799
26773
26774
26775
26776
26777
26778
26779
26780
26781
26782
26783
26784
26785
26786
26787
26788
26789
26790
26791
26792
26793
26794
26795
28129
28128
28130
28115
28116
28117
28118
28119
28120
28121
28122
28123
28124
28125
28126
28127
28294
28295
28296
28299
28298
28301
28297
28300
28284
28285
28286
28287
28288
28289
28290
28291
28292
28293
28271
28272
28273
28274
28275
28276
28277
28278
28279
28280
28281
28282
28283
29395
29392
29393
29394
29653
29655
29656
29652
29654
29640
29641
29642
29643
29644
29645
29646
29647
29648
29649
29650
29651
30524
30525
30511
30512
30513
30514
30515
30516
30517
30518
30519
30520
30521
30522
30523
31234
31231
31229
31227
31233
31232
31228
31230
31235
31277
31276
31278
31366
31370
31368
31361
31371
31363
31365
31369
31364
31367
31362
31340
31341
31342
31343
31344
31345
31346
31347
31348
31349
31350
31351
31352
31353
31354
31355
31356
31357
31358
31359
31360
31317
31318
31319
31320
31321
31322
31323
31324
31325
31326
31327
31328
31329
31330
31331
31332
31333
31334
31335
31336
31337
31338
31339
31309
31310
31311
31312
31313
31314
31315
31316
31552
31547
31548
31549
31550
31551
31535
31536
31537
31538
31539
31540
31541
31542
31543
31544
31545
31546
31709
31868
31869
31870
31871
31842
31843
31844
31845
31846
31847
31848
31849
31850
31851
31852
31853
31854
31855
31856
31857
31858
31859
31860
31861
31862
31863
31864
31865
31866
31867
32448
32446
32449
32445
32447
32429
32430
32431
32432
32433
32434
32435
32436
32441
32442
32443
32444
32418
32419
32420
32421
32422
32423
32424
32425
32426
32427
32428
32437
32438
32439
32440
32410
32411
32412
32413
32414
32415
32416
32417
33073
33074
33075
33076
33063
33064
33065
33066
33067
33068
33069
33070
33071
33072
34388
34389
34390
34392
34391
34383
34384
34385
34386
34387
34354
34355
34356
34357
34358
34359
34360
34361
34362
34363
34364
34365
34366
34367
34368
34369
34370
34371
34372
34373
34374
34375
34376
34377
34378
34379
34380
34381
34382
35452
35453
35424
35425
35426
35427
35428
35429
35430
35431
35432
35433
35434
35435
35436
35437
35438
35439
35440
35441
35442
35443
35444
35445
35446
35447
35448
35449
35450
35451
35707
35708
35706
35705
35694
35695
35696
35697
35698
35699
35700
35701
35702
35703
35704
36846
36844
36845
36847
36842
36843
37004
37001
37000
37003
37005
37002
36995
36996
36997
36998
36999
37557
37554
37558
37556
37555
37560
37559
37549
37550
37551
37552
37553
37511
37512
37513
37514
37515
37516
37517
37518
37519
37520
37521
37522
37523
37524
37525
37526
37527
37528
37529
37530
37531
37532
37533
37534
37535
37536
37537
37538
37539
37540
37541
37542
37543
37544
37545
37546
37547
37548
37891
37894
37893
37892
37895
37896
37885
37886
37887
37883
37884
37888
37889
37890
38371
38377
38382
38378
38372
38376
38380
38370
38381
38379
38375
38374
38373
38345
38346
38347
38348
38349
38350
38351
38352
38353
38354
38355
38356
38357
38358
38359
38360
38361
38362
38363
38364
38365
38366
38367
38368
38369
38923
38924
39697
39698
39699
39700
39673
39674
39675
39676
39677
39678
39679
39680
39681
39682
39683
39684
39685
39686
39687
39688
39689
39690
39691
39692
39693
39694
39695
39696
40942
40943
40944
40934
40935
40936
40937
40938
40939
40940
40941
40972
40969
40971
40970
42424
42425
42420
42421
42422
42423
42388
42389
42376
42377
42378
42379
42380
42381
42382
42383
42384
42385
42386
42387
42390
42391
42392
42393
42394
42395
42396
42397
42398
42399
42400
42401
42402
42403
42404
42405
42406
42407
42408
42409
42410
42411
42412
42413
42414
42415
42416
42417
42418
42419
42620
42621
42619
42618
42613
42614
42615
42616
42617
42606
42607
42608
42609
42610
42611
42612
42935
42936
42942
42938
42939
42941
42937
42940
42934
42926
42927
42928
42929
42930
42931
42932
42933
43055
43056
43057
43054
43045
43046
43047
43048
43049
43050
43051
43052
43053
44019
44020
44021
44016
44017
44018
44181
44182
44183
44184
44132
44133
44134
44135
44136
44137
44138
44139
44140
44141
44142
44143
44144
44145
44146
44147
44148
44149
44150
44151
44152
44153
44154
44155
44156
44157
44158
44159
44160
44161
44162
44163
44164
44165
44166
44167
44168
44169
44170
44171
44172
44173
44174
44175
44176
44177
44178
44179
44180
45196
45191
45192
45194
45197
45193
45195
45176
45177
45178
45179
45180
45181
45182
45183
45184
45185
45186
45187
45188
45189
45190
45167
45168
45169
45170
45171
45172
45173
45174
45175
45319
45324
45320
45322
45321
45323
45285
45286
45287
45293
45294
45295
45296
45297
45288
45289
45290
45291
45292
45298
45299
45300
45301
45302
45303
45304
45305
45306
45307
45308
45309
45310
45311
45312
45313
45314
45315
45316
45317
45318
45488
45494
45492
45493
45490
45491
45489
45485
45486
45487
45738
45733
45737
45735
45732
45734
45736
45716
45717
45718
45719
45720
45721
45722
45723
45724
45725
45726
45727
45728
45729
45730
45731
45859
45857
45858
45861
45860
45850
45851
45852
45853
45854
45855
45856
45847
45848
45849
45911
45912
45917
45915
45913
45914
45916
45918
45908
45909
45910
45907
46673
46672
46671
46658
46659
46660
46661
46662
46663
46664
46665
46666
46667
46668
46669
46670
36627
21733
