2970
4581
5244
6361
7788
8894
8895
8896
8897
8898
8899
8900
8901
8902
8903
8904
8905
8906
8907
8908
8909
8910
10138
10139
10140
10141
10142
10143
10144
10145
10146
10147
10148
10149
10150
10151
10152
10153
10154
10883
10884
12141
12142
12143
12107
12108
12109
12110
12111
12112
12113
12114
12115
12116
12117
12118
12119
12120
12121
12122
12123
12124
12125
12126
12127
12128
12129
12130
12131
12132
12133
12134
12135
12136
12137
12138
12139
12140
13135
13136
13137
13138
13139
13101
13102
13103
13104
13105
13106
13107
13108
13109
13110
13111
13112
13113
13114
13115
13116
13117
13118
13119
13120
13121
13122
13123
13124
13125
13126
13127
13128
13129
13130
13131
13132
13133
13134
50371
51005
51062
51180
39
209
275
530
531
592
593
594
595
596
597
598
599
600
601
602
603
604
605
606
607
608
651
653
655
650
652
654
765
746
747
748
749
750
751
752
753
754
755
756
757
758
759
760
761
762
763
764
835
837
840
834
836
838
839
815
816
817
818
819
820
821
822
823
824
825
826
827
828
829
830
831
832
833
1092
1272
1846
2087
2179
2267
2357
2480
2607
2878
2879
2880
2881
2882
2883
2884
2885
2886
2887
2971
2972
2973
2974
2975
2976
2977
2978
2979
2980
2981
2982
2983
2984
2985
2986
2987
3132
3133
3134
3135
3136
3137
3138
3139
3140
3141
3142
3143
3144
3145
3146
3147
3246
3245
3247
3244
3538
3540
3541
3537
3539
3527
3528
3529
3530
3531
3532
3533
3534
3535
3536
3510
3511
3512
3513
3514
3515
3516
3517
3518
3519
3520
3521
3522
3523
3524
3525
3526
3494
3495
3496
3497
3498
3499
3500
3501
3502
3503
3504
3505
3506
3507
3508
3509
3967
3963
3970
3962
3965
3968
3969
3964
3966
3952
3953
3954
3955
3956
3957
3958
3959
3960
3961
3935
3936
3937
3938
3939
3940
3941
3942
3943
3944
3945
3946
3947
3948
3949
3950
3951
3919
3920
3921
3922
3923
3924
3925
3926
3927
3928
3929
3930
3931
3932
3933
3934
9649
9784
9940
10155
10156
10157
10158
10159
10160
10161
10162
10163
10164
10165
10166
10246
10247
10248
10249
10250
10251
10252
10253
10254
10255
10256
10257
10258
10259
10386
10387
10388
10389
10390
10391
10392
10393
10411
10412
10413
10414
10415
10416
10417
10418
10419
10420
10453
10455
10454
10474
10475
10476
10477
10478
10479
10480
10481
10482
10483
10484
10485
10486
10487
10488
10489
10490
10491
10492
10493
10494
10495
10496
10497
10498
10499
10466
10467
10468
10469
10470
10471
10472
10473
10500
10501
10502
10503
10504
10505
10506
10507
10508
10509
10637
10639
10638
10601
10602
10603
10604
10605
10606
10607
10608
10609
10610
10611
10612
10613
10614
10615
10616
10617
10618
10619
10620
10621
10622
10623
10624
10625
10626
10593
10594
10595
10596
10597
10598
10599
10600
10627
10628
10629
10630
10631
10632
10633
10634
10635
10636
11722
11813
12059
12075
12144
12182
12183
12184
12185
12260
12261
12262
12263
12264
12265
12266
12267
12268
12269
12270
12271
12272
12421
12422
12423
12424
12425
12426
12427
12428
12459
12458
12456
12457
12460
12452
12453
12454
12455
12532
12533
12534
12535
12536
12537
12538
12539
12540
12541
12542
12543
12544
12545
12546
12547
12548
12549
12550
12551
12552
12696
12695
12693
12694
12697
12681
12682
12683
12684
12668
12669
12670
12671
12672
12673
12674
12675
12676
12677
12678
12679
12680
12685
12686
12687
12688
12689
12690
12691
12692
12871
12940
13369
13370
13371
13372
13447
13448
13449
13450
13451
13452
13453
13454
13455
13456
13457
13606
13607
13676
13677
13678
13679
13680
13681
13682
13683
13684
13685
13686
13687
13688
13689
13690
13745
13746
13730
13731
13732
13733
13734
13735
13736
13737
13738
13739
13740
13741
13742
13743
13744
14543
14662
14690
14721
14839
14840
14841
14842
14843
14844
14845
14846
14847
14848
14849
14850
14887
14888
14936
14937
14924
14925
14926
14927
14928
14929
14930
14931
14932
14933
14934
14935
15035
15036
15037
15038
15023
15024
15025
15026
15027
15028
15029
15030
15031
15032
15033
15034
16287
16388
16456
16605
16642
16641
16709
16710
16868
16867
16869
16870
19334
19355
19485
19550
19551
19552
19553
19554
19555
19556
19557
19558
19559
19560
19561
19562
19563
19564
19565
19566
19567
19568
19569
19570
19637
19638
19639
19640
19641
19642
19643
19644
19645
19646
19647
19648
19649
19650
19651
19652
19653
19654
19655
19656
19657
19658
19659
19660
19661
19662
19663
19664
19665
19666
19706
19707
19708
19709
19710
19711
19712
19713
19714
19715
19716
19717
19718
19719
19720
19721
19784
19785
19786
19733
19734
19735
19736
19737
19738
19739
19740
19741
19742
19743
19744
19745
19746
19747
19748
19749
19750
19751
19752
19753
19754
19755
19756
19757
19758
19759
19760
19761
19762
19763
19764
19765
19766
19767
19768
19769
19770
19771
19772
19773
19774
19775
19776
19777
19778
19779
19780
19781
19782
19783
20028
20029
20030
20031
20032
20033
20034
20035
20036
20037
20038
20039
20040
20041
20042
20043
20177
20178
20179
20110
20111
20112
20113
20114
20115
20116
20117
20118
20119
20120
20121
20122
20123
20124
20125
20126
20127
20128
20129
20130
20131
20132
20133
20134
20135
20136
20137
20138
20139
20140
20141
20142
20143
20144
20145
20146
20147
20148
20149
20150
20151
20152
20153
20154
20155
20156
20157
20158
20159
20160
20161
20162
20163
20164
20165
20166
20167
20168
20169
20170
20171
20172
20173
20174
20175
20176
22012
22116
22181
22336
22337
22338
22339
22340
22341
22342
22343
22344
22345
22346
22347
22348
22349
22350
22351
22352
22465
22466
22467
22468
22469
22470
22471
22472
22473
22474
22475
22476
22477
22478
22479
22480
22481
22518
22516
22517
22499
22500
22501
22502
22503
22504
22505
22506
22507
22508
22509
22510
22511
22512
22513
22514
22515
22547
22548
22549
22550
22551
22552
22553
22554
22555
22556
22557
22558
22559
22560
22561
22562
22563
22685
22683
22684
22649
22650
22651
22652
22653
22654
22655
22656
22657
22658
22659
22660
22661
22662
22663
22664
22665
22666
22667
22668
22669
22670
22671
22672
22673
22674
22675
22676
22677
22678
22679
22680
22681
22682
24027
24093
24285
24312
24373
24478
24489
24490
24491
24492
24493
24494
24495
24496
24497
24498
24499
24500
24501
24512
24513
24514
24515
24516
24517
24529
24530
24531
24532
24533
24534
24535
24536
24537
24538
24539
24540
24541
24695
24696
24697
24698
24699
24700
24682
24683
24684
24685
24686
24687
24688
24689
24690
24691
24692
24693
24694
33982
34064
34182
34236
34295
34348
34349
34394
34494
34639
34704
34841
34905
34906
34907
34908
34954
34955
34956
34957
34958
34959
34960
34961
34962
34963
34964
34965
35064
35065
35146
35139
35144
35145
35148
35142
35141
35147
35140
35143
35123
35124
35125
35126
35127
35128
35129
35130
35131
35132
35133
35134
35135
35136
35137
35138
35225
35228
35229
35220
35226
35227
35231
35223
35222
35230
35221
35224
35204
35205
35206
35207
35208
35209
35210
35211
35212
35213
35214
35215
35216
35217
35218
35219
36666
36678
36831
36832
36833
36834
36835
36836
36837
36859
36860
36861
36862
36863
36864
36905
36906
36907
36908
36909
36910
36988
36989
36990
36976
36977
36978
36979
36980
36981
36982
36983
36984
36985
36986
36987
37010
37011
37012
37013
37014
37015
37089
37090
37091
37071
37072
37073
37074
37075
37076
37077
37078
37079
37080
37081
37082
37083
37084
37085
37086
37087
37088
38602
38657
38667
38844
38869
38870
38871
38892
38935
38936
38937
38938
39711
39834
39908
39924
39925
39926
39927
39928
39929
39930
39977
39978
39979
39980
39981
39982
39983
39984
39985
39986
39987
39988
39989
39990
40073
40074
40075
40066
40067
40068
40069
40070
40071
40072
40097
40098
40099
40100
40101
40102
40103
40104
40105
40106
40107
40108
40109
40110
40289
40290
40291
40268
40269
40270
40271
40272
40273
40274
40275
40276
40277
40278
40279
40280
40281
40282
40283
40284
40285
40286
40287
40288
42203
42295
42346
42437
42534
42535
42536
42537
42538
42539
42540
42541
42542
42543
42544
42545
42546
42547
42548
42558
42559
42670
42671
42655
42656
42657
42658
42659
42660
42661
42662
42663
42664
42665
42666
42667
42668
42669
42741
42742
42743
42744
42726
42727
42728
42729
42730
42731
42732
42733
42734
42735
42736
42737
42738
42739
42740
47121
47124
47125
47126
47127
47128
47129
47130
47131
47132
47136
47137
47138
47139
47140
47141
47142
47143
47144
47145
47155
47156
47157
47158
47159
47160
47161
47162
47163
47164
47177
47178
47179
47180
47181
47182
47183
47184
47185
47186
47187
47188
47189
47190
47191
47192
47193
47194
47195
47196
47197
47198
47199
47200
47201
47214
47220
47210
47229
47206
47215
47216
47205
47212
47213
47208
47211
47218
47233
47221
47234
47223
47235
47228
47230
47209
47204
47207
47219
47231
47224
47232
47226
47217
47222
47225
47227
47202
47203
47241
47236
47237
47238
47239
47240
47242
47243
47244
47245
47246
47247
47248
47249
47250
47251
47252
47253
47254
47255
47256
47290
47296
47286
47305
47282
47291
47292
47281
47288
47289
47284
47287
47294
47309
47297
47310
47299
47311
47304
47306
47285
47280
47283
47295
47307
47300
47308
47302
47293
47298
47301
47303
47275
47276
47262
47257
47258
47259
47260
47261
47263
47264
47265
47266
47267
47268
47269
47270
47271
47272
47273
47274
47277
47278
47279
47350
47351
47352
47353
47354
47355
47356
47357
47358
47359
47360
47361
47362
47363
47364
47365
47366
47367
47368
47369
47370
47371
47372
47373
47374
47375
47376
47377
47378
47379
47380
47381
47382
47383
47384
47385
47386
47387
47388
47389
47390
47391
47392
47428
47429
47430
47394
47395
47396
47397
47398
47399
47400
47401
47402
47403
47404
47405
47406
47407
47408
47409
47410
47411
47412
47413
47414
47415
47416
47417
47418
47419
47420
47421
47422
47423
47424
47425
47426
47427
47465
47466
47467
47468
47469
47470
47431
47432
47433
47434
47435
47436
47437
47438
47439
47440
47441
47442
47443
47444
47445
47446
47447
47448
47449
47450
47451
47452
47453
47454
47455
47456
47457
47458
47459
47460
47461
47462
47463
47464
47680
47681
47682
47683
47684
47685
47686
47687
47688
47689
47690
47691
47692
47693
47694
47695
47696
47697
47698
47699
47700
47701
47702
47703
47704
47705
47706
47707
47708
47709
47710
47711
47712
47713
47714
47715
47716
47717
47718
47720
47719
47755
47751
47752
47753
47754
47721
47722
47723
47724
47725
47726
47727
47728
47729
47730
47731
47732
47733
47734
47735
47736
47737
47738
47739
47740
47741
47742
47743
47744
47745
47746
47747
47748
47749
47750
47790
47792
47791
47793
47786
47787
47788
47789
47756
47757
47758
47759
47760
47761
47762
47763
47764
47765
47766
47767
47768
47769
47770
47771
47772
47773
47774
47775
47776
47777
47778
47779
47780
47781
47782
47783
47784
47785
48659
48660
48661
48662
48664
48665
48666
48667
48668
48669
48670
48671
48672
48673
48674
48675
48676
48677
48678
48679
48680
48681
48682
48683
48684
48685
48686
48687
48688
48689
48690
48691
48692
48693
48694
48695
48696
48697
48698
48708
48709
48710
48711
48712
48713
48714
48699
48700
48701
48702
48703
48704
48705
48706
48707
48715
48716
48717
48718
48719
48720
48721
48722
48723
48724
48725
48726
48727
48728
48729
48730
48731
48732
48733
48734
48735
48736
48737
48770
48771
48772
48773
48774
48775
48776
48738
48739
48740
48741
48742
48743
48744
48745
48746
48747
48748
48749
48750
48751
48752
48753
48754
48755
48756
48757
48758
48759
48760
48761
48762
48763
48764
48765
48766
48767
48768
48769
49180
49181
49182
49183
49184
49185
49186
49187
49188
49189
49190
49191
49192
49193
49194
49195
49196
49197
49198
49199
49200
49201
49210
49211
49212
49202
49203
49204
49205
49206
49207
49208
49209
49220
49221
49222
49223
49225
49224
49226
49227
49231
49228
49229
49230
49325
49326
49331
49332
49333
49334
49335
49336
49337
49338
49339
49340
49346
49347
49348
49349
49350
49351
49352
49353
49354
49355
49356
49357
49358
49359
49360
49361
49362
49363
49364
49365
49366
49367
49368
49369
49370
49371
49372
49373
49374
49375
49376
49377
49378
49379
49380
49381
49382
49383
49384
49385
49386
49387
49388
49389
49390
49391
49394
49392
49393
49441
49442
49443
49444
49445
49446
49447
49448
49449
49395
49396
49397
49398
49399
49400
49401
49402
49403
49404
49405
49406
49407
49408
49409
49410
49411
49412
49413
49414
49415
49416
49417
49418
49419
49420
49421
49422
49423
49424
49425
49426
49427
49428
49429
49430
49431
49432
49433
49434
49435
49436
49437
49438
49439
49440
49507
49505
49506
49496
49497
49498
49499
49500
49501
49502
49503
49504
49450
49451
49452
49453
49454
49455
49456
49457
49458
49459
49460
49461
49462
49463
49464
49465
49466
49467
49468
49469
49470
49471
49472
49473
49474
49475
49476
49477
49478
49479
49480
49481
49482
49483
49484
49485
49486
49487
49488
49489
49490
49491
49492
49493
49494
49495
49722
49723
49724
49725
49726
49727
49728
49729
49730
49731
49732
49733
49736
49735
49734
49737
49738
49739
49740
49741
49742
49743
49744
49745
49756
49755
49754
49757
49746
49747
49748
49749
49750
49751
49752
49753
50441
50442
50443
50444
50445
50446
50447
50448
50449
50450
50451
50452
50453
50454
50455
50456
50457
50458
50459
50460
50461
50462
50463
50464
50465
50466
50467
50468
50469
50470
50471
50472
50473
50474
50475
50476
50478
50477
50511
50510
50509
50512
50479
50480
50481
50482
50483
50484
50485
50486
50487
50488
50489
50490
50491
50492
50500
50501
50502
50503
50504
50505
50506
50507
50508
50493
50494
50495
50496
50497
50498
50499
50548
50544
50546
50545
50543
50547
50513
50514
50515
50516
50517
50518
50519
50520
50521
50522
50523
50524
50525
50526
50534
50535
50536
50537
50538
50539
50540
50541
50542
50527
50528
50529
50530
50531
50532
50533
527
528
529
532
533
534
535
536
537
538
539
540
541
542
543
544
545
546
547
548
549
551
555
553
554
550
552
569
570
567
568
556
557
558
559
560
561
562
563
564
565
566
586
591
589
590
585
588
584
587
582
583
571
572
573
574
575
576
577
578
579
580
581
641
642
643
644
645
646
647
648
649
656
657
658
659
660
661
662
663
664
665
666
667
668
669
670
671
672
673
674
675
676
677
679
678
700
704
703
699
701
708
702
707
705
706
687
688
689
690
691
692
693
694
695
696
697
698
680
681
682
683
684
685
686
734
728
730
735
733
729
731
739
732
738
736
737
716
717
718
719
720
721
722
723
724
725
726
727
709
710
711
712
713
714
715
960
2358
2359
2360
2361
2362
2363
2364
2365
2366
2367
2368
2369
2370
2371
2372
2373
2374
2375
2376
2377
2378
2379
2380
2381
2382
2383
2384
2385
2386
2387
2388
2389
2390
2391
2392
2393
2394
2395
2396
2397
2398
2399
2400
2401
2402
2403
2404
2405
2406
2407
2408
2409
2410
2411
2412
2413
2414
2415
2416
2417
2418
2449
2450
2451
2452
2419
2420
2421
2422
2423
2424
2425
2426
2427
2428
2429
2430
2431
2432
2433
2434
2435
2436
2437
2438
2439
2440
2441
2442
2443
2444
2445
2446
2447
2448
2453
2454
2455
2456
2457
2458
2459
2460
2461
2462
2463
2464
2465
2466
2467
2468
2469
2470
2471
2472
2473
2474
2475
2476
2477
2478
2479
2538
2539
2540
2541
2481
2482
2483
2484
2485
2486
2487
2488
2489
2490
2491
2492
2493
2494
2495
2496
2497
2498
2499
2500
2501
2502
2503
2504
2505
2506
2507
2508
2509
2510
2511
2512
2513
2514
2515
2516
2517
2518
2519
2520
2521
2522
2523
2524
2525
2526
2527
2528
2529
2530
2531
2532
2533
2534
2535
2536
2537
2949
2950
2951
2952
2953
2954
2955
2956
2957
2958
2959
2960
2961
2962
2963
2964
2965
2966
2967
2968
2969
2988
2989
2990
2991
2992
2993
2994
2995
2996
2997
2998
2999
3000
3001
3002
3003
3004
3005
3006
3007
3008
3009
3010
3011
3012
3013
3014
3015
3045
3047
3050
3046
3049
3048
3016
3017
3018
3019
3020
3021
3022
3023
3024
3025
3026
3027
3028
3029
3030
3031
3032
3033
3034
3035
3036
3037
3038
3039
3040
3041
3042
3043
3044
3051
3052
3053
3054
3055
3056
3057
3058
3059
3060
3061
3062
3063
3064
3108
3110
3113
3109
3112
3111
3065
3066
3067
3068
3069
3070
3071
3072
3073
3074
3075
3076
3077
3078
3079
3080
3081
3082
3083
3084
3085
3086
3087
3088
3089
3090
3091
3092
3093
3094
3095
3096
3097
3098
3099
3100
3101
3102
3103
3104
3105
3106
3107
3122
3123
3124
3125
3126
3127
3128
3129
3130
3131
3148
3149
3157
3150
3151
3152
3153
3154
3155
3156
3165
3166
3167
3158
3159
3160
3161
3162
3163
3164
4576
4577
4578
4579
4580
4583
4584
4585
4586
4587
4588
4589
4590
4591
4592
4593
4594
4595
4596
4597
4598
4599
4600
4601
4602
4603
4604
4605
4606
4607
4608
4609
4610
4611
4612
4613
4614
4615
4616
4617
4618
4619
4620
4621
4622
4623
4624
4625
4626
4627
4628
4629
4630
4631
4632
4633
4634
4635
4636
4637
4638
4642
4641
4639
4640
4698
4699
4700
4697
4696
4672
4673
4674
4675
4676
4677
4678
4679
4680
4681
4682
4683
4684
4685
4686
4687
4670
4671
4656
4657
4658
4659
4660
4661
4662
4663
4664
4665
4666
4667
4668
4669
4644
4645
4646
4647
4648
4649
4650
4651
4652
4653
4654
4655
4688
4689
4690
4691
4692
4693
4694
4695
4761
4759
4753
4756
4757
4758
4760
4755
4754
4729
4730
4731
4732
4733
4734
4735
4736
4737
4738
4739
4740
4741
4742
4743
4744
4727
4728
4713
4714
4715
4716
4717
4718
4719
4720
4721
4722
4723
4724
4725
4726
4701
4702
4703
4704
4705
4706
4707
4708
4709
4710
4711
4712
4745
4746
4747
4748
4749
4750
4751
4752
4870
4871
4872
4873
4875
4876
4877
4878
4879
4880
4881
4882
4883
4884
4886
4887
4888
4889
4890
4891
4892
4893
4894
4895
4896
4897
4898
4899
4900
4901
4902
4903
4904
4905
4906
4907
4908
4909
4910
4912
4913
4914
4915
4916
4917
4918
4919
4920
4921
4923
4924
4925
4926
4927
4928
4929
4930
4931
4935
4934
4932
4933
4968
4972
4970
4971
4973
4976
4977
4983
4936
4937
4938
4939
4940
4941
4942
4943
4944
4945
4946
4947
4948
4949
4950
4951
4952
4953
4978
4958
4959
4960
4961
4962
4963
4964
4965
4966
4967
4969
4974
4975
4980
4979
4981
4982
4954
4955
4956
4957
5008
5010
5013
5023
5021
5019
5020
5022
5027
5025
5026
5028
5031
5032
5038
4984
4985
4986
4987
4988
4989
4990
4991
4992
4993
4994
4995
4996
4997
4998
4999
5000
5001
5033
5006
5007
5009
5011
5012
5014
5015
5016
5017
5018
5024
5029
5030
5035
5034
5036
5037
5002
5003
5004
5005
5240
5241
5242
5243
5250
5251
5252
5253
5254
5255
5256
5257
5258
5259
5260
5261
5262
5263
5264
5265
5266
5273
5268
5274
5270
5267
5269
5275
5271
5272
5276
5277
5278
5279
5280
5281
5282
5283
5284
5285
5286
5287
5306
5301
5307
5303
5300
5302
5308
5304
5305
5288
5289
5290
5291
5292
5293
5294
5295
5296
5297
5298
5299
5416
5417
5418
5419
5420
5421
5422
5423
5424
5425
5426
5427
5428
5429
5430
5431
5432
5433
5434
5435
5436
5437
5438
5439
5440
5441
5442
5443
5444
5445
5446
5447
5448
5449
5450
5451
5452
5453
5454
5455
5456
5457
5458
5459
5460
5461
5462
5463
5464
5465
5466
5467
5468
5469
5470
5471
5472
5473
5474
5475
5476
5477
5478
5479
5480
5481
5482
5483
5484
5485
5486
5487
5488
5489
5490
5491
5492
5493
5494
5495
5496
5497
5517
5518
5519
5598
5520
5521
5522
5523
5524
5525
5526
5527
5528
5529
5530
5531
5532
5533
5534
5535
5536
5537
5538
5539
5540
5541
5542
5543
5544
5545
5546
5547
5548
5549
5550
5551
5552
5553
5554
5555
5556
5557
5558
5559
5560
5561
5562
5563
5564
5565
5566
5567
5568
5569
5570
5571
5572
5573
5574
5575
5576
5577
5578
5579
5580
5581
5582
5583
5584
5585
5586
5587
5588
5589
5590
5591
5592
5593
5594
5595
5596
5597
5677
5678
5679
5680
5599
5600
5601
5602
5603
5604
5605
5606
5607
5608
5609
5610
5611
5612
5613
5614
5615
5616
5617
5618
5619
5620
5621
5622
5623
5624
5625
5626
5627
5628
5629
5630
5631
5632
5633
5634
5635
5636
5637
5638
5639
5640
5641
5642
5643
5644
5645
5646
5647
5648
5649
5650
5651
5652
5653
5654
5655
5656
5657
5658
5659
5660
5661
5662
5663
5664
5665
5666
5667
5668
5669
5670
5671
5672
5673
5674
5675
5676
5949
5950
5951
5952
5953
5954
5955
5956
5957
5958
5959
5960
5961
5962
5963
5964
5965
5966
5967
5968
5969
5970
5971
5972
5973
5974
5975
5976
5977
5978
5979
5980
5981
5982
5983
5984
5985
5986
5987
5988
6020
6000
6001
6002
6003
6004
6005
6006
6007
6008
6009
6010
6011
6012
6013
6014
6015
6016
6017
6018
6019
6021
6022
6023
6024
6025
6026
6027
6028
6029
6030
6031
6032
6033
6034
6035
6036
6037
6038
6039
6079
6040
6041
6042
6043
6044
6045
6046
6047
6048
6049
6050
6051
6052
6053
6054
6055
6056
6057
6058
6059
6060
6061
6062
6063
6064
6065
6066
6067
6068
6069
6070
6071
6072
6073
6074
6075
6076
6077
6078
6195
6197
6198
6199
6200
6201
6202
6203
6204
6205
6206
6207
6209
6208
6219
6210
6211
6212
6213
6214
6215
6216
6217
6218
6231
6229
6230
6220
6221
6222
6223
6224
6225
6226
6227
6228
6433
6434
6435
6436
6438
6439
6440
6441
6442
6443
6444
6445
6446
6447
6448
6449
6450
6451
6452
6453
6454
6455
6456
6457
6458
6459
6460
6461
6462
6463
6464
6465
6466
6467
6468
6469
6470
6471
6472
6473
6474
6475
6476
6477
6478
6479
6480
6481
6482
6483
6484
6485
6486
6487
6488
6489
6490
6491
6492
6493
6494
6495
6496
6497
6498
6499
6500
6501
6502
6503
6504
6505
6506
6507
6508
6509
6510
6511
6512
6513
6514
6515
6516
6517
6518
6519
6520
6521
6522
6523
6524
6525
6526
6527
6528
6529
6530
6531
6532
6533
6534
6535
6536
6537
6538
6539
6540
6541
6542
6543
6544
6545
6546
6547
6548
6549
6550
6551
6552
6553
6554
6555
6556
6557
6558
6559
6560
6561
6562
6563
6564
6565
6566
6567
6568
6569
6570
6571
6572
6573
6639
6632
6633
6634
6635
6636
6637
6638
6574
6575
6576
6577
6578
6579
6580
6581
6582
6583
6584
6585
6586
6587
6588
6589
6590
6591
6592
6593
6594
6595
6596
6597
6598
6599
6600
6601
6602
6603
6604
6605
6606
6607
6608
6609
6610
6611
6612
6613
6614
6615
6616
6617
6618
6619
6620
6621
6622
6623
6624
6625
6626
6627
6628
6629
6630
6631
6641
6642
6643
6644
6645
6646
6647
6648
6649
6650
6651
6652
6653
6654
6655
6656
6657
6658
6659
6660
6661
6662
6663
6664
6665
6666
6667
6668
6669
6670
6671
6672
6673
6674
6675
6676
6677
6678
6679
6680
6681
6682
6683
6684
6685
6686
6687
6688
6689
6690
6691
6692
6693
6694
6695
6696
6697
6698
6699
6700
6701
6702
6703
6704
6705
6706
6707
6708
6709
6710
6711
6712
6713
6714
6854
6847
6848
6849
6850
6851
6852
6853
6715
6716
6717
6718
6719
6720
6721
6722
6723
6724
6725
6726
6727
6728
6729
6730
6731
6732
6733
6734
6735
6736
6737
6738
6739
6740
6741
6742
6743
6744
6745
6746
6747
6748
6749
6750
6751
6752
6753
6754
6755
6756
6757
6758
6759
6760
6761
6762
6763
6764
6765
6766
6767
6768
6769
6770
6771
6772
6773
6774
6775
6776
6777
6778
6779
6780
6781
6782
6783
6784
6785
6786
6787
6788
6789
6790
6791
6792
6793
6794
6795
6796
6797
6798
6799
6800
6801
6802
6803
6804
6805
6806
6807
6808
6809
6810
6811
6812
6813
6814
6815
6816
6817
6818
6819
6820
6821
6822
6823
6824
6825
6826
6827
6828
6829
6830
6831
6832
6833
6834
6835
6836
6837
6838
6839
6840
6841
6842
6843
6844
6845
6846
7415
7417
7418
7419
7420
7421
7422
7423
7424
7425
7426
7427
7428
7429
7430
7431
7432
7434
7435
7433
7436
7437
7438
7439
7440
7441
7442
7443
7444
7445
7446
7447
7448
7449
7465
7466
7464
7450
7451
7452
7453
7454
7455
7456
7457
7458
7459
7460
7461
7462
7463
7880
7881
7886
7888
7887
7889
7892
7891
7890
8430
8431
8432
8433
8434
8435
8436
8437
8438
8440
8439
8441
8442
8443
8444
8445
8451
8453
8452
8446
8447
8448
8449
8450
8455
8457
8458
8459
8460
8461
8462
8463
8464
8465
8466
8467
8468
8469
8470
8471
8472
8473
8474
8475
8476
8477
8478
8479
8480
8481
8482
8483
8484
8485
8486
8487
8488
8489
8490
8491
8492
8493
8494
8495
8496
8497
8498
8499
8500
8501
8502
8503
8504
8505
8506
8507
8508
8509
8510
8511
8512
8513
8514
8515
8516
8517
8518
8519
8520
8521
8552
8553
8554
8522
8523
8524
8525
8526
8527
8528
8529
8530
8531
8532
8533
8534
8535
8536
8537
8538
8539
8540
8541
8542
8543
8544
8545
8546
8547
8548
8549
8550
8551
8713
8715
8716
8717
8718
8719
8720
8721
8722
8723
8724
8725
8726
8727
8728
8729
8730
8731
8732
8733
8734
8735
8736
8737
8738
8739
8740
8741
8742
8743
8744
8745
8773
8772
8771
8770
8746
8747
8748
8749
8750
8751
8752
8753
8754
8755
8756
8757
8758
8759
8760
8761
8762
8763
8764
8765
8766
8767
8768
8769
8798
8802
8803
8801
8800
8799
8774
8775
8776
8777
8778
8779
8780
8781
8782
8783
8784
8785
8786
8787
8788
8789
8790
8791
8792
8793
8794
8795
8796
8797
8843
8844
8845
8847
8848
8849
8850
8851
8852
8853
8854
8855
8856
8857
8858
8859
8860
8861
8862
8863
8864
8865
8866
8867
8868
8872
8869
8871
8870
8893
8889
8890
8891
8892
8873
8874
8875
8876
8877
8878
8879
8880
8881
8882
8883
8884
8885
8886
8887
8888
8935
8931
8933
8932
8934
8927
8928
8929
8930
8911
8912
8913
8914
8915
8916
8917
8918
8919
8920
8921
8922
8923
8924
8925
8926
9169
9170
9171
9172
9173
9174
9175
9176
9177
9178
9179
9180
9181
9182
9184
9183
9194
9185
9186
9187
9188
9189
9190
9191
9192
9193
9204
9207
9206
9205
9195
9196
9197
9198
9199
9200
9201
9202
9203
9488
9489
9490
9491
9492
9493
9494
9495
9496
9497
9498
9499
9500
9501
9502
9503
9504
9505
9506
9507
9508
9509
9510
9511
9512
9513
9514
9532
9515
9516
9517
9518
9519
9520
9521
9522
9523
9524
9525
9526
9527
9528
9529
9530
9531
9533
9534
9535
9536
9537
9538
9539
9540
9541
9568
9542
9543
9544
9545
9546
9547
9548
9549
9550
9551
9552
9553
9554
9555
9556
9557
9558
9559
9560
9561
9562
9563
9564
9565
9566
9567
10848
10849
10850
10851
10868
10869
10870
10871
10873
10874
10875
10876
10877
10878
10879
10880
10881
10882
10886
10887
10888
10889
10890
10891
10892
10893
10894
10895
10896
10897
10898
10899
10900
10901
10902
10903
10904
10905
10906
10907
10908
10909
10910
10911
10912
10913
10914
10915
10916
10917
10918
10919
10920
10921
10922
10923
10924
10925
10926
10927
10928
10929
10930
10931
10932
10933
10934
10935
10936
10937
10938
10939
10940
10941
10942
10943
10944
10945
10946
10947
10948
10949
10950
10951
10952
10953
10954
10955
10956
10957
10958
10959
10960
10961
10962
10963
10964
10965
10966
10967
10968
10969
10970
10971
10972
10973
10974
10975
10976
10977
10978
10986
10981
10985
10982
10979
10980
10983
10984
11080
11081
11082
11083
11084
11085
10987
10988
10989
10990
10991
11021
11022
11023
11024
11025
11026
10992
10993
10994
10995
10996
10997
10998
10999
11000
11001
11002
11003
11004
11005
11006
11007
11008
11009
11010
11011
11012
11013
11014
11015
11016
11017
11018
11019
11020
11027
11028
11029
11030
11031
11032
11033
11034
11035
11036
11037
11038
11039
11040
11041
11042
11043
11044
11045
11046
11047
11048
11049
11050
11051
11052
11053
11054
11055
11056
11057
11058
11059
11060
11061
11062
11063
11064
11065
11066
11067
11068
11069
11070
11071
11072
11073
11074
11075
11076
11077
11078
11079
11192
11181
11191
11182
11179
11180
11183
11184
11185
11186
11187
11188
11189
11190
11086
11087
11088
11089
11090
11120
11121
11122
11123
11124
11125
11091
11092
11093
11094
11095
11096
11097
11098
11099
11100
11101
11102
11103
11104
11105
11106
11107
11108
11109
11110
11111
11112
11113
11114
11115
11116
11117
11118
11119
11126
11127
11128
11129
11130
11131
11132
11133
11134
11135
11136
11137
11138
11139
11140
11141
11142
11143
11144
11145
11146
11147
11148
11149
11150
11151
11152
11153
11154
11155
11156
11157
11158
11159
11160
11161
11162
11163
11164
11165
11166
11167
11168
11169
11170
11171
11172
11173
11174
11175
11176
11177
11178
11243
11244
11245
11246
11247
11248
11249
11250
11251
11254
11253
11252
11255
11260
11259
11256
11257
11258
11267
11265
11264
11268
11269
11266
11261
11262
11263
12443
12444
12445
12446
12447
12448
12449
12450
12451
12461
12462
12463
12464
12465
12466
12467
12468
12469
12470
12471
12472
12473
12474
12475
12476
12477
12480
12481
12478
12479
12502
12497
12499
12503
12498
12500
12501
12496
12483
12484
12485
12486
12487
12488
12489
12490
12491
12492
12493
12494
12495
12482
12523
12528
12518
12521
12527
12520
12524
12529
12522
12525
12526
12519
12505
12506
12507
12508
12509
12510
12511
12512
12513
12514
12515
12516
12517
12504
12667
12698
12699
12700
12701
12702
12703
12704
12705
12706
12707
12708
12709
12710
12711
12712
12713
12714
12715
12716
12717
12718
12719
12720
12721
12722
12723
12724
12725
12726
12727
12728
12729
12730
12731
12732
12733
12734
12735
12736
12737
12738
12739
12743
12746
12744
12745
12740
12741
12742
12763
12764
12765
12766
12767
12768
12769
12770
12771
12772
12773
12774
12775
12776
12777
12778
12779
12753
12754
12755
12756
12757
12758
12759
12760
12761
12762
12780
12781
12782
12747
12748
12749
12750
12751
12752
12824
12827
12825
12826
12821
12822
12823
12801
12802
12803
12804
12805
12806
12807
12808
12809
12810
12811
12812
12813
12814
12815
12816
12817
12791
12792
12793
12794
12795
12796
12797
12798
12799
12800
12818
12819
12820
12785
12786
12787
12788
12789
12790
12937
12938
12939
12941
12942
12943
12944
12945
12946
12947
12948
12949
12950
12951
12952
12953
12954
12955
12956
12957
12958
12959
12960
12961
12962
12963
12964
12966
12965
12972
12973
12974
12975
12976
12977
12967
12968
12969
12970
12971
12987
12988
12989
12978
12979
12980
12981
12982
12983
12984
12985
12986
13013
13015
13014
12995
12996
12997
12998
12999
13000
12990
12991
12992
12993
12994
13010
13011
13012
13001
13002
13003
13004
13005
13006
13007
13008
13009
13630
13631
13632
13633
13634
13635
13636
13637
13638
13639
13640
13641
13642
13643
13644
13645
13646
13647
13648
13649
13650
13651
13652
13653
13654
13672
13673
13674
13675
13655
13656
13657
13658
13659
13660
13661
13662
13663
13664
13665
13666
13667
13668
13669
13670
13671
13708
13709
13710
13711
13712
13713
13691
13692
13693
13694
13695
13696
13697
13698
13699
13700
13701
13702
13703
13704
13705
13706
13707
13882
13883
13890
13891
13892
13893
13894
13895
13896
13897
13898
13899
13901
13902
13903
13904
13905
13906
13907
13908
13909
13910
13911
13912
13913
13914
13915
13916
13917
13918
13919
13942
13921
13938
13931
13922
13934
13943
13937
13925
13920
13941
13924
13936
13939
13940
13944
13935
13923
13926
13927
13928
13929
13930
13932
13933
13949
13950
13946
13947
13948
13945
14021
13998
14017
14008
13999
14013
14022
14016
14002
13997
14020
14001
14015
14018
14019
14023
14014
14000
14003
14004
14005
14006
14007
14009
14010
14011
14012
13994
13995
13996
13993
14105
14106
14107
14109
14108
14110
14113
14111
14112
14417
14418
14419
14420
14421
14422
14423
14424
14425
14426
14427
14428
14429
14430
14431
14432
14433
14434
14435
14436
14437
14438
14449
14450
14439
14440
14441
14442
14443
14444
14445
14446
14447
14448
14451
14452
14453
14454
14455
14456
14457
14458
14459
14460
14481
14482
14461
14462
14463
14464
14465
14466
14467
14468
14469
14470
14471
14472
14473
14474
14475
14476
14477
14478
14479
14480
14503
14504
14505
14506
14507
14508
14509
14511
14510
14516
14515
14512
14513
14514
14523
14522
14521
14520
14517
14518
14519
14863
14864
14865
14866
14867
14868
14869
14870
14871
14872
14873
14874
14879
14877
14878
14875
14876
14880
14881
14882
14883
14884
14885
14886
14900
14898
14899
14889
14890
14891
14892
14893
14894
14895
14896
14897
15056
15057
15058
15059
15060
15061
15062
15063
15067
15064
15065
15066
15071
15072
15073
15068
15069
15070
15304
15305
15306
15307
15308
15309
15310
15311
15312
15313
15314
15315
15316
15317
15318
15319
15320
15321
15322
15323
15324
15325
15326
15327
15328
15329
15330
15331
15332
15333
15334
15335
15336
15337
15338
15355
15356
15354
15339
15340
15341
15342
15343
15344
15345
15346
15347
15348
15349
15350
15351
15352
15353
15365
15366
15367
15368
15369
15370
15371
15372
15373
15374
15358
15359
15360
15361
15362
15363
15364
15408
15409
15407
15392
15393
15394
15395
15396
15397
15398
15399
15400
15401
15402
15403
15404
15405
15406
15382
15383
15384
15385
15386
15387
15388
15389
15390
15391
15375
15376
15377
15378
15379
15380
15381
15725
15726
15727
15728
15736
15737
15960
15961
15962
15963
15964
15965
15966
15967
15968
15969
15970
15971
15972
15973
15974
15975
15976
15977
16035
16036
16025
16026
16027
16028
16029
16030
16031
16032
16033
16034
16047
16048
16051
16049
16050
16037
16038
16039
16040
16041
16042
16043
16044
16045
16046
16093
16094
16095
16096
16097
16098
16389
16390
16391
16392
16393
16394
16395
16396
16397
16398
16399
16400
16401
16402
16403
16404
16405
16406
16407
16408
16409
16410
16411
16412
16413
16414
16415
16416
16417
16418
16419
16420
16421
16422
16423
16424
16425
16426
16427
16428
16429
16430
16431
16432
16433
16434
16435
16436
16437
16438
16439
16440
16441
16442
16443
16444
16445
16446
16447
16448
16449
16450
16451
16452
16453
16454
16462
16457
16458
16459
16460
16461
16522
16463
16464
16465
16466
16467
16468
16469
16470
16471
16472
16473
16474
16475
16476
16477
16478
16479
16480
16481
16482
16483
16484
16485
16486
16487
16488
16489
16490
16491
16492
16493
16494
16495
16496
16497
16498
16499
16500
16501
16502
16503
16504
16505
16506
16507
16508
16509
16510
16511
16512
16513
16514
16515
16516
16517
16518
16519
16520
16521
16588
16582
16583
16584
16585
16586
16587
16523
16524
16525
16526
16527
16528
16529
16530
16531
16532
16533
16534
16535
16536
16537
16538
16539
16540
16541
16542
16543
16544
16545
16546
16547
16548
16549
16550
16551
16552
16553
16554
16555
16556
16557
16558
16559
16560
16561
16562
16563
16564
16565
16566
16567
16568
16569
16570
16571
16572
16573
16574
16575
16576
16577
16578
16579
16580
16581
16702
16703
16704
16705
16706
16707
16708
16711
16712
16713
16714
16715
16737
16738
16739
16740
16741
16742
16743
16744
16745
16746
16747
16748
16749
16750
16751
16752
16753
16754
16755
16756
16757
16758
16759
16760
16761
16762
16763
16764
16765
16766
16767
16768
16769
16770
16771
16772
16773
16774
16775
16776
16777
16778
16779
16780
16781
16782
16783
16784
16785
16786
16787
16788
16789
16790
16791
16792
16793
16794
16795
16796
16797
16798
16799
16800
16801
16802
16803
16804
16805
16806
16807
16808
16809
16810
16811
16812
16813
16814
16815
16816
16817
16818
16830
16831
16832
16833
16834
16835
16836
16837
16838
16839
16840
16841
16842
16843
16844
16845
16846
16847
16848
16849
16850
16851
16852
16853
16854
16855
16856
16857
16858
16859
16819
16820
16821
16822
16823
16824
16825
16826
16827
16828
16829
16871
16872
16873
16874
16875
16876
16877
16878
16879
16880
16881
16882
16883
16884
16885
16886
16887
16888
16889
16890
16891
16892
16893
16894
16895
16896
16897
16898
16899
16900
16901
16902
16903
16904
16905
16906
16907
16908
16909
16910
16911
16912
16913
16914
16915
16955
16956
16916
16917
16918
16919
16920
16921
16922
16923
16924
16925
16926
16927
16928
16929
16930
16931
16932
16933
16934
16935
16936
16937
16938
16939
16940
16941
16942
16943
16944
16945
16946
16947
16948
16949
16950
16951
16952
16953
16954
16996
16997
16998
16999
16957
16958
16959
16960
16961
16962
16963
16964
16965
16966
16967
16968
16969
16970
16971
16972
16973
16974
16975
16976
16977
16978
16979
16980
16981
16982
16983
16984
16985
16986
16987
16988
16989
16990
16991
16992
16993
16994
16995
17070
17071
17072
17073
17074
17075
17076
17077
17078
17079
17080
17086
17084
17085
17081
17087
17082
17083
17092
17089
17090
17091
17102
17100
17101
17096
17103
17098
17099
17097
17093
17094
17095
17235
17236
17237
17238
17239
17240
17241
17242
17243
17244
17245
17246
17247
17248
17249
17250
17251
17252
17253
17254
17255
17256
17257
17258
17259
17263
17260
17261
17262
17285
17265
17266
17267
17268
17269
17270
17271
17272
17273
17274
17275
17276
17277
17278
17279
17280
17281
17282
17283
17284
17310
17306
17307
17308
17309
17286
17287
17288
17289
17290
17291
17292
17293
17294
17295
17296
17297
17298
17299
17300
17301
17302
17303
17304
17305
17315
17316
17317
17318
17319
17320
17321
17322
17323
17324
17325
17326
17327
17328
17329
17330
17331
17332
17342
17343
17333
17334
17335
17336
17337
17338
17339
17340
17341
17344
17345
17346
17347
17348
17349
17350
17367
17368
17358
17359
17360
17361
17362
17363
17364
17365
17366
17351
17352
17353
17354
17355
17356
17357
17549
17550
17551
17552
17553
17554
17555
17556
17557
17559
17560
17561
17562
17563
17564
17565
17566
17567
17568
17570
17571
17572
17573
17574
17575
17576
17577
17579
17580
17581
17582
17583
17584
17585
17586
17587
17588
17589
17590
17591
17592
17594
17595
17596
17597
17598
17599
17600
17601
17602
17603
17604
17605
17606
17607
17608
17609
17610
17611
17612
17613
17614
17615
17616
17617
17618
17619
17620
17621
17627
17622
17623
17625
17626
17624
17628
17680
17666
17673
17690
17689
17663
17670
17687
17688
17668
17681
17679
17686
17682
17684
17678
17667
17665
17669
17664
17683
17685
17671
17672
17674
17675
17676
17677
17646
17647
17648
17631
17632
17633
17649
17650
17651
17652
17653
17654
17655
17656
17657
17658
17659
17660
17661
17662
17629
17630
17634
17635
17636
17637
17638
17639
17640
17641
17642
17643
17644
17645
17751
17728
17732
17743
17750
17734
17759
17746
17729
17738
17758
17757
17725
17735
17755
17756
17731
17747
17745
17754
17748
17752
17744
17730
17727
17733
17726
17749
17753
17736
17737
17739
17740
17741
17742
17708
17709
17710
17693
17694
17695
17711
17712
17713
17714
17715
17716
17717
17718
17719
17720
17721
17722
17723
17724
17691
17692
17696
17697
17698
17699
17700
17701
17702
17703
17704
17705
17706
17707
18275
18276
18277
18289
18290
18291
18292
18293
18294
18295
18296
18297
18298
18299
18300
18301
18302
18303
18304
18306
18307
18308
18309
18310
18305
18311
18312
18313
18314
18315
18316
18317
18318
18319
18320
18321
18322
18323
18338
18339
18340
18341
18342
18324
18325
18326
18327
18328
18329
18330
18331
18332
18333
18334
18335
18336
18337
18976
18977
18978
18979
18980
18981
18982
18983
18984
18985
18986
18987
18988
18989
19026
19027
19028
19029
19030
19031
19032
19033
19034
19035
19036
19037
19038
19039
19040
19041
19042
19043
19044
19045
19046
19047
19048
19049
19050
19051
19052
19053
19054
19055
19056
19057
19058
19059
19060
19061
19084
19085
19086
19062
19063
19064
19065
19066
19067
19068
19069
19070
19071
19072
19073
19074
19075
19076
19077
19078
19079
19080
19081
19082
19083
19168
19169
19170
19226
19224
19225
19484
19486
19487
19488
19489
19490
19491
19492
19493
19494
19495
19503
19502
19500
19501
19504
19496
19497
19498
19499
19505
19506
19516
19515
19513
19514
19517
19509
19510
19511
19512
19507
19508
19697
19698
19699
19700
19701
19702
19703
19704
19705
19722
19723
19724
19725
19726
19727
19728
19729
19730
19731
19732
19787
19788
19789
19790
19791
19792
19793
19794
19795
19796
19797
19798
19799
19800
19801
19802
19803
19804
19805
19806
19807
19808
19809
19810
19811
19812
19813
19814
19815
19816
19817
19818
19819
19820
19821
19822
19823
19824
19825
19826
19827
19828
19829
19830
19831
19832
19833
19834
19835
19836
19837
19838
19839
19840
19841
19842
19843
19844
19845
19846
19847
19850
19854
19862
19855
19849
19856
19860
19851
19848
19857
19853
19859
19852
19861
19858
19928
19883
19863
19876
19877
19864
19865
19866
19867
19868
19869
19870
19871
19872
19873
19874
19875
19878
19879
19880
19881
19882
19884
19885
19886
19887
19888
19889
19890
19891
19892
19893
19894
19895
19896
19897
19898
19899
19900
19901
19902
19903
19904
19905
19906
19907
19908
19909
19910
19911
19912
19913
19914
19915
19916
19917
19918
19919
19920
19921
19922
19923
19924
19925
19926
19927
19997
20001
20009
20002
19996
20003
20007
19998
19995
20004
20000
20006
19999
20008
20005
19994
19949
19929
19942
19943
19930
19931
19932
19933
19934
19935
19936
19937
19938
19939
19940
19941
19944
19945
19946
19947
19948
19950
19951
19952
19953
19954
19955
19956
19957
19958
19959
19960
19961
19962
19963
19964
19965
19966
19967
19968
19969
19970
19971
19972
19973
19974
19975
19976
19977
19978
19979
19980
19981
19982
19983
19984
19985
19986
19987
19988
19989
19990
19991
19992
19993
20866
20867
20868
20869
20881
20882
20884
20885
20886
20887
20888
20889
20890
20891
20892
20893
20894
20895
20904
20903
20905
20902
20899
20901
20900
20896
20897
20898
20906
20907
20908
20909
20922
20921
20923
20920
20917
20919
20918
20914
20915
20916
20910
20911
20912
20913
21825
21826
21827
21828
21829
21830
21831
21832
21833
21834
21835
21836
21837
21838
21839
21840
21841
21842
21843
21844
21845
21846
21847
21848
21849
21850
21851
21852
21853
21854
21855
21856
21857
21858
21886
21887
21888
21872
21873
21874
21875
21876
21877
21878
21879
21880
21881
21882
21883
21884
21885
21889
21890
21891
21892
21893
21894
21895
21896
21897
21898
21899
21900
21901
21902
21903
21904
21905
21937
21938
21939
21906
21907
21908
21909
21910
21911
21912
21913
21914
21915
21916
21917
21918
21919
21920
21921
21922
21923
21924
21925
21926
21927
21928
21929
21930
21931
21932
21933
21934
21935
21936
22110
22111
22112
22113
22114
22115
22117
22118
22119
22120
22121
22122
22123
22124
22125
22126
22127
22128
22129
22130
22131
22132
22133
22134
22135
22136
22137
22138
22139
22140
22141
22142
22143
22144
22145
22146
22147
22148
22149
22150
22151
22152
22153
22154
22155
22156
22157
22158
22159
22160
22161
22162
22163
22164
22165
22166
22167
22168
22169
22170
22171
22172
22173
22174
22175
22176
22177
22178
22179
22180
22185
22187
22192
22194
22195
22199
22188
22183
22190
22198
22182
22186
22191
22197
22193
22184
22196
22189
22249
22251
22248
22250
22219
22220
22221
22222
22223
22224
22225
22226
22227
22228
22229
22230
22231
22232
22233
22234
22235
22236
22237
22238
22239
22240
22241
22242
22200
22201
22202
22203
22204
22205
22206
22243
22244
22245
22246
22247
22207
22208
22209
22210
22211
22212
22213
22214
22215
22216
22217
22218
22304
22307
22313
22316
22317
22321
22309
22301
22311
22320
22300
22305
22312
22319
22314
22303
22318
22310
22306
22315
22302
22308
22271
22272
22273
22274
22275
22276
22277
22278
22279
22280
22281
22282
22283
22284
22285
22286
22287
22288
22289
22290
22291
22292
22293
22294
22252
22253
22254
22255
22256
22257
22258
22295
22296
22297
22298
22299
22259
22260
22261
22262
22263
22264
22265
22266
22267
22268
22269
22270
22376
22377
22378
22379
22380
22381
22382
22383
22384
22386
22385
22387
22388
22389
22390
22391
22392
22393
22402
22401
22394
22395
22396
22397
22398
22399
22400
22540
22541
22542
22543
22544
22545
22546
22564
22565
22566
22567
22568
22569
22570
22571
22572
22573
22574
22575
22576
22577
22579
22578
22592
22594
22593
22580
22581
22582
22583
22584
22585
22586
22587
22588
22589
22590
22591
22607
22608
22611
22609
22610
22613
22612
22595
22596
22597
22598
22599
22600
22601
22602
22603
22604
22605
22606
23286
23287
23288
23289
23303
23304
23305
23306
23309
23310
23307
23308
23857
23858
23859
23860
23861
23862
23863
23865
23864
23866
23867
23868
23870
23874
23873
23869
23871
23872
24282
24283
24284
24286
24287
24288
24291
24289
24290
24365
24366
24367
24368
24369
24371
24370
24372
24374
24377
24376
24375
24471
24472
24473
24474
24475
24476
24477
24479
24480
24481
24482
24483
24484
24485
24486
24487
24488
24502
24503
24504
24505
24506
24507
24508
24509
24510
24511
24518
24519
24520
24521
24522
24523
24524
24525
24526
24527
24542
24543
24544
24545
24546
24547
24548
24549
24550
24551
24552
24553
24569
24568
24567
24563
24557
24559
24556
24558
24555
24561
24554
24562
24560
24565
24564
24570
24566
24602
24599
24584
24585
24583
24593
24601
24590
24592
24591
24597
24595
24600
24598
24594
24589
24588
24596
24586
24587
24571
24572
24573
24574
24575
24576
24577
24578
24579
24580
24581
24582
24648
24646
24644
24636
24621
24630
24620
24623
24618
24634
24615
24635
24631
24639
24637
24649
24640
24651
24645
24617
24619
24616
24632
24650
24627
24629
24628
24642
24638
24647
24643
24633
24626
24625
24641
24622
24624
24603
24604
24605
24606
24607
24608
24609
24610
24611
24612
24613
24614
24991
24992
24994
24995
24996
24997
24998
24999
25000
25001
25002
25003
25004
25005
25006
25007
25008
25009
25010
25011
25012
25013
25014
25015
25016
25017
25018
25019
25020
25022
25023
25024
25025
25026
25027
25028
25029
25030
25031
25032
25033
25034
25035
25036
25037
25038
25039
25040
25041
25042
25043
25044
25045
25046
25047
25048
25049
25053
25054
25051
25050
25055
25052
25056
25106
25105
25057
25058
25059
25060
25061
25062
25063
25064
25065
25066
25067
25068
25069
25070
25071
25072
25073
25074
25075
25076
25077
25078
25079
25080
25081
25082
25083
25084
25085
25086
25087
25088
25089
25090
25091
25092
25093
25094
25095
25096
25097
25098
25099
25100
25101
25102
25103
25104
25159
25160
25157
25155
25161
25158
25162
25163
25156
25107
25108
25109
25110
25111
25112
25113
25114
25115
25116
25117
25118
25119
25120
25121
25122
25123
25124
25125
25126
25127
25128
25129
25130
25131
25132
25133
25134
25135
25136
25137
25138
25139
25140
25141
25142
25143
25144
25145
25146
25147
25148
25149
25150
25151
25152
25153
25154
25452
25453
25454
25455
25456
25457
25458
25459
25460
25461
25462
25463
25464
25465
25466
25467
25468
25469
25470
25471
25472
25487
25473
25474
25475
25476
25477
25478
25479
25480
25481
25482
25483
25484
25485
25486
25502
25503
25504
25505
25488
25489
25490
25491
25492
25493
25494
25495
25496
25497
25498
25499
25500
25501
25870
25871
25872
25873
25874
25875
25876
25877
25878
25879
25880
25881
25882
25883
25884
25885
25886
25887
25888
25889
25890
25891
25892
25893
25894
25895
25896
25897
25898
25899
25900
25901
25902
25903
25904
25905
25906
25907
25908
25909
25910
25911
25912
25913
25914
25915
25916
25917
25918
25919
25920
25921
25922
25923
25924
25925
25926
25927
25928
25929
25930
25931
25932
25933
25934
25935
25936
25937
25938
25939
25940
25941
25942
25943
25994
25995
25996
25997
25998
25944
25945
25946
25947
25948
25949
25950
25951
25952
25953
25954
25955
25956
25957
25958
25959
25960
25961
25962
25963
25964
25965
25966
25967
25968
25969
25970
25971
25972
25973
25974
25975
25976
25977
25978
25979
25980
25981
25982
25983
25984
25985
25986
25987
25988
25989
25990
25991
25992
25993
26000
26001
26002
26003
26004
26005
26006
26007
26008
26009
26010
26011
26012
26013
26014
26015
26016
26017
26018
26088
26089
26090
26091
26092
26019
26020
26021
26022
26023
26024
26025
26026
26027
26028
26029
26030
26031
26032
26033
26034
26035
26036
26037
26038
26039
26040
26041
26042
26043
26044
26045
26046
26047
26048
26049
26050
26051
26052
26053
26054
26055
26056
26057
26058
26059
26060
26061
26062
26063
26064
26065
26066
26067
26068
26069
26070
26071
26072
26073
26074
26075
26076
26077
26078
26079
26080
26081
26082
26083
26084
26085
26086
26087
26204
26205
26206
26207
26208
26209
26210
26211
26212
26213
26214
26215
26216
26217
26218
26219
26220
26221
26222
26225
26226
26227
26228
26229
26230
26231
26232
26233
26234
26235
26236
26237
26238
26239
26240
26241
26242
26243
26244
26245
26246
26247
26248
26249
26250
26251
26252
26253
26254
26255
26256
26257
26258
26259
26260
26261
26262
26263
26264
26265
26266
26267
26268
26312
26311
26314
26313
26296
26297
26298
26299
26300
26301
26302
26303
26304
26305
26306
26307
26308
26309
26310
26288
26289
26290
26291
26292
26293
26294
26295
26281
26282
26283
26284
26285
26286
26287
26269
26270
26271
26272
26273
26274
26275
26276
26277
26278
26279
26280
26315
26316
26317
26318
26319
26320
26321
26322
26323
26324
26325
26326
26327
26328
26329
26330
26331
26392
26391
26394
26393
26376
26377
26378
26379
26380
26381
26382
26383
26384
26385
26386
26387
26388
26389
26390
26368
26369
26370
26371
26372
26373
26374
26375
26361
26362
26363
26364
26365
26366
26367
26349
26350
26351
26352
26353
26354
26355
26356
26357
26358
26359
26360
26332
26333
26334
26335
26336
26337
26338
26339
26340
26341
26342
26343
26344
26345
26346
26347
26348
26420
26421
26433
26434
26435
26436
26437
26438
26439
26440
26441
26442
26443
26444
26445
26447
26446
26453
26454
26455
26456
26458
26457
26448
26449
26450
26451
26452
26467
26475
26474
26468
26469
26470
26471
26473
26472
26462
26463
26464
26465
26466
26513
26514
26515
26516
26517
26518
26519
26520
26521
26522
26523
26524
26525
26526
26527
26528
26529
26530
26531
26532
26533
26534
26535
26536
26537
26538
26539
26540
26541
26542
26543
26544
26545
26563
26564
26565
26566
26567
26546
26547
26548
26549
26550
26551
26552
26553
26554
26555
26556
26557
26558
26559
26560
26561
26562
26578
26579
26580
26581
26582
26583
26584
26585
26586
26587
26588
26617
26618
26619
26620
26621
26589
26590
26591
26592
26593
26594
26595
26596
26597
26598
26599
26600
26601
26602
26603
26604
26605
26606
26607
26608
26609
26610
26611
26612
26613
26614
26615
26616
27392
27423
27424
27425
27426
27427
27428
27429
27430
27431
27432
27433
27434
27435
27436
27437
27438
27439
27440
27441
27443
27442
27461
27444
27445
27446
27447
27448
27449
27450
27451
27452
27453
27454
27455
27456
27457
27458
27459
27460
27481
27479
27480
27462
27463
27464
27465
27466
27467
27468
27469
27470
27471
27472
27473
27474
27475
27476
27477
27478
28080
28081
28082
28083
28131
28132
28134
28133
28166
28167
28168
28169
28170
28171
28172
28173
28174
28175
28176
28177
28178
28179
28180
28181
28182
28183
28184
28185
28186
28187
28188
28189
28190
28191
28192
28193
28194
28195
28212
28213
28196
28197
28198
28199
28200
28201
28202
28203
28204
28205
28206
28207
28208
28209
28210
28211
28229
28230
28231
28232
28233
28234
28235
28236
28237
28238
28239
28240
28269
28270
28241
28242
28243
28244
28245
28246
28247
28248
28249
28250
28251
28252
28253
28254
28255
28256
28257
28258
28259
28260
28261
28262
28263
28264
28265
28266
28267
28268
28302
28303
28304
28306
28305
28307
28310
28309
28308
28345
28346
28347
28348
28349
28350
28351
28523
28524
28525
28526
28527
28528
28529
28530
28531
28532
28533
28534
28535
28536
28537
28538
28539
28540
28541
28542
28543
28544
28545
28546
28547
28548
28549
28550
28551
28552
28553
28554
28555
28556
28557
28558
28559
28561
28564
28562
28565
28563
28560
28603
28566
28567
28568
28569
28570
28571
28572
28573
28574
28575
28576
28577
28578
28579
28580
28581
28582
28583
28584
28585
28586
28587
28588
28589
28590
28591
28592
28593
28594
28595
28596
28597
28598
28599
28600
28601
28602
28643
28646
28644
28647
28645
28641
28642
28604
28605
28606
28607
28608
28609
28610
28611
28612
28613
28614
28615
28616
28617
28618
28619
28620
28621
28622
28623
28624
28625
28626
28627
28628
28629
28630
28631
28632
28633
28634
28635
28636
28637
28638
28639
28640
29117
29118
29119
29120
29121
29122
29123
29124
29125
29126
29127
29128
29129
29130
29131
29132
29133
29134
29135
29136
29137
29138
29139
29140
29141
29142
29143
29144
29145
29146
29147
29148
29149
29150
29151
29152
29153
29154
29155
29156
29157
29158
29159
29160
29161
29162
29163
29164
29165
29166
29167
29168
29169
29170
29171
29172
29173
29174
29175
29176
29177
29178
29179
29210
29211
29212
29180
29181
29182
29183
29184
29185
29186
29187
29188
29189
29190
29191
29192
29193
29194
29195
29196
29197
29198
29199
29200
29201
29202
29203
29204
29205
29206
29207
29208
29209
29213
29214
29215
29216
29217
29218
29219
29220
29221
29222
29223
29224
29225
29226
29227
29228
29229
29230
29231
29232
29233
29234
29235
29236
29237
29238
29239
29240
29241
29242
29303
29304
29305
29243
29244
29245
29246
29247
29248
29249
29250
29251
29252
29253
29254
29255
29256
29257
29258
29259
29260
29261
29262
29263
29264
29265
29266
29267
29268
29269
29270
29271
29272
29273
29274
29275
29276
29277
29278
29279
29280
29281
29282
29283
29284
29285
29286
29287
29288
29289
29290
29291
29292
29293
29294
29295
29296
29297
29298
29299
29300
29301
29302
29347
29348
29349
29350
29351
29352
29353
29354
29355
29356
29357
29358
29359
29360
29361
29364
29367
29365
29366
29362
29363
29368
29369
29370
29371
29372
29373
29374
29375
29376
29388
29391
29389
29390
29377
29378
29379
29380
29381
29382
29383
29384
29385
29386
29387
29434
29435
29436
29437
29438
29439
29440
29441
29442
29443
29444
29445
29446
29447
29448
29449
29450
29451
29452
29453
29454
29455
29456
29457
29458
29459
29460
29461
29462
29463
29464
29465
29466
29467
29468
29469
29470
29471
29472
29473
29474
29475
29476
29477
29478
29479
29480
29481
29482
29483
29484
29485
29486
29487
29488
29489
29490
29491
29492
29493
29494
29495
29496
29497
29498
29499
29500
29501
29528
29529
29502
29503
29504
29505
29506
29507
29508
29509
29510
29511
29512
29513
29514
29515
29516
29517
29518
29519
29520
29521
29522
29523
29524
29525
29526
29527
29530
29531
29532
29533
29534
29535
29536
29537
29538
29539
29540
29541
29542
29543
29544
29545
29546
29547
29548
29549
29550
29551
29552
29553
29554
29555
29556
29557
29558
29559
29560
29561
29562
29563
29564
29565
29566
29567
29568
29569
29638
29639
29572
29573
29574
29575
29576
29577
29578
29579
29580
29581
29582
29583
29584
29585
29586
29587
29588
29589
29590
29591
29592
29593
29594
29595
29596
29597
29598
29599
29600
29601
29602
29603
29604
29605
29606
29607
29608
29609
29610
29611
29612
29613
29614
29615
29616
29617
29618
29619
29620
29621
29622
29623
29624
29625
29626
29627
29628
29629
29630
29631
29632
29633
29634
29635
29636
29637
30354
30355
30357
30358
30359
30360
30361
30362
30363
30364
30365
30366
30367
30368
30369
30371
30373
30374
30372
30370
30381
30382
30384
30383
30375
30376
30377
30378
30379
30380
30397
30399
30400
30398
30396
30392
30393
30395
30394
30386
30387
30388
30389
30390
30391
30581
30582
30583
30584
30585
30603
30604
30605
30606
31178
31179
31180
31181
31182
31183
31184
31185
31186
31187
31188
31189
31190
31191
31199
31200
31201
31202
31203
31204
31205
31206
31207
31208
31209
31210
31211
31212
31224
31225
31226
31213
31214
31215
31216
31217
31218
31219
31220
31221
31222
31223
31372
31373
31374
31378
31379
31380
31381
31382
31383
31384
31385
31386
31387
31388
31389
31390
31391
31392
31393
31394
31395
31396
31397
31398
31399
31400
31401
31402
31403
31404
31405
31406
31407
31408
31409
31410
31411
31412
31413
31414
31415
31416
31417
31418
31419
31420
31421
31422
31423
31424
31425
31430
31426
31428
31429
31427
31443
31444
31445
31446
31447
31448
31449
31450
31451
31452
31453
31454
31455
31456
31457
31458
31459
31460
31461
31462
31463
31464
31465
31466
31467
31468
31469
31470
31471
31472
31473
31474
31475
31476
31439
31440
31441
31442
31431
31432
31433
31434
31435
31436
31437
31438
31527
31523
31525
31526
31524
31489
31490
31491
31492
31493
31494
31495
31496
31497
31498
31499
31500
31501
31502
31503
31504
31505
31506
31507
31508
31509
31510
31511
31512
31513
31514
31515
31516
31517
31518
31519
31520
31521
31522
31485
31486
31487
31488
31477
31478
31479
31480
31481
31482
31483
31484
31872
31873
31874
31875
31884
31886
31887
31888
31889
31890
31891
31892
31893
31894
31895
31896
31906
31897
31898
31899
31900
31901
31902
31903
31904
31905
31916
31917
31907
31908
31909
31910
31911
31912
31913
31914
31915
31923
31924
31926
31927
31928
31929
31930
31931
31932
31933
31934
31935
31936
31937
31938
31939
31940
31941
31942
31943
31944
31945
31954
31955
31951
31952
31953
31946
31947
31948
31949
31950
31956
31957
31958
31959
31960
31961
31962
31963
31964
31965
31966
31967
31988
31989
31973
31974
31975
31968
31969
31970
31971
31972
31976
31977
31978
31979
31980
31981
31982
31983
31984
31985
31986
31987
32046
32047
32048
32049
32074
32075
32076
32077
32081
32082
32079
32083
32080
32078
32085
32084
32091
32092
32088
32093
32089
32087
32090
32086
32169
32170
32171
32172
32173
32174
32175
32176
32177
32178
32179
32180
32181
32182
32183
32184
32185
32186
32187
32188
32189
32190
32191
32192
32193
32194
32195
32257
32255
32254
32256
32245
32246
32247
32248
32249
32250
32251
32252
32253
32233
32234
32235
32236
32237
32238
32239
32240
32241
32242
32243
32244
32282
32283
32280
32279
32281
32270
32271
32272
32273
32274
32275
32276
32277
32278
32258
32259
32260
32261
32262
32263
32264
32265
32266
32267
32268
32269
32490
32491
32492
32493
32494
32495
32496
32497
32498
32499
32516
32517
32518
32519
32520
32521
32522
32523
32524
32525
32526
32527
32528
32529
32530
32531
32532
32533
32534
32535
32536
32537
32538
32539
32540
32541
32542
32543
32544
32545
32546
32547
32548
32549
32550
32551
32552
32553
32554
32555
32556
32557
32558
32559
32560
32561
32562
32563
32564
32566
32567
32568
32569
32570
32571
32572
32573
32574
32575
32576
32577
32578
32579
32616
32615
32612
32619
32614
32621
32620
32618
32617
32613
32611
32610
32580
32581
32582
32583
32584
32585
32586
32587
32588
32589
32590
32591
32592
32593
32594
32595
32596
32597
32598
32599
32600
32601
32602
32603
32604
32605
32606
32607
32608
32609
32651
32652
32622
32625
32626
32641
32642
32623
32624
32643
32644
32645
32646
32647
32648
32649
32650
32627
32628
32629
32630
32631
32632
32633
32634
32635
32636
32637
32638
32639
32640
32720
32719
32716
32723
32718
32725
32724
32722
32721
32717
32715
32714
32653
32654
32655
32656
32657
32658
32659
32660
32661
32662
32663
32664
32670
32671
32672
32673
32674
32675
32676
32677
32678
32679
32680
32681
32682
32683
32684
32685
32686
32687
32712
32713
32665
32668
32669
32702
32703
32666
32667
32704
32705
32706
32707
32708
32709
32710
32711
32688
32689
32690
32691
32692
32693
32694
32695
32696
32697
32698
32699
32700
32701
32796
32797
32798
32799
32800
32802
32803
32804
32805
32806
32807
32808
32809
32810
32811
32812
32813
32814
32815
32816
32817
32818
32819
32820
32821
32822
32823
32824
32825
32826
32827
32828
32829
32833
32832
32836
32835
32834
32830
32831
32839
32840
32841
32842
32837
32838
32848
32849
32850
32843
32844
32845
32846
32847
32851
32852
32853
32854
32855
32856
32857
32858
32859
32860
32861
32862
32893
32892
32896
32895
32894
32866
32867
32868
32869
32870
32871
32864
32865
32877
32878
32879
32872
32873
32874
32875
32876
32880
32881
32882
32883
32884
32885
32886
32887
32888
32889
32890
32891
33451
33452
33453
33454
33455
33456
33457
33458
33459
33460
33461
33462
33463
33464
33465
33466
33467
33468
33469
33470
33471
33472
33473
33474
33486
33487
33488
33475
33476
33477
33478
33479
33480
33481
33482
33483
33484
33485
33489
33490
33491
33492
33493
33494
33495
33496
33497
33498
33520
33521
33522
33499
33500
33501
33502
33503
33504
33505
33506
33507
33508
33509
33510
33511
33512
33513
33514
33515
33516
33517
33518
33519
34062
34063
34065
34066
34067
34068
34069
34070
34071
34072
34073
34074
34075
34076
34077
34078
34079
34080
34081
34082
34083
34084
34085
34086
34087
34088
34089
34090
34091
34092
34093
34094
34095
34096
34097
34098
34129
34130
34099
34100
34101
34102
34103
34104
34105
34106
34107
34108
34109
34110
34111
34112
34113
34114
34115
34116
34117
34118
34119
34120
34121
34122
34123
34124
34125
34126
34127
34128
34161
34162
34163
34164
34131
34132
34133
34134
34135
34136
34137
34138
34139
34140
34141
34142
34143
34144
34145
34146
34147
34148
34149
34150
34151
34152
34153
34154
34155
34156
34157
34158
34159
34160
34179
34180
34181
34183
34184
34185
34186
34187
34188
34189
34190
34191
34192
34194
34193
34204
34205
34195
34196
34197
34198
34199
34200
34201
34202
34203
34218
34217
34215
34216
34206
34207
34208
34209
34210
34211
34212
34213
34214
34296
34297
34298
34299
34300
34301
34302
34304
34305
34303
34309
34306
34307
34308
34314
34316
34313
34315
34310
34311
34312
34637
34638
34640
34641
34642
34643
34644
34645
34650
34647
34648
34649
34646
34653
34652
34651
34661
34657
34658
34660
34656
34659
34655
34654
34705
34706
34707
34708
34709
34710
34711
34712
34713
34714
34715
34716
34717
34718
34719
34720
34721
34722
34723
34724
34725
34726
34727
34728
34729
34730
34731
34732
34733
34734
34747
34748
34749
34750
34751
34752
34753
34754
34755
34756
34757
34758
34759
34760
34761
34762
34735
34736
34737
34738
34739
34740
34741
34742
34743
34744
34745
34746
34791
34775
34776
34777
34778
34779
34780
34781
34782
34783
34784
34785
34786
34787
34788
34789
34790
34763
34764
34765
34766
34767
34768
34769
34770
34771
34772
34773
34774
34839
34840
34842
34843
34844
34845
34846
34847
34848
34849
34850
34851
34852
34853
34854
34855
34865
34856
34857
34858
34859
34860
34861
34862
34863
34864
34875
34876
34877
34878
34866
34867
34868
34869
34870
34871
34872
34873
34874
35043
35044
35045
35046
35047
35048
35049
35050
35051
35052
35053
35054
35055
35056
35057
35058
35059
35060
35061
35062
35063
35066
35068
35069
35067
35086
35085
35070
35071
35072
35073
35074
35075
35076
35077
35078
35079
35080
35081
35082
35083
35084
35102
35104
35105
35103
35107
35106
35087
35088
35089
35090
35091
35092
35093
35094
35095
35096
35097
35098
35099
35100
35101
35451
35452
35453
35454
35455
35456
35457
35458
35459
35460
35461
35462
35463
35464
35465
35466
35467
35468
35469
35470
35471
35472
35473
35474
35475
35489
35490
35491
35476
35477
35478
35479
35480
35481
35482
35483
35484
35485
35486
35487
35488
35492
35493
35494
35495
35496
35497
35498
35499
35500
35523
35524
35525
35501
35502
35503
35504
35505
35506
35507
35508
35509
35510
35511
35512
35513
35514
35515
35516
35517
35518
35519
35520
35521
35522
35536
35538
35539
35540
35541
35542
35543
35544
35545
35547
35546
35553
35554
35548
35549
35550
35551
35552
35562
35560
35561
35563
35555
35556
35557
35558
35559
35581
35582
35584
35585
35586
35587
35588
35589
35590
35591
35592
35593
35594
35595
35596
35597
35598
35599
35600
35612
35613
35614
35615
35601
35602
35603
35604
35605
35606
35607
35608
35609
35610
35611
35616
35617
35618
35619
35635
35636
35637
35638
35620
35621
35622
35623
35624
35625
35626
35627
35628
35629
35630
35631
35632
35633
35634
35705
35706
35707
35708
35709
35710
35711
35712
35713
35714
35715
35716
35717
35718
35719
35720
35721
35722
35723
35724
35725
35726
35727
35728
35729
35730
35731
35732
35733
35734
35735
35736
35737
35738
35739
35740
35741
35742
35743
35744
35745
35746
35747
35752
35754
35753
35769
35770
35771
35772
35773
35774
35782
35783
35784
35785
35786
35787
35788
35789
35790
35791
35792
35793
35794
35778
35779
35780
35781
35775
35776
35777
35755
35756
35757
35758
35759
35760
35761
35762
35763
35764
35765
35766
35767
35768
35835
35837
35836
35809
35810
35811
35812
35813
35814
35822
35823
35824
35825
35826
35827
35828
35829
35830
35831
35832
35833
35834
35818
35819
35820
35821
35815
35816
35817
35795
35796
35797
35798
35799
35800
35801
35802
35803
35804
35805
35806
35807
35808
35994
35995
36015
36016
36017
36018
36019
36020
36021
36022
36023
36024
36025
36026
36027
36028
36029
36030
36031
36032
36033
36034
36035
36036
36037
36038
36039
36040
36041
36042
36043
36044
36045
36046
36047
36048
36049
36050
36051
36052
36053
36054
36055
36056
36057
36058
36059
36060
36061
36062
36063
36064
36065
36066
36067
36068
36069
36070
36071
36072
36073
36074
36075
36076
36111
36112
36113
36114
36115
36116
36117
36118
36119
36120
36121
36122
36123
36124
36125
36126
36127
36128
36129
36130
36131
36132
36133
36134
36135
36136
36137
36138
36139
36140
36141
36142
36143
36144
36145
36146
36147
36148
36149
36150
36151
36152
36153
36154
36155
36156
36157
36158
36159
36160
36161
36162
36163
36164
36165
36166
36167
36168
36169
36170
36171
36172
36174
36175
36176
36177
36178
36259
36263
36265
36261
36262
36264
36260
36179
36180
36181
36182
36183
36184
36185
36186
36187
36188
36189
36190
36191
36192
36207
36208
36209
36210
36211
36212
36213
36214
36215
36216
36217
36218
36219
36220
36221
36222
36193
36194
36195
36200
36201
36202
36203
36204
36240
36241
36242
36243
36244
36245
36246
36247
36248
36249
36250
36251
36252
36253
36254
36255
36256
36257
36258
36223
36224
36225
36226
36227
36228
36229
36230
36231
36232
36233
36234
36235
36236
36237
36238
36239
36196
36197
36198
36199
36205
36206
36286
36287
36288
36289
36290
36291
36292
36293
36294
36295
36304
36305
36306
36307
36308
36309
36296
36297
36298
36269
36270
36271
36272
36266
36267
36268
36273
36274
36275
36276
36277
36278
36279
36280
36281
36282
36283
36284
36285
36299
36300
36301
36302
36303
36434
36438
36440
36436
36437
36439
36435
36310
36311
36312
36313
36314
36315
36316
36317
36318
36319
36320
36321
36322
36323
36371
36372
36373
36374
36375
36376
36377
36378
36379
36380
36381
36382
36383
36384
36385
36386
36324
36325
36326
36338
36339
36340
36341
36342
36404
36405
36406
36407
36408
36409
36410
36411
36412
36413
36414
36415
36416
36417
36418
36419
36420
36421
36422
36387
36388
36389
36390
36391
36392
36393
36394
36395
36396
36397
36398
36399
36400
36401
36402
36403
36327
36328
36329
36330
36356
36357
36358
36359
36360
36361
36362
36363
36364
36365
36366
36367
36428
36429
36430
36431
36432
36433
36368
36369
36370
36334
36335
36336
36337
36331
36332
36333
36343
36344
36345
36346
36347
36348
36349
36350
36351
36352
36353
36354
36355
36423
36424
36425
36426
36427
36556
36557
36558
36559
36560
36561
36562
36564
36563
36565
36566
36567
36568
36569
36576
36575
36570
36571
36572
36573
36574
36844
36845
36846
36847
36848
36849
36850
36853
36851
36852
36856
36858
36857
36854
36855
37222
37223
37225
37226
37227
37228
37229
37230
37231
37232
37233
37234
37235
37236
37237
37238
37239
37240
37241
37242
37243
37244
37245
37246
37247
37248
37249
37250
37251
37252
37278
37275
37276
37277
37273
37279
37274
37253
37254
37255
37256
37257
37258
37259
37260
37261
37262
37263
37264
37265
37266
37267
37268
37269
37270
37271
37272
37281
37282
37283
37312
37309
37310
37311
37307
37313
37308
37284
37285
37286
37287
37288
37289
37290
37291
37292
37293
37294
37295
37296
37297
37301
37302
37303
37304
37305
37306
37298
37299
37300
37351
37352
37353
37354
37355
37356
37357
37359
37360
37361
37362
37363
37364
37365
37366
37367
37368
37369
37370
37371
37372
37373
37374
37375
37376
37377
37378
37379
37380
37381
37382
37383
37384
37385
37386
37387
37388
37389
37390
37391
37392
37393
37424
37425
37394
37395
37396
37397
37398
37399
37400
37401
37402
37403
37404
37405
37406
37407
37408
37409
37410
37411
37412
37413
37414
37415
37416
37417
37418
37419
37420
37421
37422
37423
37456
37457
37458
37459
37460
37461
37462
37426
37427
37428
37429
37430
37431
37432
37433
37434
37435
37436
37437
37438
37439
37440
37441
37442
37443
37444
37445
37446
37447
37448
37449
37450
37451
37452
37453
37454
37455
37875
37876
37877
37878
37901
37902
37903
37904
37905
37906
37907
37908
37909
37910
37911
37912
37913
37914
37921
37915
37916
37917
37918
37919
37920
38379
38380
38406
38407
38408
38409
38410
38411
38412
38413
38414
38415
38416
38417
38418
38419
38420
38421
38422
38423
38424
38425
38443
38441
38442
38462
38458
38457
38461
38459
38456
38460
38455
38444
38445
38446
38447
38448
38449
38450
38451
38452
38453
38454
38482
38475
38478
38484
38479
38477
38483
38480
38476
38481
38474
38463
38464
38465
38466
38467
38468
38469
38470
38471
38472
38473
38653
38654
38655
38656
38658
38659
38660
38661
38662
38663
38664
38665
38666
38668
38669
38670
38671
38672
38673
38674
38675
38676
38677
38678
38679
38680
38681
38682
38683
38684
38685
38686
38687
38688
38689
38690
38691
38692
38693
38694
38695
38696
38697
38698
38699
38700
38701
38702
38703
38704
38705
38706
38707
38708
38709
38746
38739
38748
38741
38736
38738
38737
38745
38740
38747
38742
38743
38744
38710
38711
38712
38713
38714
38715
38716
38717
38718
38719
38720
38721
38722
38723
38724
38725
38726
38727
38728
38729
38730
38731
38732
38733
38734
38735
38749
38750
38751
38752
38753
38754
38755
38756
38757
38758
38759
38760
38761
38762
38763
38764
38817
38810
38819
38812
38807
38809
38808
38816
38811
38818
38813
38814
38815
38765
38766
38767
38768
38769
38770
38771
38772
38773
38774
38775
38776
38777
38778
38779
38780
38781
38782
38783
38784
38785
38786
38787
38788
38789
38790
38791
38792
38793
38794
38795
38796
38797
38798
38799
38800
38801
38802
38803
38804
38805
38806
38842
38843
38845
38846
38847
38848
38849
38850
38854
38851
38853
38852
38858
38855
38857
38856
38866
38860
38864
38863
38865
38859
38862
38861
39240
39241
39242
39243
39244
39245
39246
39247
39248
39249
39250
39251
39252
39253
39256
39255
39254
39257
39258
39259
39260
39261
39262
39263
39264
39265
39266
39267
39282
39281
39280
39269
39270
39271
39272
39273
39274
39275
39276
39277
39278
39279
39504
39505
39506
39507
39508
39509
39510
39511
39512
39513
39514
39515
39516
39517
39518
39519
39520
39536
39535
39537
39538
39539
39540
39541
39542
39543
39544
39545
39546
39547
39548
39549
39550
39551
39568
39567
39552
39553
39554
39555
39556
39557
39558
39559
39560
39561
39562
39563
39564
39565
39566
39660
39661
39667
39668
39710
39712
39713
39714
39715
39716
39717
39718
39719
39720
39721
39722
39723
39724
39725
39726
39727
39728
39729
39730
39731
39732
39733
39734
39735
39736
39737
39738
39739
39740
39741
39742
39743
39744
39745
39746
39747
39748
39749
39750
39751
39753
39755
39754
39752
39769
39770
39771
39772
39773
39774
39775
39776
39777
39778
39779
39780
39781
39782
39783
39784
39785
39786
39787
39788
39789
39790
39791
39792
39756
39757
39758
39759
39760
39761
39762
39763
39764
39765
39766
39767
39768
39831
39833
39832
39830
39806
39807
39808
39809
39810
39811
39812
39813
39814
39815
39816
39817
39818
39819
39820
39821
39822
39823
39824
39825
39826
39827
39828
39829
39793
39794
39795
39796
39797
39798
39799
39800
39801
39802
39803
39804
39805
39837
39838
39839
39840
39841
39842
39843
39844
39845
39846
39847
39848
39849
39850
39851
39852
39853
39854
39861
39862
39855
39856
39857
39858
39859
39860
39863
39864
39865
39866
39867
39868
39869
39870
39871
39872
39889
39890
39873
39874
39875
39876
39877
39878
39879
39880
39881
39882
39883
39884
39885
39886
39887
39888
39965
39966
39967
39968
39969
39970
39972
39971
39976
39973
39974
39975
39995
39994
39996
39991
39992
39993
40058
40059
40060
40061
40062
40063
40064
40065
40076
40077
40078
40079
40080
40081
40082
40083
40084
40085
40086
40087
40088
40089
40090
40091
40092
40093
40094
40095
40096
40111
40112
40113
40114
40115
40116
40117
40118
40119
40120
40121
40122
40123
40124
40125
40126
40127
40128
40129
40130
40131
40132
40133
40134
40135
40136
40137
40138
40139
40140
40141
40142
40143
40148
40144
40146
40147
40145
40201
40196
40197
40204
40202
40199
40205
40194
40200
40203
40195
40198
40182
40183
40184
40185
40186
40187
40188
40189
40190
40191
40192
40193
40151
40152
40153
40157
40158
40159
40170
40171
40149
40150
40160
40161
40162
40163
40164
40165
40166
40167
40168
40169
40154
40155
40156
40172
40173
40174
40175
40176
40177
40178
40179
40180
40181
40262
40253
40259
40260
40258
40263
40254
40255
40266
40264
40257
40267
40251
40261
40265
40252
40256
40239
40240
40241
40242
40243
40244
40245
40246
40247
40248
40249
40250
40208
40209
40210
40214
40215
40216
40227
40228
40206
40207
40217
40218
40219
40220
40221
40222
40223
40224
40225
40226
40211
40212
40213
40229
40230
40231
40232
40233
40234
40235
40236
40237
40238
40309
40310
40311
40312
40313
40314
40315
40316
40317
40318
40319
40320
40321
40322
40323
40324
40325
40326
40327
40337
40340
40336
40339
40341
40338
40335
40342
40329
40330
40331
40332
40333
40334
40328
40343
40344
40345
40346
40360
40363
40359
40362
40364
40361
40358
40365
40348
40349
40350
40351
40352
40353
40347
40354
40355
40356
40357
40969
40970
40971
40972
40973
40974
40975
40976
40977
40978
40979
40980
40981
40982
40987
40985
40986
40983
40984
40988
40989
40990
40991
40992
40993
40994
40995
40996
41010
41008
41009
41006
41007
40997
40998
40999
41000
41001
41002
41003
41004
41005
41502
41503
41504
41505
41506
41507
41508
41509
41510
41511
41513
41514
41515
41516
41517
41518
41519
41520
41521
41522
41531
41532
41523
41524
41525
41526
41527
41528
41529
41530
41611
41612
41613
41614
41615
41616
41617
41618
41619
41620
41621
41622
41623
41624
41625
41627
41628
41629
41640
41641
41636
41637
41638
41639
41630
41631
41632
41633
41634
41635
41652
41653
41654
41655
41656
41648
41649
41650
41651
41642
41643
41644
41645
41646
41647
41983
41984
41985
41986
41987
41988
41989
41990
41991
41992
41993
41994
41995
41996
41997
42032
42033
42034
42035
42036
42037
42038
42039
42040
42041
42042
42043
42044
42045
42060
42059
42058
42053
42054
42055
42056
42057
42046
42047
42048
42049
42050
42051
42052
42061
42062
42063
42064
42065
42066
42067
42068
42069
42070
42071
42072
42073
42074
42103
42102
42101
42091
42092
42093
42094
42095
42075
42076
42077
42078
42079
42080
42081
42082
42083
42084
42085
42086
42087
42088
42089
42090
42096
42097
42098
42099
42100
42454
42455
42456
42457
42458
42459
42460
42461
42462
42463
42464
42465
42466
42467
42468
42469
42470
42471
42472
42473
42474
42475
42476
42477
42497
42478
42479
42480
42481
42482
42483
42484
42485
42486
42487
42488
42489
42490
42491
42492
42493
42494
42495
42496
42517
42518
42519
42498
42499
42500
42501
42502
42503
42504
42505
42506
42507
42508
42509
42510
42511
42512
42513
42514
42515
42516
42549
42550
42551
42552
42553
42554
42555
42556
42557
42560
42561
42562
42563
42564
42565
42566
42567
42572
42573
42570
42569
42568
42571
42582
42584
42583
42574
42575
42576
42577
42578
42579
42580
42581
42599
42601
42595
42594
42593
42598
42596
42600
42597
42585
42586
42587
42588
42589
42590
42591
42592
42618
42619
42620
42621
42622
42623
42624
42625
42626
42627
42628
42629
42630
42631
42632
42633
42634
42635
42636
42637
42638
42639
42640
42653
42654
42641
42642
42643
42644
42645
42646
42647
42648
42649
42650
42651
42652
42672
42673
42674
42675
42676
42677
42678
42679
42680
42702
42703
42681
42682
42683
42684
42685
42686
42687
42688
42689
42690
42691
42692
42693
42694
42695
42696
42697
42698
42699
42700
42701
42720
42721
42722
42723
42724
42725
42745
42746
42747
42748
42749
42750
42751
42752
42753
42754
42755
42756
42757
42758
42759
42760
42761
42762
42763
42764
42765
42766
42767
42768
42769
42770
42771
42772
42773
42774
42775
42776
42777
42778
42779
42780
42781
42782
42783
42784
42785
42786
42787
42788
42789
42790
42791
42792
42793
42794
42795
42796
42797
42798
42799
42804
42803
42800
42802
42801
42805
42806
42807
42808
42809
42810
42811
42812
42813
42814
42815
42816
42817
42818
42819
42820
42831
42832
42833
42834
42835
42836
42837
42838
42839
42840
42841
42842
42843
42844
42845
42846
42847
42848
42849
42850
42851
42852
42853
42854
42855
42856
42857
42858
42859
42860
42821
42822
42823
42824
42825
42826
42827
42828
42829
42830
42920
42919
42916
42918
42917
42921
42861
42862
42863
42864
42865
42866
42867
42868
42869
42870
42871
42872
42873
42874
42875
42886
42887
42888
42889
42890
42891
42892
42893
42894
42895
42896
42897
42898
42899
42900
42901
42902
42903
42904
42905
42906
42907
42908
42909
42910
42911
42912
42913
42914
42915
42876
42877
42878
42879
42880
42881
42882
42883
42884
42885
42939
42940
42941
42984
42985
42986
42987
42988
42989
42990
42991
42992
42993
42994
42995
42996
42997
42998
42999
43000
43010
43009
43006
43008
43005
43007
43001
43002
43003
43004
43013
43014
43015
43016
43017
43018
43019
43020
43011
43012
43040
43039
43036
43038
43035
43037
43023
43024
43025
43026
43027
43028
43029
43030
43031
43032
43033
43034
43021
43022
43647
43648
43649
43650
43651
43652
43654
43655
43656
43657
43658
43659
43660
43661
43662
43663
43664
43669
43667
43665
43668
43670
43666
43681
43671
43672
43673
43674
43675
43676
43677
43678
43679
43680
43696
43694
43692
43695
43698
43693
43697
43682
43683
43684
43685
43686
43687
43688
43689
43690
43691
43805
43806
43807
43808
43825
43826
43827
43828
43829
43830
43831
43832
44018
44019
44020
44021
44022
44023
44024
44025
44026
44027
44028
44030
44029
44060
44061
44062
44063
44064
44065
44066
44074
44076
44075
44067
44068
44069
44070
44071
44072
44073
44189
44190
44191
44192
44193
44194
44195
44196
44197
44198
44199
44200
44201
44210
44202
44203
44204
44205
44206
44207
44208
44209
44211
44212
44213
44214
44227
44215
44216
44217
44218
44219
44220
44221
44222
44223
44224
44225
44226
44283
44284
44285
44286
44287
44288
44289
44290
44291
44292
44293
44294
44295
44296
44297
44298
44299
44300
44301
44302
44303
44304
44305
44306
44307
44308
44309
44310
44311
44312
44313
44314
44315
44316
44317
44318
44319
44320
44321
44322
44323
44324
44325
44326
44327
44328
44329
44330
44331
44332
44333
44334
44335
44336
44371
44372
44373
44374
44337
44338
44339
44340
44341
44342
44343
44344
44345
44346
44347
44348
44349
44350
44351
44352
44353
44354
44355
44356
44357
44358
44359
44360
44361
44362
44363
44364
44365
44366
44367
44368
44369
44370
44375
44376
44377
44378
44379
44380
44381
44382
44383
44384
44385
44386
44387
44388
44389
44390
44441
44442
44443
44444
44391
44392
44393
44394
44395
44396
44397
44398
44399
44400
44401
44402
44403
44404
44405
44406
44407
44408
44409
44410
44411
44412
44413
44414
44415
44416
44417
44418
44419
44420
44421
44422
44423
44424
44425
44426
44427
44428
44429
44430
44431
44432
44433
44434
44435
44436
44437
44438
44439
44440
45148
45149
45150
45151
45152
45155
45153
45154
45156
45157
45162
45160
45161
45158
45159
45194
45195
45197
45198
45735
45736
45737
45738
45739
45740
45742
45743
45744
45747
45748
45749
45746
45745
45750
45755
45753
45754
45756
45752
45751
45858
45859
45860
45861
45863
45864
45865
45866
45877
45878
45879
45880
45881
45882
45886
45884
45885
45883
45888
45887
45902
45898
45900
45897
45901
45899
46053
46054
46055
46056
46057
46058
46059
46060
46061
46062
46063
46064
46065
46066
46067
46068
46069
46070
46071
46072
46073
46074
46075
46076
46077
46078
46079
46080
46104
46103
46087
46088
46089
46090
46091
46092
46093
46094
46095
46096
46097
46098
46099
46100
46101
46102
46081
46082
46083
46084
46085
46086
46128
46130
46129
46127
46111
46112
46113
46114
46115
46116
46117
46118
46119
46120
46121
46122
46123
46124
46125
46126
46105
46106
46107
46108
46109
46110
46164
46165
46166
46167
46168
46173
46169
46170
46171
46172
46305
46306
46307
46308
46309
46310
46311
46347
46348
46349
46350
46351
46352
46353
46354
46355
46356
46358
46359
46360
46361
46362
46363
46364
46365
46366
46367
46368
46369
46370
46371
46372
46373
46374
46375
46376
46377
46378
46379
46380
46381
46382
46383
46384
46385
46386
46387
46389
46390
46391
46392
46393
46394
46395
46396
46397
46398
46399
46400
46401
46402
46403
46404
46405
46406
46407
46408
46417
46420
46422
46413
46415
46423
46416
46421
46427
46412
46411
46425
46414
46409
46410
46418
46419
46424
46426
46428
46475
46474
46473
46448
46449
46450
46429
46430
46431
46432
46433
46434
46471
46472
46435
46436
46437
46438
46439
46440
46441
46442
46443
46444
46445
46446
46447
46451
46452
46453
46454
46455
46456
46457
46458
46459
46460
46461
46462
46463
46464
46465
46466
46467
46468
46469
46470
46530
46534
46536
46524
46526
46537
46527
46535
46541
46523
46522
46539
46525
46520
46521
46532
46533
46538
46540
46542
46531
46529
46528
46495
46496
46497
46476
46477
46478
46479
46480
46481
46518
46519
46482
46483
46484
46485
46486
46487
46488
46489
46490
46491
46492
46493
46494
46498
46499
46500
46501
46502
46503
46504
46505
46506
46507
46508
46509
46510
46511
46512
46513
46514
46515
46516
46517
46621
46622
46623
46624
46625
46626
46627
46628
46629
46631
46630
46632
46633
46640
46641
46642
46643
46644
46651
46650
46652
46653
46645
46646
46647
46648
46649
46670
46671
46672
46673
46674
46675
46676
46677
46678
46679
46680
46686
46687
46688
46689
46690
46691
46692
46693
46694
46695
46696
46697
46698
46699
46700
46701
46702
46703
46704
46705
46706
46713
46709
46712
46710
46711
46707
46708
46722
46723
46724
46725
46726
46727
46728
46729
46730
46731
46732
46733
46734
46735
46736
46737
46738
46714
46715
46716
46717
46718
46719
46720
46721
46770
46766
46769
46767
46768
46739
46740
46749
46750
46751
46752
46753
46754
46755
46756
46757
46758
46759
46760
46761
46762
46763
46764
46765
46741
46742
46743
46744
46745
46746
46747
46748
