50163
50159
50167
50160
50162
50161
50157
50158
50164
50165
50166
50147
50148
50149
50150
50151
50152
50153
50154
50155
50156
12784
12783
14409
14407
14408
14401
14402
14403
14404
14405
14406
14376
14377
14378
14379
14380
14381
14382
14383
14384
14385
14386
14387
14388
14389
14390
14391
14392
14393
14394
14395
14396
14397
14398
14399
14400
19322
19323
21871
21859
21860
21861
21862
21863
21864
21865
21866
21867
21868
21869
21870
23922
23923
23924
23925
23908
23909
23910
23911
23912
23913
23914
23915
23916
23917
23918
23919
23920
23921
33942
33935
33941
33938
33943
33937
33939
33940
33936
39668
39669
39670
47118
47096
47121
47104
47097
47120
47106
47107
47110
47122
47124
47119
47111
47105
47102
47115
47101
47094
47113
47098
47095
47109
47103
47117
47099
47123
47100
47108
47112
47114
47116
47089
47090
47091
47092
47093
47086
47087
47088
48659
48660
48661
48662
49221
49222
49218
49219
49220
49217
49328
49324
49325
49326
49327
49236
49237
49238
49239
49240
49241
49242
49243
49244
49245
49246
49247
49248
49249
49250
49251
49252
49253
49254
49255
49256
49257
49258
49259
49260
49261
49262
49263
49264
49265
49266
49267
49268
49269
49270
49271
49272
49273
49274
49275
49276
49277
49278
49279
49280
49281
49282
49283
49284
49285
49286
49287
49288
49289
49290
49291
49292
49293
49294
49295
49296
49297
49298
49299
49300
49301
49302
49303
49304
49305
49306
49307
49308
49309
49310
49311
49312
49313
49314
49315
49316
49317
49318
49319
49320
49321
49322
49323
49709
49710
50443
50444
50414
50415
50416
50417
50418
50419
50420
50421
50422
50423
50424
50425
50426
50427
50428
50429
50430
50431
50432
50433
50434
50435
50436
50437
50438
50439
50440
50441
50442
639
627
630
638
628
631
640
629
637
632
633
634
635
636
609
610
611
612
613
614
615
616
619
620
621
622
623
624
625
626
617
618
2944
2946
2943
2945
2947
2948
2919
2920
2921
2922
2923
2924
2925
2926
2927
2928
2910
2911
2912
2913
2914
2915
2916
2917
2918
2907
2908
2909
2929
2930
2931
2932
2933
2934
2935
2936
2937
2938
2939
2940
2941
2942
3120
3121
3114
3115
3116
3117
3118
3119
4571
4574
4572
4568
4570
4573
4569
4575
4537
4538
4539
4540
4541
4542
4543
4544
4545
4546
4547
4548
4549
4550
4551
4552
4553
4554
4555
4556
4557
4558
4559
4560
4561
4562
4563
4564
4565
4532
4533
4534
4535
4536
4566
4567
4822
4824
4825
4829
4831
4832
4827
4839
4849
4848
4855
4854
4856
4857
4860
4861
4865
4867
4811
4812
4813
4814
4815
4816
4817
4818
4819
4820
4821
4836
4841
4863
4866
4868
4826
4823
4828
4830
4833
4834
4835
4852
4837
4838
4840
4842
4843
4844
4847
4850
4845
4846
4851
4853
4858
4859
4862
4864
4869
5227
5228
5230
5229
5235
5226
5236
5231
5237
5239
5234
5238
5232
5233
5210
5211
5212
5213
5214
5215
5216
5217
5218
5219
5220
5221
5222
5223
5224
5225
6193
6194
6192
6187
6188
6189
6190
6191
6431
6432
6373
6374
6375
6376
6377
6378
6379
6380
6381
6382
6383
6384
6385
6386
6387
6388
6389
6390
6391
6392
6393
6394
6395
6396
6397
6398
6399
6400
6401
6402
6403
6404
6405
6406
6407
6408
6409
6410
6411
6412
6413
6414
6415
6416
6417
6418
6419
6420
6421
6422
6423
6424
6425
6426
6427
6428
6429
6430
7878
7879
7877
7848
7849
7850
7851
7852
7853
7854
7855
7856
7857
7858
7859
7860
7861
7862
7863
7864
7865
7866
7867
7868
7869
7870
7871
7872
7873
7874
7875
7876
8426
8427
8428
8429
8400
8401
8402
8403
8404
8405
8406
8407
8408
8409
8410
8411
8412
8413
8414
8415
8416
8417
8418
8419
8420
8421
8422
8423
8424
8425
8661
8662
8663
8664
8665
8666
8667
8668
8669
8670
8671
8672
8673
8674
8675
8676
8677
8678
8679
8680
8681
8682
8683
8684
8685
8639
8640
8641
8642
8643
8644
8645
8646
8647
8648
8649
8650
8651
8652
8653
8654
8655
8656
8657
8658
8659
8660
8686
8687
8688
8689
8690
8691
8692
8693
8694
8695
8696
8697
8698
8699
8700
8701
8702
8703
8704
8705
8706
8707
8708
8709
8710
8711
8712
8836
8837
8838
8839
8840
8841
8842
8828
8829
8830
8831
8832
8833
8834
8835
9167
9168
9146
9147
9148
9149
9150
9151
9152
9153
9154
9155
9156
9157
9158
9134
9135
9136
9137
9138
9128
9129
9130
9131
9132
9133
9139
9140
9141
9142
9143
9144
9145
9159
9160
9161
9162
9163
9164
9165
9166
10846
10847
10832
10833
10834
10835
10836
10837
10838
10839
10840
10841
10842
10843
10844
10845
11213
11214
11200
11201
11202
11203
11204
11205
11206
11207
11208
11209
11210
11211
11212
11193
11194
11195
11196
11197
11198
11199
12434
12441
12438
12435
12442
12436
12439
12440
12437
12429
12430
12431
12432
12433
12666
12646
12647
12648
12649
12650
12651
12652
12653
12654
12655
12656
12657
12658
12659
12660
12661
12662
12663
12664
12665
12934
12933
12936
12935
13624
13625
13626
13627
13628
13629
13608
13609
13610
13611
13612
13613
13614
13615
13616
13617
13618
13619
13620
13621
13622
13623
13879
13862
13873
13850
13881
13877
13875
13872
13853
13855
13874
13878
13857
13851
13876
13866
13854
13852
13868
13861
13869
13856
13871
13867
13870
13880
13858
13859
13860
13863
13864
13865
13828
13829
13830
13831
13832
13833
13822
13823
13824
13825
13826
13827
13814
13815
13816
13817
13818
13819
13820
13821
13834
13835
13836
13837
13838
13839
13840
13841
13842
13843
13844
13845
13846
13847
13848
13849
14102
14104
14103
14100
14101
14084
14085
14086
14087
14088
14089
14090
14091
14092
14093
14094
14095
14096
14097
14098
14099
14416
14415
14410
14411
14412
14413
14414
14502
14500
14501
14485
14486
14487
14488
14489
14490
14491
14492
14493
14494
14495
14483
14484
14496
14497
14498
14499
15053
15054
15055
15039
15040
15041
15042
15043
15044
15045
15046
15047
15048
15049
15050
15051
15052
15723
15722
15720
15724
15721
15654
15655
15656
15657
15658
15659
15660
15661
15662
15663
15664
15665
15666
15667
15668
15669
15670
15671
15672
15673
15674
15675
15676
15677
15678
15679
15708
15709
15710
15711
15712
15713
15714
15715
15716
15717
15718
15719
15680
15681
15682
15683
15684
15685
15686
15687
15688
15689
15690
15691
15692
15693
15694
15695
15696
15697
15698
15699
15700
15701
15702
15703
15704
15705
15706
15707
16088
16089
16090
16091
16092
16052
16053
16054
16055
16056
16057
16058
16059
16060
16061
16062
16063
16064
16065
16066
16067
16068
16069
16070
16071
16072
16073
16074
16075
16076
16077
16078
16079
16080
16081
16082
16083
16084
16085
16086
16087
16387
16385
16386
16734
16733
16736
16731
16735
16732
16716
16717
16718
16719
16720
16721
16722
16723
16724
16725
16726
16727
16728
16729
16730
16866
16860
16861
16862
16863
16864
16865
17234
17231
17229
17230
17232
17233
17215
17216
17217
17218
17223
17224
17225
17226
17227
17228
17220
17221
17222
17208
17209
17210
17211
17212
17219
17213
17214
17516
17547
17538
17519
17540
17520
17541
17526
17525
17542
17539
17515
17518
17517
17521
17543
17545
17523
17522
17524
17544
17546
17527
17528
17529
17530
17531
17532
17533
17534
17536
17535
17537
17510
17511
17514
17512
17513
18973
18974
18975
18894
18895
18896
18897
18898
18899
18900
18901
18902
18903
18904
18905
18906
18907
18908
18909
18910
18911
18912
18913
18914
18915
18916
18917
18918
18919
18920
18921
18922
18923
18924
18925
18926
18927
18928
18929
18930
18931
18932
18933
18934
18935
18936
18937
18938
18939
18940
18941
18942
18943
18944
18945
18946
18947
18948
18949
18950
18951
18952
18953
18954
18955
18956
18957
18958
18959
18960
18961
18962
18963
18964
18965
18966
18967
18968
18969
18970
18971
18972
19164
19165
19166
19167
19151
19152
19153
19154
19155
19156
19157
19158
19159
19160
19161
19162
19163
20864
20863
20865
20859
20860
20861
20862
22097
22101
22099
22103
22104
22108
22098
22109
22100
22093
22095
22094
22105
22102
22092
22106
22107
22096
22089
22090
22091
22372
22373
22374
22375
22357
22358
22359
22360
22361
22362
22363
22364
22365
22366
22367
22368
22369
22370
22371
23283
23285
23284
23280
23281
23282
23271
23276
23277
23278
23279
23272
23273
23274
23275
23786
23785
23771
23772
23773
23774
23775
23776
23777
23778
23779
23780
23781
23782
23783
23784
24281
24274
24275
24276
24277
24278
24279
24280
24364
24363
24362
24343
24344
24345
24346
24347
24348
24349
24350
24351
24352
24353
24354
24355
24356
24357
24358
24359
24360
24361
24989
24990
24988
26203
26202
26186
26187
26188
26189
26190
26191
26192
26193
26194
26195
26196
26197
26198
26199
26200
26201
26412
26417
26413
26415
26414
26416
26418
26419
26395
26396
26397
26398
26399
26400
26401
26402
26403
26404
26405
26406
26407
26408
26409
26410
26411
28077
28078
28079
28058
28059
28060
28061
28062
28063
28064
28065
28066
28067
28068
28069
28070
28071
28072
28073
28074
28075
28076
28312
28313
28311
29114
29115
29116
29054
29055
29056
29057
29058
29059
29060
29061
29062
29063
29064
29065
29066
29067
29068
29069
29070
29071
29072
29073
29074
29075
29076
29077
29078
29079
29080
29081
29082
29083
29084
29085
29086
29087
29088
29089
29090
29091
29092
29093
29094
29095
29096
29097
29098
29099
29100
29101
29102
29103
29104
29105
29106
29107
29108
29109
29110
29111
29112
29113
29344
29342
29340
29345
29343
29341
29320
29321
29322
29323
29324
29325
29326
29327
29328
29329
29330
29331
29332
29333
29334
29335
29336
29337
29338
29339
29306
29307
29308
29309
29310
29311
29312
29313
29314
29315
29316
29317
29318
29319
29431
29432
29433
31177
31174
31175
31176
31154
31155
31156
31157
31158
31159
31160
31161
31162
31163
31164
31165
31166
31167
31168
31169
31170
31171
31172
31173
31366
31370
31368
31361
31371
31363
31365
31369
31364
31367
31362
31340
31341
31342
31343
31344
31345
31346
31347
31348
31349
31350
31351
31352
31353
31354
31355
31356
31357
31358
31359
31360
31317
31318
31319
31320
31321
31322
31323
31324
31325
31326
31327
31328
31329
31330
31331
31332
31333
31334
31335
31336
31337
31338
31339
31309
31310
31311
31312
31313
31314
31315
31316
31883
31876
31877
31878
31879
31880
31881
31882
31918
31921
31922
31919
31920
32045
32042
32043
32044
32030
32031
32032
32033
32034
32035
32036
32037
32038
32039
32040
32041
32013
32014
32015
32016
32017
32018
32019
32020
32021
32022
32023
32024
32025
32026
32027
32028
32029
32163
32164
32165
32144
32145
32146
32147
32148
32149
32150
32151
32152
32153
32154
32155
32156
32157
32158
32159
32160
32161
32162
32448
32446
32449
32445
32447
32429
32430
32431
32432
32433
32434
32435
32436
32441
32442
32443
32444
32418
32419
32420
32421
32422
32423
32424
32425
32426
32427
32428
32437
32438
32439
32440
32410
32411
32412
32413
32414
32415
32416
32417
32789
32794
32791
32792
32793
32790
32795
32788
32785
32786
32787
33447
33448
33449
33450
33451
33426
33427
33428
33429
33430
33431
33432
33433
33434
33435
33436
33437
33438
33439
33440
33441
33442
33443
33444
33445
33446
34298
34640
34636
34637
34638
34639
34705
34706
34707
34685
34686
34687
34688
34689
34690
34691
34692
34693
34694
34695
34696
34697
34698
34669
34670
34671
34672
34673
34674
34675
34676
34677
34678
34679
34680
34681
34682
34683
34684
34666
34667
34668
34699
34700
34701
34702
34703
34704
34841
34842
34796
34797
34798
34799
34800
34801
34802
34803
34804
34805
34806
34807
34808
34809
34810
34811
34812
34813
34814
34815
34816
34817
34818
34819
34820
34821
34822
34823
34824
34825
34826
34827
34828
34829
34830
34831
34832
34833
34834
34835
34836
34837
34838
34839
34840
35043
35044
35045
35046
35040
35041
35042
35033
35034
35035
35036
35037
35038
35039
35452
35453
35424
35425
35426
35427
35428
35429
35430
35431
35432
35433
35434
35435
35436
35437
35438
35439
35440
35441
35442
35443
35444
35445
35446
35447
35448
35449
35450
35451
35538
35539
35530
35531
35532
35533
35534
35535
35536
35537
35581
35582
35583
35584
35568
35569
35570
35571
35572
35573
35574
35575
35576
35577
35578
35579
35580
36558
36559
37221
37223
37219
37220
37222
37224
37218
37225
37194
37195
37196
37197
37198
37199
37200
37201
37202
37203
37204
37205
37206
37207
37211
37212
37213
37214
37215
37216
37217
37208
37209
37210
37354
37348
37349
37350
37351
37352
37353
37318
37319
37320
37321
37322
37323
37324
37325
37326
37327
37328
37329
37330
37331
37332
37333
37334
37335
37336
37337
37338
37339
37340
37341
37342
37343
37344
37345
37346
37347
37876
37877
37878
37875
37864
37865
37866
37867
37868
37869
37870
37871
37872
37873
37874
37856
37857
37858
37859
37860
37861
37862
37863
37904
37902
37903
38652
38656
38655
38653
38654
38651
38647
38648
38649
38650
38841
38836
38837
38839
38842
38840
38844
38845
38843
38838
38835
38831
38832
38833
38834
38826
38827
38828
38829
38830
38824
38825
39242
39243
39241
39501
39502
39503
39507
39504
39506
39505
39471
39472
39473
39474
39475
39476
39477
39478
39479
39480
39481
39482
39483
39484
39485
39486
39487
39488
39489
39490
39491
39492
39493
39494
39495
39496
39497
39498
39499
39500
39662
39660
39658
39661
39663
39659
39651
39652
39653
39654
39655
39656
39657
40307
40306
40309
40308
40310
40312
40311
40296
40297
40298
40299
40300
40301
40302
40303
40304
40305
41505
41504
41503
41502
41494
41495
41496
41497
41498
41499
41500
41501
41492
41493
41613
41614
41983
41982
41984
41985
41986
41976
41977
41978
41979
41980
41981
41941
41942
41943
41944
41945
41946
41947
41948
41949
41950
41951
41952
41953
41954
41955
41956
41957
41958
41959
41960
41961
41962
41963
41964
41965
41966
41967
41968
41969
41970
41971
41972
41973
41974
41975
42456
42457
42442
42443
42444
42445
42446
42447
42448
42449
42450
42451
42452
42453
42454
42455
42620
42621
42619
42618
42613
42614
42615
42616
42617
42606
42607
42608
42609
42610
42611
42612
42723
42719
42722
42721
42720
42708
42709
42710
42711
42712
42713
42714
42715
42716
42717
42718
42935
42936
42942
42938
42939
42941
42937
42940
42934
42926
42927
42928
42929
42930
42931
42932
42933
43647
43646
43650
43649
43648
43635
43636
43637
43638
43639
43640
43641
43642
43643
43644
43645
43808
43792
43793
43794
43795
43796
43797
43798
43799
43800
43801
43802
43803
43804
43805
43806
43807
44019
44020
44021
44016
44017
44018
44192
44191
44190
44189
44186
44187
44188
44248
44249
44250
44232
44233
44234
44235
44236
44237
44238
44239
44240
44241
44242
44243
44244
44245
44246
44247
45133
45134
45137
45135
45132
45136
45738
45733
45737
45735
45732
45734
45736
45716
45717
45718
45719
45720
45721
45722
45723
45724
45725
45726
45727
45728
45729
45730
45731
45859
45857
45858
45861
45860
45850
45851
45852
45853
45854
45855
45856
45847
45848
45849
45877
45880
45878
45879
45871
45872
45873
45874
45875
45876
46052
46054
46053
46051
46029
46030
46031
46032
46033
46034
46035
46011
46012
46013
46014
46015
46016
46017
46018
46019
46020
46021
46022
46023
46024
46025
46026
46027
46028
46036
46037
46038
46039
46040
46041
46042
46043
46044
46045
46046
46047
46048
46049
46050
46166
46165
46164
46167
46153
46154
46155
46156
46157
46158
46159
46160
46161
46162
46163
46296
46291
46292
46305
46295
46301
46294
46307
46299
46306
46308
46302
46300
46304
46293
46298
46303
46297
46273
46274
46275
46276
46277
46278
46279
46280
46281
46282
46220
46221
46222
46223
46224
46225
46226
46227
46228
46229
46230
46231
46232
46283
46284
46285
46286
46287
46288
46289
46290
46214
46215
46216
46217
46218
46219
46233
46234
46235
46236
46237
46238
46239
46240
46241
46242
46243
46244
46245
46246
46247
46248
46249
46250
46251
46252
46253
46254
46255
46256
46257
46258
46259
46260
46261
46262
46263
46264
46265
46266
46267
46268
46269
46270
46271
46272
46621
46622
46624
46623
46673
46672
46671
46658
46659
46660
46661
46662
46663
46664
46665
46666
46667
46668
46669
46670
8454
