34350
34351
34346
34345
34349
34347
34348
34321
34322
34339
34340
34341
34342
34343
34344
34323
34324
34325
34326
34327
34328
34329
34330
34331
34332
34333
34334
34335
34336
34337
34338
44055
44056
44054
44061
44053
44057
44058
44059
44060
44044
44045
44046
44047
44048
44049
44050
44051
44052
44037
44038
44039
44040
44041
44042
44043
44035
44036
48623
48624
48625
48626
48627
48617
48618
48619
48620
48621
48622
48555
48556
48548
48549
48550
48551
48552
48553
48554
48545
48546
48547
48557
48558
48559
48560
48561
48562
48563
48564
48565
48566
48567
48568
48569
48570
48571
48572
48573
48574
48575
48576
48577
48578
48579
48580
48581
48582
48583
48584
48585
48586
48587
48588
48589
48590
48591
48592
48593
48594
48595
48596
48597
48598
48599
48600
48601
48602
48603
48604
48605
48606
48607
48608
48609
48610
48611
48612
48613
48614
48615
48616
5994
5993
5992
5995
5997
5999
5996
5998
5991
5989
5990
10766
10767
10736
10737
10738
10739
10740
10741
10742
10743
10744
10745
10746
10747
10748
10749
10750
10751
10752
10753
10754
10755
10756
10757
10758
10759
10760
10761
10762
10763
10764
10765
16165
16162
16163
16164
16119
16120
16121
16122
16123
16124
16125
16126
16127
16128
16129
16130
16131
16148
16149
16150
16151
16152
16153
16154
16155
16156
16157
16158
16159
16160
16161
16132
16133
16134
16135
16136
16137
16138
16139
16140
16141
16142
16143
16144
16145
16146
16147
23922
23923
23924
23925
23908
23909
23910
23911
23912
23913
23914
23915
23916
23917
23918
23919
23920
23921
33942
33935
33941
33938
33943
33937
33939
33940
33936
41386
41387
41342
41343
41344
41345
41346
41347
41348
41349
41350
41351
41352
41353
41354
41355
41356
41357
41358
41359
41360
41361
41362
41363
41364
41365
41366
41367
41368
41369
41370
41371
41372
41373
41374
41375
41376
41377
41378
41379
41380
41381
41382
41383
41384
41385
46347
46349
46350
46348
46329
46330
46331
46332
46316
46317
46318
46319
46320
46321
46322
46323
46324
46325
46326
46327
46328
46337
46338
46339
46340
46341
46342
46343
46344
46345
46346
46333
46334
46335
46336
47118
47096
47121
47104
47097
47120
47106
47107
47110
47122
47124
47119
47111
47105
47102
47115
47101
47094
47113
47098
47095
47109
47103
47117
47099
47123
47100
47108
47112
47114
47116
47089
47090
47091
47092
47093
47086
47087
47088
49021
49022
49023
49024
49025
49026
49027
49028
48962
48963
48964
48965
48966
48967
48968
48969
48970
48971
48972
48973
48974
48975
48976
48977
48978
48979
48980
48981
48982
48983
48984
48985
48986
48987
48988
48989
48990
48991
48992
48993
48994
48995
48996
48997
48998
48999
49000
49001
49002
49003
49004
49005
49006
49007
49008
49009
49010
49011
49012
49013
49014
49015
49016
49017
49018
49019
49020
49542
49543
49512
49513
49514
49515
49516
49517
49518
49519
49520
49521
49522
49523
49524
49525
49526
49527
49528
49529
49530
49531
49532
49533
49534
49535
49536
49537
49538
49539
49540
49541
50830
50831
50832
50833
50834
50835
50836
50837
50838
50839
50766
50767
50768
50769
50770
50771
50772
50773
50774
50775
50776
50777
50778
50779
50780
50781
50782
50783
50784
50785
50786
50787
50788
50789
50790
50791
50792
50793
50794
50795
50796
50797
50798
50799
50800
50801
50802
50803
50804
50805
50806
50807
50808
50809
50810
50811
50812
50813
50814
50815
50816
50817
50818
50819
50820
50821
50822
50823
50824
50825
50826
50827
50828
50829
745
740
741
742
743
744
1013
1009
1015
1016
1010
1014
1017
1006
1011
1012
1007
1008
985
986
987
974
975
981
982
983
984
976
977
978
979
980
993
994
995
996
997
988
989
990
991
992
965
966
967
968
969
970
971
972
973
961
962
963
964
998
999
1000
1001
1002
1003
1004
1005
2065
2055
2056
2057
2058
2059
2060
2061
2062
2063
2064
2166
2167
2168
2169
2130
2131
2132
2133
2134
2135
2136
2137
2138
2139
2140
2141
2142
2143
2144
2145
2146
2147
2148
2149
2150
2151
2152
2153
2154
2155
2156
2157
2158
2159
2160
2161
2162
2163
2164
2165
2353
2354
2355
2356
2339
2340
2341
2342
2343
2344
2345
2346
2347
2348
2349
2350
2351
2352
2837
2836
2838
2839
2822
2823
2824
2825
2826
2827
2828
2829
2830
2831
2832
2833
2834
2835
3120
3121
3114
3115
3116
3117
3118
3119
3913
3914
3909
3911
3910
3912
3888
3889
3890
3891
3892
3893
3894
3895
3896
3897
3898
3899
3900
3901
3902
3903
3904
3905
3906
3907
3908
4178
4191
4181
4182
4190
4186
4187
4183
4184
4188
4185
4177
4180
4189
4179
4174
4175
4176
4172
4173
4152
4153
4154
4155
4156
4157
4158
4159
4160
4161
4162
4163
4164
4165
4166
4167
4168
4169
4170
4171
4767
4762
4763
4764
4765
4766
5227
5228
5230
5229
5235
5226
5236
5231
5237
5239
5234
5238
5232
5233
5210
5211
5212
5213
5214
5215
5216
5217
5218
5219
5220
5221
5222
5223
5224
5225
5802
5796
5797
5798
5799
5800
5801
7822
7820
7823
7821
7804
7805
7806
7807
7808
7809
7810
7811
7812
7813
7814
7815
7816
7817
7818
7819
8426
8427
8428
8429
8400
8401
8402
8403
8404
8405
8406
8407
8408
8409
8410
8411
8412
8413
8414
8415
8416
8417
8418
8419
8420
8421
8422
8423
8424
8425
8661
8662
8663
8664
8665
8666
8667
8668
8669
8670
8671
8672
8673
8674
8675
8676
8677
8678
8679
8680
8681
8682
8683
8684
8685
8639
8640
8641
8642
8643
8644
8645
8646
8647
8648
8649
8650
8651
8652
8653
8654
8655
8656
8657
8658
8659
8660
8686
8687
8688
8689
8690
8691
8692
8693
8694
8695
8696
8697
8698
8699
8700
8701
8702
8703
8704
8705
8706
8707
8708
8709
8710
8711
8712
9108
9109
9104
9105
9106
9107
9101
9102
9103
9734
9735
9737
9738
9736
10809
10806
10808
10807
10774
10775
10776
10777
10778
10779
10780
10781
10782
10783
10784
10785
10786
10787
10788
10789
10790
10791
10792
10793
10794
10795
10796
10797
10798
10799
10800
10801
10802
10803
10804
10805
11507
11503
11504
11506
11505
11508
11509
11510
11496
11497
11498
11499
11500
11501
11502
11487
11488
11489
11490
11491
11492
11493
11494
11495
11810
11807
11808
11809
11772
11773
11774
11775
11776
11777
11778
11779
11780
11781
11782
11783
11784
11785
11786
11787
11788
11789
11790
11791
11792
11793
11794
11795
11796
11797
11798
11799
11800
11801
11802
11803
11804
11805
11806
12055
12057
12056
12052
12053
12054
12666
12646
12647
12648
12649
12650
12651
12652
12653
12654
12655
12656
12657
12658
12659
12660
12661
12662
12663
12664
12665
12851
12852
12853
12831
12832
12833
12834
12835
12828
12829
12830
12836
12837
12838
12839
12840
12841
12842
12843
12844
12845
12846
12847
12848
12849
12850
14118
14124
14123
14119
14122
14125
14121
14120
14416
14415
14410
14411
14412
14413
14414
14952
14953
14938
14939
14940
14941
14942
14943
14944
14945
14946
14947
14948
14949
14950
14951
15053
15054
15055
15039
15040
15041
15042
15043
15044
15045
15046
15047
15048
15049
15050
15051
15052
15301
15303
15302
15295
15296
15297
15298
15299
15300
15287
15288
15289
15290
15291
15292
15293
15294
15751
15749
15750
15738
15739
15740
15741
15742
15743
15744
15745
15746
15747
15748
15955
15956
15958
15957
15959
15943
15944
15945
15946
15947
15948
15949
15950
15951
15952
15953
15954
15932
15933
15934
15935
15936
15937
15938
15939
15940
15941
15942
16115
16116
16117
16118
16099
16100
16101
16102
16103
16104
16105
16106
16107
16108
16109
16110
16111
16112
16113
16114
16387
16385
16386
16635
16630
16631
16632
16633
16634
17027
17026
17016
17017
17018
17024
17025
17019
17020
17021
17022
17023
17061
17062
17063
17065
17066
17067
17064
17068
17046
17047
17048
17043
17044
17045
17049
17050
17051
17052
17053
17054
17055
17056
17057
17058
17059
17060
17105
17104
17107
17106
17234
17231
17229
17230
17232
17233
17215
17216
17217
17218
17223
17224
17225
17226
17227
17228
17220
17221
17222
17208
17209
17210
17211
17212
17219
17213
17214
17425
17371
17372
17373
17374
17375
17376
17377
17378
17379
17380
17381
17382
17383
17384
17385
17386
17387
17388
17389
17390
17391
17392
17393
17394
17395
17396
17397
17398
17399
17400
17401
17402
17403
17404
17405
17406
17407
17408
17409
17410
17411
17412
17413
17414
17415
17416
17417
17418
17419
17420
17421
17422
17423
17424
17834
17838
17833
17830
17832
17836
17835
17831
17837
17760
17761
17762
17763
17764
17765
17766
17767
17768
17769
17815
17816
17817
17818
17819
17820
17821
17822
17823
17824
17825
17826
17827
17828
17829
17774
17775
17776
17777
17778
17779
17780
17781
17782
17783
17784
17785
17786
17787
17770
17771
17772
17773
17788
17789
17790
17791
17792
17793
17794
17795
17796
17797
17798
17799
17800
17801
17802
17803
17804
17805
17806
17807
17808
17809
17810
17811
17812
17813
17814
18183
18184
18185
18179
18180
18181
18182
18222
18220
18219
18221
18223
18224
18215
18216
18217
18218
18763
18764
18765
18766
18740
18741
18742
18743
18744
18745
18746
18747
18748
18749
18750
18751
18752
18753
18754
18755
18756
18757
18758
18759
18760
18761
18762
18973
18974
18975
18894
18895
18896
18897
18898
18899
18900
18901
18902
18903
18904
18905
18906
18907
18908
18909
18910
18911
18912
18913
18914
18915
18916
18917
18918
18919
18920
18921
18922
18923
18924
18925
18926
18927
18928
18929
18930
18931
18932
18933
18934
18935
18936
18937
18938
18939
18940
18941
18942
18943
18944
18945
18946
18947
18948
18949
18950
18951
18952
18953
18954
18955
18956
18957
18958
18959
18960
18961
18962
18963
18964
18965
18966
18967
18968
18969
18970
18971
18972
19320
19308
19309
19319
19317
19316
19318
19314
19312
19315
19310
19311
19313
19304
19305
19306
19307
19278
19279
19280
19281
19282
19283
19284
19285
19286
19287
19288
19289
19290
19291
19292
19275
19276
19277
19269
19270
19271
19272
19273
19274
19301
19302
19303
19298
19299
19300
19293
19294
19295
19296
19297
19540
19548
19541
19547
19544
19545
19542
19539
19549
19546
19543
19520
19521
19522
19523
19524
19525
19526
19527
19528
19529
19530
19531
19532
19533
19534
19535
19536
19537
19538
19518
19519
19682
19692
19688
19696
19691
19686
19689
19695
19683
19693
19690
19694
19684
19685
19687
19681
19673
19674
19675
19676
19677
19678
19672
19667
19668
19669
19670
19671
19679
19680
20836
20834
20835
20839
20838
20837
20778
20779
20780
20781
20782
20783
20784
20785
20786
20787
20788
20789
20790
20791
20792
20793
20794
20795
20796
20797
20798
20799
20800
20801
20802
20803
20804
20805
20806
20807
20808
20809
20810
20811
20812
20813
20814
20815
20816
20817
20818
20819
20820
20821
20822
20823
20824
20825
20826
20827
20828
20829
20830
20831
20832
20833
20764
20765
20766
20767
20768
20769
20770
20771
20772
20773
20774
20775
20776
20777
21823
21824
21814
21815
21816
21817
21818
21819
21820
21821
21822
21964
21965
21966
21967
21940
21941
21942
21943
21944
21945
21946
21947
21948
21949
21950
21951
21952
21953
21954
21955
21956
21957
21958
21959
21960
21961
21962
21963
23657
23654
23655
23656
23650
23651
23652
23653
23642
23643
23644
23645
23646
23647
23648
23649
23905
23906
23907
23875
23876
23877
23878
23879
23880
23881
23882
23883
23884
23885
23886
23887
23888
23889
23890
23891
23892
23893
23894
23895
23896
23897
23898
23899
23900
23901
23902
23903
23904
25741
25743
25742
25869
25861
25862
25863
25864
25865
25866
25867
25868
25802
25803
25804
25805
25806
25807
25808
25809
25810
25811
25812
25813
25814
25815
25816
25817
25818
25819
25820
25821
25822
25823
25824
25825
25826
25827
25828
25829
25830
25831
25832
25833
25834
25835
25836
25837
25838
25839
25840
25841
25842
25843
25844
25845
25846
25847
25848
25849
25850
25851
25852
25853
25854
25855
25856
25857
25858
25859
25860
26649
26650
26652
26651
27390
27391
27378
27379
27380
27381
27382
27383
27384
27385
27386
27387
27388
27389
27520
27521
27482
27483
27484
27485
27486
27487
27488
27489
27490
27491
27492
27493
27494
27495
27496
27497
27498
27499
27500
27501
27502
27503
27504
27505
27506
27507
27508
27509
27510
27511
27512
27513
27514
27515
27516
27517
27518
27519
28012
28013
27964
27965
27966
27967
27968
27969
27970
27971
27972
27973
27974
27975
27976
27977
27978
27979
27980
27981
27982
27983
27984
27985
27986
27987
27988
27989
27990
27991
27992
27993
27994
27995
27996
27997
27998
27999
28000
28001
28002
28003
28004
28005
28006
28007
28008
28009
28010
28011
28077
28078
28079
28058
28059
28060
28061
28062
28063
28064
28065
28066
28067
28068
28069
28070
28071
28072
28073
28074
28075
28076
28294
28295
28296
28299
28298
28301
28297
28300
28284
28285
28286
28287
28288
28289
28290
28291
28292
28293
28271
28272
28273
28274
28275
28276
28277
28278
28279
28280
28281
28282
28283
29431
29432
29433
29790
29791
30524
30525
30511
30512
30513
30514
30515
30516
30517
30518
30519
30520
30521
30522
30523
30888
30889
30890
30891
30892
30893
32163
32164
32165
32144
32145
32146
32147
32148
32149
32150
32151
32152
32153
32154
32155
32156
32157
32158
32159
32160
32161
32162
33447
33448
33449
33450
33451
33426
33427
33428
33429
33430
33431
33432
33433
33434
33435
33436
33437
33438
33439
33440
33441
33442
33443
33444
33445
33446
33534
33536
33537
33533
33535
33527
33528
33529
33530
33531
33532
34841
34842
34796
34797
34798
34799
34800
34801
34802
34803
34804
34805
34806
34807
34808
34809
34810
34811
34812
34813
34814
34815
34816
34817
34818
34819
34820
34821
34822
34823
34824
34825
34826
34827
34828
34829
34830
34831
34832
34833
34834
34835
34836
34837
34838
34839
34840
35197
35203
35201
35196
35199
35198
35202
35200
35189
35190
35191
35192
35193
35194
35195
35340
35538
35539
35530
35531
35532
35533
35534
35535
35536
35537
35643
35644
35645
36846
36844
36845
36847
36842
36843
37122
37123
37102
37103
37104
37105
37106
37107
37108
37109
37110
37111
37112
37113
37114
37115
37116
37117
37118
37119
37120
37121
38602
38603
38575
38576
38577
38578
38579
38580
38581
38582
38583
38584
38585
38586
38587
38588
38589
38590
38591
38592
38593
38594
38595
38596
38597
38598
38599
38600
38601
38923
38924
39242
39243
39241
39371
39369
39372
39370
39356
39357
39358
39359
39360
39361
39362
39363
39364
39365
39366
39367
39368
39697
39698
39699
39700
39673
39674
39675
39676
39677
39678
39679
39680
39681
39682
39683
39684
39685
39686
39687
39688
39689
39690
39691
39692
39693
39694
39695
39696
39968
39965
39966
39967
40307
40306
40309
40308
40310
40312
40311
40296
40297
40298
40299
40300
40301
40302
40303
40304
40305
40403
40402
40405
40401
40404
40399
40400
40370
40371
40372
40373
40374
40375
40376
40377
40378
40379
40380
40381
40382
40383
40384
40385
40386
40387
40388
40389
40390
40391
40392
40393
40394
40395
40396
40397
40398
40942
40943
40944
40934
40935
40936
40937
40938
40939
40940
40941
41293
41295
41297
41290
41294
41291
41296
41292
41289
41258
41259
41260
41261
41262
41263
41264
41265
41266
41267
41268
41269
41270
41271
41272
41273
41274
41275
41276
41277
41278
41279
41280
41281
41282
41283
41284
41285
41286
41287
41288
41983
41982
41984
41985
41986
41976
41977
41978
41979
41980
41981
41941
41942
41943
41944
41945
41946
41947
41948
41949
41950
41951
41952
41953
41954
41955
41956
41957
41958
41959
41960
41961
41962
41963
41964
41965
41966
41967
41968
41969
41970
41971
41972
41973
41974
41975
42119
42108
42109
42110
42111
42112
42113
42114
42115
42116
42117
42118
43478
43479
43477
43471
43472
43473
43474
43475
43476
43585
43584
43583
43571
43572
43573
43574
43575
43576
43577
43578
43579
43580
43581
43582
43863
43864
43865
43837
43838
43839
43840
43841
43842
43843
43844
43845
43846
43847
43848
43849
43850
43851
43852
43853
43854
43855
43856
43857
43858
43859
43860
43861
43862
44019
44020
44021
44016
44017
44018
44248
44249
44250
44232
44233
44234
44235
44236
44237
44238
44239
44240
44241
44242
44243
44244
44245
44246
44247
44540
44509
44510
44511
44512
44516
44517
44522
44524
44526
44528
44529
44534
44533
44536
44539
44541
44543
44542
44498
44500
44499
44502
44505
44506
44465
44466
44467
44468
44469
44470
44471
44472
44473
44474
44475
44476
44477
44478
44479
44480
44481
44482
44483
44484
44485
44486
44487
44488
44489
44490
44491
44492
44493
44494
44495
44496
44530
44531
44508
44519
44520
44513
44514
44515
44518
44521
44523
44525
44527
44532
44535
44537
44538
44497
44501
44503
44504
44507
44799
44800
44804
44797
44802
44796
44801
44803
44798
44754
44755
44756
44757
44758
44759
44760
44761
44762
44763
44764
44765
44766
44767
44768
44769
44770
44771
44772
44773
44774
44775
44776
44777
44778
44779
44780
44781
44782
44783
44784
44785
44786
44787
44788
44789
44790
44791
44792
44793
44794
44795
45019
45023
45022
45024
45020
45025
45021
44984
44985
44986
44987
44988
44989
44990
44991
44992
44993
44994
45010
45011
45012
45013
45014
45015
45016
45017
45018
45001
45002
45003
45004
45005
45006
45007
45008
45009
44995
44996
44997
44998
44999
45000
45133
45134
45137
45135
45132
45136
45196
45191
45192
45194
45197
45193
45195
45176
45177
45178
45179
45180
45181
45182
45183
45184
45185
45186
45187
45188
45189
45190
45167
45168
45169
45170
45171
45172
45173
45174
45175
45738
45733
45737
45735
45732
45734
45736
45716
45717
45718
45719
45720
45721
45722
45723
45724
45725
45726
45727
45728
45729
45730
45731
46166
46165
46164
46167
46153
46154
46155
46156
46157
46158
46159
46160
46161
46162
46163
46621
46622
46624
46623
