2970
4581
5244
6361
7788
8894
8895
8896
8897
8898
8899
8900
8901
8902
8903
8904
8905
8906
8907
8908
8909
8910
10138
10139
10140
10141
10142
10143
10144
10145
10146
10147
10148
10149
10150
10151
10152
10153
10154
10883
10884
12141
12142
12143
12107
12108
12109
12110
12111
12112
12113
12114
12115
12116
12117
12118
12119
12120
12121
12122
12123
12124
12125
12126
12127
12128
12129
12130
12131
12132
12133
12134
12135
12136
12137
12138
12139
12140
13135
13136
13137
13138
13139
13101
13102
13103
13104
13105
13106
13107
13108
13109
13110
13111
13112
13113
13114
13115
13116
13117
13118
13119
13120
13121
13122
13123
13124
13125
13126
13127
13128
13129
13130
13131
13132
13133
13134
24528
26737
28084
29570
30586
30587
30588
30589
30590
30591
30592
30593
30594
30595
31652
31651
31654
31653
32500
32501
32502
32503
32504
32505
32506
32507
32508
32509
33546
33545
33548
33547
33535
33536
33537
33538
33539
33540
33541
33542
33543
33544
35122
35996
36677
37280
38033
38891
39663
40405
41332
41337
41334
41331
41336
41335
41333
42202
43139
43144
43141
43137
43143
43142
43140
43138
44831
45771
46551
46852
46932
46933
46943
46944
46945
46946
47122
47123
47134
47135
47133
47154
47152
47153
47148
47149
47150
47151
47146
47147
47175
47176
47173
47174
47171
47172
47167
47168
47169
47170
47165
47166
48663
48815
48826
48865
49091
49219
49327
49328
49329
49330
49341
49342
49343
49344
49345
49560
49561
49636
49637
49638
49639
49640
49641
49642
49643
49644
49645
49646
49647
49648
49649
49650
49651
49652
49653
49654
49655
49656
49657
49658
49659
49660
49661
49662
49663
49664
49717
49721
49716
49719
49718
49720
49707
49708
49709
49710
49711
49712
49713
49714
49715
49774
49775
49776
49777
49778
49779
49780
49781
49782
49783
49784
49785
49786
49787
49788
49789
49790
49791
49792
49793
49794
49795
49796
49797
49798
49799
49800
49801
49802
49803
49804
49999
50003
49998
50001
50000
50002
49958
49959
49960
49961
49962
49963
49964
49965
49966
49967
49968
49969
49970
49971
49972
49973
49974
49975
49976
49977
49978
49979
49980
49981
49982
49983
49984
49985
49986
49987
49988
49989
49990
49991
49992
49993
49994
49995
49996
49997
6120
6196
6257
6362
6437
6640
6894
7032
7231
7349
7416
7484
7506
7507
7508
7509
7510
7511
7512
7513
7514
7515
7516
7517
7518
7519
7789
7790
7791
7792
7793
7794
7795
7796
7797
7798
7799
7800
7801
7802
7803
7884
7882
7885
7883
7953
7947
7946
7951
7949
7952
7948
7950
7932
7933
7934
7935
7936
7937
7938
7939
7940
7941
7942
7943
7944
7945
7917
7918
7919
7920
7921
7922
7923
7924
7925
7926
7927
7928
7929
7930
7931
8102
8093
8103
8095
8101
8094
8092
8099
8097
8100
8096
8098
8078
8079
8080
8081
8082
8083
8084
8085
8086
8087
8088
8089
8090
8091
8063
8064
8065
8066
8067
8068
8069
8070
8071
8072
8073
8074
8075
8076
8077
10824
10872
10885
11215
11216
11217
11218
11219
11220
11221
11222
11223
11224
11225
11226
11227
11228
11229
11230
11231
11232
11233
11234
11235
11236
11237
11238
11239
11240
11241
11242
11270
11271
11272
11407
11408
11409
11410
11411
11412
11413
11414
11415
11416
11417
11418
11419
11420
11421
11422
11423
11424
11425
11426
11427
11428
11429
11430
11431
11432
11433
11434
11541
11542
11543
11513
11514
11515
11516
11517
11518
11519
11520
11521
11522
11523
11524
11525
11526
11527
11528
11529
11530
11531
11532
11533
11534
11535
11536
11537
11538
11539
11540
14543
14662
14690
14721
14839
14840
14841
14842
14843
14844
14845
14846
14847
14848
14849
14850
14887
14888
14936
14937
14924
14925
14926
14927
14928
14929
14930
14931
14932
14933
14934
14935
15035
15036
15037
15038
15023
15024
15025
15026
15027
15028
15029
15030
15031
15032
15033
15034
16287
16388
16456
16605
16642
16641
16709
16710
16868
16867
16869
16870
18633
18661
18713
18714
18715
18716
18717
18718
18719
18720
18721
18722
18723
18724
18725
18726
18727
18728
18729
18787
18788
18789
18790
18791
18792
18793
18794
18795
18796
18797
18798
18799
18800
18801
18802
18803
18835
18836
18837
18838
18839
18840
18841
18842
18843
18844
18845
18846
18847
18848
18849
18850
18851
19024
19025
18990
18991
18992
18993
18994
18995
18996
18997
18998
18999
19000
19001
19002
19003
19004
19005
19006
19007
19008
19009
19010
19011
19012
19013
19014
19015
19016
19017
19018
19019
19020
19021
19022
19023
19120
19121
19122
19123
19124
19125
19126
19127
19128
19129
19130
19131
19132
19133
19134
19135
19136
19222
19223
19171
19172
19173
19174
19175
19176
19177
19178
19179
19180
19181
19182
19183
19184
19185
19186
19187
19188
19189
19190
19191
19192
19193
19194
19195
19196
19197
19198
19199
19200
19201
19202
19203
19204
19205
19206
19207
19208
19209
19210
19211
19212
19213
19214
19215
19216
19217
19218
19219
19220
19221
24027
24093
24285
24312
24373
24478
24489
24490
24491
24492
24493
24494
24495
24496
24497
24498
24499
24500
24501
24512
24513
24514
24515
24516
24517
24529
24530
24531
24532
24533
24534
24535
24536
24537
24538
24539
24540
24541
24695
24696
24697
24698
24699
24700
24682
24683
24684
24685
24686
24687
24688
24689
24690
24691
24692
24693
24694
31885
31925
32005
32050
32051
32052
32053
32054
32055
32056
32057
32058
32059
32060
32061
32062
32063
32064
32065
32066
32067
32068
32069
32070
32071
32072
32073
32100
32101
32102
32103
32104
32105
32106
32107
32108
32109
32110
32111
32112
32166
32167
32168
32196
32197
32198
32199
32200
32201
32202
32203
32204
32205
32206
32207
32208
32209
32210
32211
32212
32213
32214
32215
32216
32217
32218
32219
32220
32221
32222
32223
32224
32225
32226
32227
32228
32229
32230
32231
32232
32487
32488
32489
32450
32451
32452
32453
32454
32455
32456
32457
32458
32459
32460
32461
32462
32463
32464
32465
32466
32467
32468
32469
32470
32471
32472
32473
32474
32475
32476
32477
32478
32479
32480
32481
32482
32483
32484
32485
32486
33982
34064
34182
34236
34295
34348
34349
34394
34494
34639
34704
34841
34905
34906
34907
34908
34954
34955
34956
34957
34958
34959
34960
34961
34962
34963
34964
34965
35064
35065
35146
35139
35144
35145
35148
35142
35141
35147
35140
35143
35123
35124
35125
35126
35127
35128
35129
35130
35131
35132
35133
35134
35135
35136
35137
35138
35225
35228
35229
35220
35226
35227
35231
35223
35222
35230
35221
35224
35204
35205
35206
35207
35208
35209
35210
35211
35212
35213
35214
35215
35216
35217
35218
35219
35400
35450
35537
35583
35659
35660
35661
35662
35663
35664
35665
35666
35667
35668
35669
35670
35671
35672
35749
35751
35750
35748
35908
35909
35910
35911
35912
35913
35914
35915
35916
35917
35918
35919
35920
35921
36012
36014
36013
36011
35997
35998
35999
36000
36001
36002
36003
36004
36005
36006
36007
36008
36009
36010
41512
41558
41596
41626
41705
41706
41707
41708
41709
41710
41711
41712
41713
41714
41715
41716
41717
41718
41719
41720
41721
41722
41723
41724
41725
41726
41727
41728
41729
41730
41731
41732
41733
41734
41844
41845
41919
41920
41889
41890
41891
41892
41893
41894
41895
41896
41897
41898
41899
41900
41901
41902
41903
41904
41905
41906
41907
41908
41909
41910
41911
41912
41913
41914
41915
41916
41917
41918
42028
42029
42030
42031
41998
41999
42000
42001
42002
42003
42004
42005
42006
42007
42008
42009
42010
42011
42012
42013
42014
42015
42016
42017
42018
42019
42020
42021
42022
42023
42024
42025
42026
42027
45695
45741
45772
45862
45889
45890
45891
45892
45893
45894
45895
45896
45923
45924
45925
45926
45927
45928
45929
45930
46051
46052
46148
46147
46139
46140
46141
46142
46143
46144
46145
46146
46131
46132
46133
46134
46135
46136
46137
46138
46204
46207
46206
46205
46196
46197
46198
46199
46200
46201
46202
46203
46188
46189
46190
46191
46192
46193
46194
46195
46357
46388
46552
46613
46634
46635
46636
46637
46638
46639
46681
46682
46683
46684
46685
46771
46772
46773
46774
46775
46776
46777
46778
46779
46780
46781
46782
46783
46784
46785
46794
46795
46792
46793
46786
46787
46788
46789
46790
46791
46811
46812
46813
46814
46815
46796
46797
46798
46799
46800
46801
46802
46803
46804
46805
46806
46807
46808
46809
46810
46844
46845
46842
46843
46836
46837
46838
46839
46840
46841
46831
46832
46833
46834
46835
46816
46817
46818
46819
46820
46821
46822
46823
46824
46825
46826
46827
46828
46829
46830
46851
46853
46854
46855
46856
46857
46858
46859
46860
46861
46862
46863
46864
46869
46870
46871
46865
46866
46867
46868
46876
46877
46878
46879
46880
46881
46872
46873
46874
46875
47121
47124
47125
47126
47127
47128
47129
47130
47131
47132
47136
47137
47138
47139
47140
47141
47142
47143
47144
47145
47155
47156
47157
47158
47159
47160
47161
47162
47163
47164
47177
47178
47179
47180
47181
47182
47183
47184
47185
47186
47187
47188
47189
47190
47191
47192
47193
47194
47195
47196
47197
47198
47199
47200
47201
47214
47220
47210
47229
47206
47215
47216
47205
47212
47213
47208
47211
47218
47233
47221
47234
47223
47235
47228
47230
47209
47204
47207
47219
47231
47224
47232
47226
47217
47222
47225
47227
47202
47203
47241
47236
47237
47238
47239
47240
47242
47243
47244
47245
47246
47247
47248
47249
47250
47251
47252
47253
47254
47255
47256
47290
47296
47286
47305
47282
47291
47292
47281
47288
47289
47284
47287
47294
47309
47297
47310
47299
47311
47304
47306
47285
47280
47283
47295
47307
47300
47308
47302
47293
47298
47301
47303
47275
47276
47262
47257
47258
47259
47260
47261
47263
47264
47265
47266
47267
47268
47269
47270
47271
47272
47273
47274
47277
47278
47279
47578
47579
47580
47581
47582
47583
47584
47585
47586
47587
47588
47589
47590
47591
47592
47593
47594
47595
47596
47597
47598
47599
47600
47601
47602
47603
47618
47617
47604
47605
47606
47607
47608
47609
47610
47611
47612
47613
47614
47615
47616
47619
47620
47621
47622
47623
47624
47625
47626
47627
47628
47629
47655
47654
47641
47642
47643
47644
47645
47646
47647
47648
47649
47650
47651
47652
47653
47630
47631
47632
47633
47634
47635
47636
47637
47638
47639
47640
49025
49026
49027
49028
49029
49030
49031
49032
49033
49034
49035
49036
49037
49038
49039
49040
49041
49042
49043
49044
49045
49046
49047
49048
49049
49050
49051
49052
49053
49054
49055
49056
49057
49058
49059
49090
49060
49061
49062
49063
49064
49065
49066
49067
49068
49069
49070
49071
49072
49073
49074
49075
49076
49077
49078
49079
49080
49081
49082
49083
49084
49085
49086
49087
49088
49089
49122
49123
49124
49092
49093
49094
49095
49096
49097
49098
49099
49100
49101
49102
49103
49104
49105
49106
49107
49108
49109
49110
49111
49112
49113
49114
49115
49116
49117
49118
49119
49120
49121
49540
49541
49542
49543
49544
49545
49546
49547
49548
49549
49550
49551
49552
49553
49554
49555
49556
49557
49558
49559
49562
49563
49564
49565
49566
49567
49568
49569
49570
49571
49572
49573
49574
49575
49576
49577
49578
49579
49580
49581
49599
49600
49601
49582
49583
49584
49585
49586
49587
49588
49589
49590
49591
49592
49593
49594
49595
49596
49597
49598
49696
49697
49698
49699
49700
49701
49703
49704
49702
49773
49805
49806
49807
49808
49809
49810
49811
49812
49813
49814
49815
49816
49817
49818
49819
49820
49821
49822
49823
49824
49825
49826
49827
49828
49829
49841
49842
49830
49831
49832
49833
49834
49835
49836
49837
49838
49839
49840
50352
50353
50354
50355
50356
50357
50358
50359
50360
50361
50362
50363
50364
50365
50366
50367
50368
50369
50370
50372
50373
50390
50374
50375
50376
50377
50378
50379
50380
50381
50382
50383
50384
50385
50386
50387
50388
50389
50407
50408
50409
50391
50392
50393
50394
50395
50396
50397
50398
50399
50400
50401
50402
50403
50404
50405
50406
50836
50837
50838
50839
50840
50841
50842
50843
50844
50845
50846
50847
50848
50849
50850
50851
50852
50853
50854
50855
50856
50857
50858
50859
50860
50861
50862
50863
50864
50865
50866
50867
50868
50869
50870
50871
50872
50873
50874
50875
50876
50877
50878
50879
50880
50881
50882
50883
50924
50925
50884
50885
50886
50887
50888
50889
50890
50891
50892
50893
50894
50895
50896
50897
50898
50899
50900
50901
50902
50903
50904
50905
50906
50907
50908
50909
50910
50911
50912
50913
50914
50915
50916
50917
50918
50919
50920
50921
50922
50923
50966
50967
50968
50969
50970
50926
50927
50928
50929
50930
50931
50932
50933
50934
50935
50936
50937
50938
50939
50940
50941
50942
50943
50944
50945
50946
50947
50948
50949
50950
50951
50952
50953
50954
50955
50956
50957
50958
50959
50960
50961
50962
50963
50964
50965
269
270
271
272
273
274
276
277
278
279
280
281
282
283
284
285
286
287
288
289
290
291
292
293
294
295
296
297
298
299
300
301
302
303
304
305
306
307
308
309
310
311
312
313
314
315
316
317
318
319
320
321
322
323
324
325
326
327
328
329
330
331
332
333
334
335
336
337
338
339
340
341
342
343
347
344
345
346
416
417
348
349
350
351
352
353
354
355
356
357
358
359
360
361
362
363
364
365
366
367
368
369
370
371
372
373
374
375
376
377
378
379
380
381
382
383
384
385
386
387
388
389
390
391
392
393
394
395
396
397
398
399
400
401
402
403
404
405
406
407
408
409
410
411
412
413
414
415
491
486
487
488
489
490
418
419
420
421
422
423
424
425
426
427
428
429
430
431
432
433
434
435
436
437
438
439
440
441
442
443
444
445
446
447
448
449
450
451
452
453
454
455
456
457
458
459
460
461
462
463
464
465
466
467
468
469
470
471
472
473
474
475
476
477
478
479
480
481
482
483
484
485
766
767
768
769
770
771
772
773
774
775
776
777
778
779
780
781
782
783
784
785
786
787
788
789
790
791
792
793
794
795
796
797
798
799
800
801
802
803
804
805
806
807
808
809
810
811
812
813
814
885
879
880
881
882
883
884
841
842
843
844
845
846
847
848
849
850
851
852
853
854
855
856
857
858
859
860
861
862
863
864
865
866
867
868
869
870
871
872
873
874
875
876
877
878
886
887
888
889
938
932
933
934
935
936
937
890
891
892
893
894
895
896
897
898
899
900
901
902
903
904
905
906
907
908
909
910
911
912
913
914
915
916
917
918
919
920
921
922
923
924
925
926
927
928
929
930
931
1018
1019
1020
1021
1054
1055
1056
1057
1058
1059
1060
1061
1062
1063
1093
1094
1095
1096
1097
1098
1099
1100
1101
1102
1103
1104
1105
1106
1107
1108
1109
1110
1111
1112
1113
1114
1115
1116
1117
1118
1119
1120
1121
1122
1123
1124
1125
1126
1127
1128
1129
1130
1131
1132
1133
1134
1135
1136
1137
1138
1139
1140
1141
1142
1143
1144
1145
1146
1147
1148
1149
1150
1151
1152
1153
1154
1155
1156
1157
1158
1159
1160
1161
1162
1163
1164
1165
1166
1167
1168
1169
1170
1171
1172
1173
1174
1175
1176
1177
1178
1179
1180
1181
1182
1183
1184
1185
1186
1187
1188
1189
1190
1191
1192
1193
1194
1195
1196
1197
1198
1199
1200
1201
1202
1203
1204
1205
1206
1207
1208
1209
1210
1211
1212
1213
1214
1215
1216
1217
1218
1219
1220
1221
1222
1223
1224
1225
1226
1227
1228
1229
1230
1231
1232
1233
1234
1235
1236
1237
1238
1239
1240
1241
1242
1243
1244
1245
1246
1247
1248
1249
1250
1251
1252
1253
1254
1255
1256
1257
1258
1259
1260
1261
1262
1263
1264
1265
1266
1267
1268
1270
1269
1271
1458
1450
1457
1459
1456
1451
1449
1455
1452
1453
1454
1273
1274
1275
1276
1277
1278
1279
1280
1281
1282
1283
1284
1285
1286
1287
1288
1289
1290
1291
1292
1293
1294
1295
1296
1297
1298
1299
1300
1301
1302
1354
1355
1356
1357
1358
1338
1339
1340
1341
1342
1343
1344
1345
1346
1347
1348
1349
1350
1351
1352
1353
1318
1319
1320
1321
1322
1323
1324
1325
1326
1327
1328
1329
1330
1331
1332
1333
1334
1335
1336
1337
1303
1304
1305
1306
1307
1308
1309
1310
1311
1312
1313
1314
1315
1316
1317
1359
1360
1361
1362
1363
1364
1365
1366
1367
1368
1369
1370
1371
1372
1373
1374
1375
1376
1377
1378
1379
1380
1381
1382
1383
1384
1385
1386
1387
1388
1389
1390
1391
1392
1393
1394
1395
1396
1397
1398
1399
1400
1401
1402
1403
1404
1405
1406
1407
1408
1409
1410
1411
1412
1413
1414
1415
1416
1417
1418
1419
1420
1421
1422
1423
1424
1425
1426
1427
1428
1429
1430
1431
1432
1433
1434
1435
1436
1437
1438
1439
1440
1441
1442
1443
1444
1445
1446
1447
1448
1646
1639
1647
1648
1637
1645
1649
1644
1638
1636
1643
1640
1641
1642
1460
1461
1462
1463
1464
1465
1466
1467
1468
1469
1470
1471
1472
1473
1474
1475
1476
1477
1478
1479
1480
1481
1482
1483
1484
1485
1486
1487
1488
1489
1541
1542
1543
1544
1545
1525
1526
1527
1528
1529
1530
1531
1532
1533
1534
1535
1536
1537
1538
1539
1540
1505
1506
1507
1508
1509
1510
1511
1512
1513
1514
1515
1516
1517
1518
1519
1520
1521
1522
1523
1524
1490
1491
1492
1493
1494
1495
1496
1497
1498
1499
1500
1501
1502
1503
1504
1546
1547
1548
1549
1550
1551
1552
1553
1554
1555
1556
1557
1558
1559
1560
1561
1562
1563
1564
1565
1566
1567
1568
1569
1570
1571
1572
1573
1574
1575
1576
1577
1578
1579
1580
1581
1582
1583
1584
1585
1586
1587
1588
1589
1590
1591
1592
1593
1594
1595
1596
1597
1598
1599
1600
1601
1602
1603
1604
1605
1606
1607
1608
1609
1610
1611
1612
1613
1614
1615
1616
1617
1618
1619
1620
1621
1622
1623
1624
1625
1626
1627
1628
1629
1630
1631
1632
1633
1634
1635
2066
2067
2068
2069
2070
2071
2072
2073
2074
2075
2076
2077
2078
2079
2080
2081
2082
2083
2084
2085
2086
2096
2097
2095
2098
2088
2089
2090
2091
2092
2093
2094
2099
2100
2101
2102
2103
2104
2105
2106
2107
2108
2127
2128
2126
2129
2119
2120
2121
2122
2123
2124
2125
2109
2110
2111
2112
2113
2114
2115
2116
2117
2118
2170
2171
2172
2173
2174
2175
2176
2177
2178
2180
2181
2182
2183
2184
2185
2358
2359
2360
2361
2362
2363
2364
2365
2366
2367
2368
2369
2370
2371
2372
2373
2374
2375
2376
2377
2378
2379
2380
2381
2382
2383
2384
2385
2386
2387
2388
2389
2390
2391
2392
2393
2394
2395
2396
2397
2398
2399
2400
2401
2402
2403
2404
2405
2406
2407
2408
2409
2410
2411
2412
2413
2414
2415
2416
2417
2418
2449
2450
2451
2452
2419
2420
2421
2422
2423
2424
2425
2426
2427
2428
2429
2430
2431
2432
2433
2434
2435
2436
2437
2438
2439
2440
2441
2442
2443
2444
2445
2446
2447
2448
2453
2454
2455
2456
2457
2458
2459
2460
2461
2462
2463
2464
2465
2466
2467
2468
2469
2470
2471
2472
2473
2474
2475
2476
2477
2478
2479
2538
2539
2540
2541
2481
2482
2483
2484
2485
2486
2487
2488
2489
2490
2491
2492
2493
2494
2495
2496
2497
2498
2499
2500
2501
2502
2503
2504
2505
2506
2507
2508
2509
2510
2511
2512
2513
2514
2515
2516
2517
2518
2519
2520
2521
2522
2523
2524
2525
2526
2527
2528
2529
2530
2531
2532
2533
2534
2535
2536
2537
2840
2841
2842
2843
2844
2845
2846
2847
2848
2849
2850
2851
2852
2853
2854
2855
2856
2857
2858
2871
2859
2860
2861
2862
2863
2864
2865
2866
2867
2868
2869
2870
2872
2873
2874
2875
2876
2877
2906
2888
2889
2890
2891
2892
2893
2894
2895
2896
2897
2898
2899
2900
2901
2902
2903
2904
2905
3122
3123
3124
3125
3126
3127
3128
3129
3130
3131
3148
3149
3157
3150
3151
3152
3153
3154
3155
3156
3165
3166
3167
3158
3159
3160
3161
3162
3163
3164
3197
3198
3199
3200
3201
3202
3203
3204
3205
3206
3207
3208
3209
3210
3211
3212
3213
3214
3215
3216
3217
3218
3219
3220
3221
3222
3223
3224
3225
3226
3227
3228
3229
3230
3231
3232
3233
3234
3235
3236
3237
3238
3239
3240
3241
3242
3243
3248
3249
3250
3294
3251
3252
3253
3254
3255
3256
3257
3258
3259
3260
3261
3262
3263
3264
3265
3266
3267
3268
3269
3270
3271
3272
3273
3274
3275
3276
3277
3278
3279
3280
3281
3282
3283
3284
3285
3286
3287
3288
3289
3290
3291
3292
3293
3338
3339
3340
3341
3295
3296
3297
3298
3299
3300
3301
3302
3303
3304
3305
3306
3307
3308
3309
3310
3311
3312
3313
3314
3315
3316
3317
3318
3319
3320
3321
3322
3323
3324
3325
3326
3327
3328
3329
3330
3331
3332
3333
3334
3335
3336
3337
3915
3916
3917
3918
3971
3972
3973
3974
3975
3976
3977
3978
4192
4193
4194
4195
4196
4197
4198
4200
4201
4202
4203
4204
4205
4206
4207
4208
4210
4211
4212
4213
4214
4215
4216
4217
4218
4219
4220
4221
4222
4226
4225
4223
4224
4244
4241
4245
4246
4243
4251
4248
4247
4250
4242
4249
4240
4229
4230
4231
4232
4233
4234
4235
4236
4239
4227
4228
4237
4238
4277
4276
4271
4273
4269
4266
4270
4272
4268
4280
4275
4274
4279
4267
4278
4265
4254
4255
4256
4257
4258
4259
4260
4261
4264
4252
4253
4262
4263
4768
4769
4770
4771
4772
4773
4774
4776
4777
4778
4779
4780
4781
4782
4784
4783
4795
4794
4792
4796
4793
4785
4786
4787
4788
4789
4790
4791
4808
4806
4809
4807
4804
4810
4805
4797
4798
4799
4800
4801
4802
4803
5152
5153
5155
5156
5157
5158
5159
5160
5161
5162
5163
5164
5165
5166
5167
5168
5169
5170
5171
5172
5173
5190
5174
5175
5176
5177
5178
5179
5180
5181
5182
5183
5184
5185
5186
5187
5188
5189
5207
5208
5209
5191
5192
5193
5194
5195
5196
5197
5198
5199
5200
5201
5202
5203
5204
5205
5206
5240
5241
5242
5243
5250
5251
5252
5253
5254
5255
5256
5257
5258
5259
5260
5261
5262
5263
5264
5265
5266
5273
5268
5274
5270
5267
5269
5275
5271
5272
5276
5277
5278
5279
5280
5281
5282
5283
5284
5285
5286
5287
5306
5301
5307
5303
5300
5302
5308
5304
5305
5288
5289
5290
5291
5292
5293
5294
5295
5296
5297
5298
5299
5803
5804
5805
5806
5807
5808
5809
5810
5811
5812
5813
5814
5815
5816
5817
5818
5819
5820
5821
5822
5823
5824
5825
5826
5827
5864
5865
5866
5867
5882
5883
5885
5884
5874
5875
5876
5877
5878
5879
5880
5881
5868
5869
5870
5871
5872
5873
5886
5887
5888
5889
5890
5891
5892
5893
5894
5895
5896
5922
5923
5925
5924
5914
5915
5916
5917
5918
5919
5920
5921
5904
5905
5906
5907
5908
5909
5897
5898
5899
5900
5901
5902
5903
5910
5911
5912
5913
6255
6256
6258
6259
6260
6261
6262
6263
6264
6265
6266
6267
6268
6269
6270
6271
6272
6273
6274
6275
6276
6277
6278
6279
6280
6281
6282
6283
6301
6302
6300
6299
6284
6285
6286
6287
6288
6289
6290
6291
6292
6293
6294
6295
6296
6297
6298
6303
6304
6305
6306
6307
6308
6309
6310
6311
6338
6339
6337
6336
6321
6322
6323
6324
6325
6326
6327
6328
6329
6330
6331
6332
6333
6334
6335
6312
6313
6314
6315
6316
6317
6318
6319
6320
6433
6434
6435
6436
6438
6439
6440
6441
6442
6443
6444
6445
6446
6447
6448
6449
6450
6451
6452
6453
6454
6455
6456
6457
6458
6459
6460
6461
6462
6463
6464
6465
6466
6467
6468
6469
6470
6471
6472
6473
6474
6475
6476
6477
6478
6479
6480
6481
6482
6483
6484
6485
6486
6487
6488
6489
6490
6491
6492
6493
6494
6495
6496
6497
6498
6499
6500
6501
6502
6503
6504
6505
6506
6507
6508
6509
6510
6511
6512
6513
6514
6515
6516
6517
6518
6519
6520
6521
6522
6523
6524
6525
6526
6527
6528
6529
6530
6531
6532
6533
6534
6535
6536
6537
6538
6539
6540
6541
6542
6543
6544
6545
6546
6547
6548
6549
6550
6551
6552
6553
6554
6555
6556
6557
6558
6559
6560
6561
6562
6563
6564
6565
6566
6567
6568
6569
6570
6571
6572
6573
6639
6632
6633
6634
6635
6636
6637
6638
6574
6575
6576
6577
6578
6579
6580
6581
6582
6583
6584
6585
6586
6587
6588
6589
6590
6591
6592
6593
6594
6595
6596
6597
6598
6599
6600
6601
6602
6603
6604
6605
6606
6607
6608
6609
6610
6611
6612
6613
6614
6615
6616
6617
6618
6619
6620
6621
6622
6623
6624
6625
6626
6627
6628
6629
6630
6631
6641
6642
6643
6644
6645
6646
6647
6648
6649
6650
6651
6652
6653
6654
6655
6656
6657
6658
6659
6660
6661
6662
6663
6664
6665
6666
6667
6668
6669
6670
6671
6672
6673
6674
6675
6676
6677
6678
6679
6680
6681
6682
6683
6684
6685
6686
6687
6688
6689
6690
6691
6692
6693
6694
6695
6696
6697
6698
6699
6700
6701
6702
6703
6704
6705
6706
6707
6708
6709
6710
6711
6712
6713
6714
6854
6847
6848
6849
6850
6851
6852
6853
6715
6716
6717
6718
6719
6720
6721
6722
6723
6724
6725
6726
6727
6728
6729
6730
6731
6732
6733
6734
6735
6736
6737
6738
6739
6740
6741
6742
6743
6744
6745
6746
6747
6748
6749
6750
6751
6752
6753
6754
6755
6756
6757
6758
6759
6760
6761
6762
6763
6764
6765
6766
6767
6768
6769
6770
6771
6772
6773
6774
6775
6776
6777
6778
6779
6780
6781
6782
6783
6784
6785
6786
6787
6788
6789
6790
6791
6792
6793
6794
6795
6796
6797
6798
6799
6800
6801
6802
6803
6804
6805
6806
6807
6808
6809
6810
6811
6812
6813
6814
6815
6816
6817
6818
6819
6820
6821
6822
6823
6824
6825
6826
6827
6828
6829
6830
6831
6832
6833
6834
6835
6836
6837
6838
6839
6840
6841
6842
6843
6844
6845
6846
7824
7825
7826
7827
7828
7829
7830
7831
7833
7832
7834
7835
7836
7837
7838
7839
7847
7846
7840
7841
7842
7843
7844
7845
8430
8431
8432
8433
8434
8435
8436
8437
8438
8440
8439
8441
8442
8443
8444
8445
8451
8453
8452
8446
8447
8448
8449
8450
8713
8715
8716
8717
8718
8719
8720
8721
8722
8723
8724
8725
8726
8727
8728
8729
8730
8731
8732
8733
8734
8735
8736
8737
8738
8739
8740
8741
8742
8743
8744
8745
8773
8772
8771
8770
8746
8747
8748
8749
8750
8751
8752
8753
8754
8755
8756
8757
8758
8759
8760
8761
8762
8763
8764
8765
8766
8767
8768
8769
8798
8802
8803
8801
8800
8799
8774
8775
8776
8777
8778
8779
8780
8781
8782
8783
8784
8785
8786
8787
8788
8789
8790
8791
8792
8793
8794
8795
8796
8797
9110
9111
9112
9113
9114
9115
9116
9117
9120
9118
9119
9121
9124
9126
9125
9122
9123
9127
9169
9170
9171
9172
9173
9174
9175
9176
9177
9178
9179
9180
9181
9182
9184
9183
9194
9185
9186
9187
9188
9189
9190
9191
9192
9193
9204
9207
9206
9205
9195
9196
9197
9198
9199
9200
9201
9202
9203
9604
9605
9606
9607
9608
9609
9610
9611
9615
9616
9617
9618
9619
9620
9621
9622
9623
9624
9625
9626
9627
9628
9629
9630
9631
9632
9633
9634
9635
9636
9637
9638
9639
9640
9641
9642
9643
9644
9645
9646
9647
9648
9661
9650
9655
9656
9658
9657
9653
9651
9659
9654
9652
9662
9660
9691
9690
9677
9678
9679
9680
9681
9682
9683
9684
9685
9686
9687
9688
9689
9663
9664
9665
9666
9667
9668
9669
9670
9671
9672
9673
9674
9675
9676
9732
9719
9725
9726
9728
9727
9722
9720
9730
9723
9721
9733
9731
9729
9724
9706
9707
9708
9709
9710
9711
9712
9713
9714
9715
9716
9717
9718
9692
9693
9694
9695
9696
9697
9698
9699
9700
9701
9702
9703
9704
9705
9739
9740
9741
9742
9743
9744
9745
9746
9747
9748
9749
9750
9751
9752
9753
9754
9755
9756
9757
9758
9759
9760
9761
9762
9763
9764
9765
9766
9767
9768
9769
9770
9771
9772
9773
9774
9775
9776
9777
9778
9779
9780
9781
9782
9783
9815
9817
9818
9816
9785
9786
9787
9788
9789
9790
9791
9792
9793
9794
9795
9796
9797
9798
9799
9800
9801
9802
9803
9804
9805
9806
9807
9808
9809
9810
9811
9812
9813
9814
9819
9820
9821
9822
9823
9824
9825
9826
9827
9828
9829
9871
9873
9874
9872
9830
9831
9832
9833
9834
9835
9836
9837
9838
9839
9840
9841
9842
9843
9844
9845
9846
9847
9848
9849
9850
9851
9852
9853
9854
9855
9856
9857
9858
9859
9860
9861
9862
9863
9864
9865
9866
9867
9868
9869
9870
10724
10725
10726
10727
10728
10729
10732
10730
10731
10735
10734
10733
10772
10768
10770
10773
10771
10769
10810
10811
10812
10813
10814
10815
10816
10819
10818
10820
10817
10821
10822
10823
10829
10828
10830
10827
10831
10825
10826
10868
10869
10870
10871
10873
10874
10875
10876
10877
10878
10879
10880
10881
10882
10886
10887
10888
10889
10890
10891
10892
10893
10894
10895
10896
10897
10898
10899
10900
10901
10902
10903
10904
10905
10906
10907
10908
10909
10910
10911
10912
10913
10914
10915
10916
10917
10918
10919
10920
10921
10922
10923
10924
10925
10926
10927
10928
10929
10930
10931
10932
10933
10934
10935
10936
10937
10938
10939
10940
10941
10942
10943
10944
10945
10946
10947
10948
10949
10950
10951
10952
10953
10954
10955
10956
10957
10958
10959
10960
10961
10962
10963
10964
10965
10966
10967
10968
10969
10970
10971
10972
10973
10974
10975
10976
10977
10978
10986
10981
10985
10982
10979
10980
10983
10984
11080
11081
11082
11083
11084
11085
10987
10988
10989
10990
10991
11021
11022
11023
11024
11025
11026
10992
10993
10994
10995
10996
10997
10998
10999
11000
11001
11002
11003
11004
11005
11006
11007
11008
11009
11010
11011
11012
11013
11014
11015
11016
11017
11018
11019
11020
11027
11028
11029
11030
11031
11032
11033
11034
11035
11036
11037
11038
11039
11040
11041
11042
11043
11044
11045
11046
11047
11048
11049
11050
11051
11052
11053
11054
11055
11056
11057
11058
11059
11060
11061
11062
11063
11064
11065
11066
11067
11068
11069
11070
11071
11072
11073
11074
11075
11076
11077
11078
11079
11192
11181
11191
11182
11179
11180
11183
11184
11185
11186
11187
11188
11189
11190
11086
11087
11088
11089
11090
11120
11121
11122
11123
11124
11125
11091
11092
11093
11094
11095
11096
11097
11098
11099
11100
11101
11102
11103
11104
11105
11106
11107
11108
11109
11110
11111
11112
11113
11114
11115
11116
11117
11118
11119
11126
11127
11128
11129
11130
11131
11132
11133
11134
11135
11136
11137
11138
11139
11140
11141
11142
11143
11144
11145
11146
11147
11148
11149
11150
11151
11152
11153
11154
11155
11156
11157
11158
11159
11160
11161
11162
11163
11164
11165
11166
11167
11168
11169
11170
11171
11172
11173
11174
11175
11176
11177
11178
11405
11406
11435
11436
11437
11438
11439
11440
11441
11442
11443
11444
11445
11446
11447
11448
11449
11450
11466
11468
11467
11451
11452
11453
11454
11455
11456
11457
11458
11459
11460
11461
11462
11463
11464
11465
11484
11486
11485
11469
11470
11471
11472
11473
11474
11475
11476
11477
11478
11479
11480
11481
11482
11483
11511
11512
11544
11545
11546
11547
11548
11549
11550
11551
11552
11553
11554
11555
11556
11557
11558
11559
11560
11561
11562
11563
11564
11565
11566
11567
11568
11569
11570
11571
11572
11573
11574
11575
11576
11577
11578
11579
11580
11581
11582
11583
11584
11585
11586
11587
11588
11589
11590
11591
11592
11593
11594
11611
11612
11595
11596
11597
11598
11599
11600
11601
11602
11603
11604
11605
11606
11607
11608
11609
11610
11613
11614
11615
11616
11617
11618
11619
11620
11621
11622
11623
11624
11625
11626
11627
11628
11629
11630
11631
11632
11633
11634
11635
11636
11637
11638
11639
11640
11641
11642
11643
11693
11694
11660
11661
11644
11645
11646
11647
11648
11649
11650
11651
11652
11653
11654
11655
11656
11657
11658
11659
11662
11663
11664
11665
11666
11667
11668
11669
11670
11671
11672
11673
11674
11675
11676
11677
11678
11679
11680
11681
11682
11683
11684
11685
11686
11687
11688
11689
11690
11691
11692
11811
11812
11814
11815
11816
11817
11818
11819
11820
11821
11822
11823
11824
11825
11826
11827
11828
11829
11830
11831
11832
11833
11834
11835
11836
11837
11838
11839
11840
11841
11842
11843
11844
11845
11846
11847
11848
11849
11850
11851
11852
11853
11854
11855
11856
11857
11858
11859
11860
11861
11862
11863
11864
11865
11866
11867
11868
11869
11870
11871
11872
11873
11874
11875
11876
11877
11878
11879
11880
11881
11882
11883
11884
11885
11886
11887
11888
11889
11890
11891
11910
11911
11909
11892
11893
11894
11895
11896
11897
11898
11899
11900
11901
11902
11903
11904
11905
11906
11907
11908
11912
11913
11914
11915
11916
11917
11918
11919
11920
11921
11922
11923
11924
11925
11926
11927
11928
11929
11930
11931
11932
11933
11934
11935
11936
11937
11938
11939
11940
11941
11942
11943
11944
11945
11946
11947
11948
11949
11950
11951
11952
11953
11954
11955
11956
11957
11958
11959
11960
11961
11962
11963
11964
11965
11966
11967
11968
11969
11970
11971
12050
12051
12049
11972
11973
11974
11975
11976
11977
11978
11979
11980
11981
11982
11983
11984
11985
11986
11987
11988
11989
11990
11991
11992
11993
11994
11995
11996
11997
11998
11999
12000
12001
12002
12003
12004
12005
12006
12007
12008
12009
12010
12011
12012
12013
12014
12015
12016
12017
12018
12019
12020
12021
12022
12023
12024
12025
12026
12027
12028
12029
12030
12031
12032
12033
12034
12035
12036
12037
12038
12039
12040
12041
12042
12043
12044
12045
12046
12047
12048
12058
12060
12061
12062
12063
12064
12065
12066
12067
12071
12072
12073
12074
12076
12077
12078
12079
12081
12080
12082
12083
12086
12087
12084
12085
12092
12091
12094
12095
12090
12093
12088
12089
12553
12554
12555
12556
12557
12558
12559
12560
12561
12562
12563
12564
12565
12566
12567
12568
12569
12570
12571
12572
12573
12574
12575
12576
12577
12578
12579
12580
12581
12582
12583
12584
12585
12614
12586
12587
12588
12589
12590
12591
12592
12593
12594
12595
12596
12597
12598
12599
12600
12601
12602
12603
12604
12605
12606
12607
12608
12609
12610
12611
12612
12613
12643
12644
12645
12615
12616
12617
12618
12619
12620
12621
12622
12623
12624
12625
12626
12627
12628
12629
12630
12631
12632
12633
12634
12635
12636
12637
12638
12639
12640
12641
12642
12667
12698
12699
12700
12701
12702
12703
12704
12705
12706
12707
12708
12709
12710
12711
12712
12713
12714
12715
12716
12717
12718
12719
12720
12721
12722
12723
12724
12725
12726
12727
12728
12729
12730
12731
12732
12733
12734
12735
12736
12737
12738
12739
12743
12746
12744
12745
12740
12741
12742
12763
12764
12765
12766
12767
12768
12769
12770
12771
12772
12773
12774
12775
12776
12777
12778
12779
12753
12754
12755
12756
12757
12758
12759
12760
12761
12762
12780
12781
12782
12747
12748
12749
12750
12751
12752
12824
12827
12825
12826
12821
12822
12823
12801
12802
12803
12804
12805
12806
12807
12808
12809
12810
12811
12812
12813
12814
12815
12816
12817
12791
12792
12793
12794
12795
12796
12797
12798
12799
12800
12818
12819
12820
12785
12786
12787
12788
12789
12790
12854
12855
12856
12857
12858
12859
12860
12861
12862
12863
12864
12865
12866
12867
12868
12869
12870
12872
12873
12874
12875
12876
12877
12878
12879
12880
12901
12902
12899
12898
12900
12893
12894
12895
12896
12897
12881
12882
12883
12884
12885
12886
12887
12888
12889
12890
12891
12892
12904
12905
12906
12903
12931
12932
12929
12928
12930
12923
12924
12925
12926
12927
12907
12908
12909
12910
12911
12912
12913
12918
12919
12920
12921
12922
12915
12916
12917
12914
13439
13440
13441
13442
13443
13444
13445
13446
13458
13459
13460
13461
13462
13463
13464
13465
13466
13467
13468
13469
13470
13471
13472
13473
13474
13475
13476
13477
13478
13479
13480
13481
13482
13483
13484
13485
13486
13487
13488
13489
13490
13491
13492
13493
13494
13495
13496
13497
13498
13499
13500
13501
13513
13512
13506
13510
13509
13507
13514
13515
13511
13508
13516
13502
13503
13504
13505
13530
13531
13532
13533
13534
13535
13536
13537
13538
13539
13540
13541
13542
13543
13544
13545
13546
13547
13548
13549
13550
13551
13552
13553
13517
13518
13519
13520
13521
13522
13523
13524
13525
13526
13527
13528
13529
13602
13601
13595
13599
13598
13596
13603
13604
13600
13597
13605
13567
13568
13569
13570
13571
13572
13573
13574
13575
13576
13577
13578
13579
13580
13581
13582
13583
13584
13585
13586
13587
13588
13589
13590
13591
13592
13593
13594
13554
13555
13556
13557
13558
13559
13560
13561
13562
13563
13564
13565
13566
14126
14127
14128
14129
14130
14131
14132
14133
14134
14139
14140
14141
14142
14143
14144
14145
14146
14147
14148
14149
14150
14151
14152
14153
14154
14155
14172
14173
14170
14171
14167
14168
14169
14158
14159
14160
14161
14162
14163
14164
14165
14166
14156
14157
14190
14191
14193
14195
14192
14194
14188
14189
14185
14186
14187
14176
14177
14178
14179
14180
14181
14182
14183
14184
14174
14175
14417
14418
14419
14420
14421
14422
14423
14424
14425
14426
14427
14428
14429
14430
14431
14432
14433
14434
14435
14436
14437
14438
14449
14450
14439
14440
14441
14442
14443
14444
14445
14446
14447
14448
14451
14452
14453
14454
14455
14456
14457
14458
14459
14460
14481
14482
14461
14462
14463
14464
14465
14466
14467
14468
14469
14470
14471
14472
14473
14474
14475
14476
14477
14478
14479
14480
14708
14709
14710
14711
14954
14955
14956
14957
14958
14959
14960
14961
14962
14963
14964
14965
14966
14967
14968
14969
14970
14971
14972
14973
14974
14975
14976
14977
14978
14979
14980
14981
14982
14983
14984
14985
14986
14987
14988
14989
14990
14991
14992
14993
14994
14995
14996
14997
14998
14999
15019
15020
15021
15022
15000
15001
15002
15003
15004
15005
15006
15007
15008
15009
15010
15011
15012
15013
15014
15015
15016
15017
15018
15056
15057
15058
15059
15060
15061
15062
15063
15067
15064
15065
15066
15071
15072
15073
15068
15069
15070
15304
15305
15306
15307
15308
15309
15310
15311
15312
15313
15314
15315
15316
15317
15318
15319
15320
15321
15322
15323
15324
15325
15326
15327
15328
15329
15330
15331
15332
15333
15334
15335
15336
15337
15338
15355
15356
15354
15339
15340
15341
15342
15343
15344
15345
15346
15347
15348
15349
15350
15351
15352
15353
15365
15366
15367
15368
15369
15370
15371
15372
15373
15374
15358
15359
15360
15361
15362
15363
15364
15408
15409
15407
15392
15393
15394
15395
15396
15397
15398
15399
15400
15401
15402
15403
15404
15405
15406
15382
15383
15384
15385
15386
15387
15388
15389
15390
15391
15375
15376
15377
15378
15379
15380
15381
15752
15753
15754
15755
15756
15757
15758
15759
15760
15765
15761
15762
15763
15764
15771
15772
15770
15766
15767
15768
15769
15788
15789
15790
15791
15792
15793
15794
15795
15796
15797
15798
15799
15800
15801
15802
15803
15804
15805
15806
15807
15816
15817
15808
15809
15810
15811
15812
15813
15814
15815
15960
15961
15962
15963
15964
15965
15966
15967
15968
15969
15970
15971
15972
15973
15974
15975
15976
15977
16035
16036
16025
16026
16027
16028
16029
16030
16031
16032
16033
16034
16047
16048
16051
16049
16050
16037
16038
16039
16040
16041
16042
16043
16044
16045
16046
16166
16167
16168
16169
16170
16171
16172
16173
16174
16175
16176
16177
16178
16179
16180
16181
16182
16183
16184
16185
16186
16187
16188
16189
16190
16191
16192
16193
16194
16195
16196
16197
16198
16199
16200
16201
16202
16203
16204
16205
16206
16207
16208
16209
16210
16211
16212
16213
16214
16215
16216
16217
16218
16219
16220
16221
16222
16223
16224
16225
16226
16227
16228
16229
16230
16231
16263
16264
16232
16233
16234
16235
16236
16237
16238
16239
16240
16241
16242
16243
16244
16245
16246
16247
16248
16249
16250
16251
16252
16253
16254
16255
16256
16257
16258
16259
16260
16261
16262
16389
16390
16391
16392
16393
16394
16395
16396
16397
16398
16399
16400
16401
16402
16403
16404
16405
16406
16407
16408
16409
16410
16411
16412
16413
16414
16415
16416
16417
16418
16419
16420
16421
16422
16423
16424
16425
16426
16427
16428
16429
16430
16431
16432
16433
16434
16435
16436
16437
16438
16439
16440
16441
16442
16443
16444
16445
16446
16447
16448
16449
16450
16451
16452
16453
16454
16462
16457
16458
16459
16460
16461
16522
16463
16464
16465
16466
16467
16468
16469
16470
16471
16472
16473
16474
16475
16476
16477
16478
16479
16480
16481
16482
16483
16484
16485
16486
16487
16488
16489
16490
16491
16492
16493
16494
16495
16496
16497
16498
16499
16500
16501
16502
16503
16504
16505
16506
16507
16508
16509
16510
16511
16512
16513
16514
16515
16516
16517
16518
16519
16520
16521
16588
16582
16583
16584
16585
16586
16587
16523
16524
16525
16526
16527
16528
16529
16530
16531
16532
16533
16534
16535
16536
16537
16538
16539
16540
16541
16542
16543
16544
16545
16546
16547
16548
16549
16550
16551
16552
16553
16554
16555
16556
16557
16558
16559
16560
16561
16562
16563
16564
16565
16566
16567
16568
16569
16570
16571
16572
16573
16574
16575
16576
16577
16578
16579
16580
16581
16593
16594
16595
16596
16597
16598
16599
16600
16601
16602
16603
16604
16606
16607
16608
16609
16610
16611
16612
16613
16614
16615
16616
16617
16625
16626
16627
16628
16629
16618
16619
16620
16621
16622
16623
16624
16636
16637
16638
16639
16640
16643
16644
16645
16646
16647
16648
16649
16650
16651
16652
16653
16654
16663
16655
16656
16657
16658
16659
16660
16661
16662
16672
16673
16674
16675
16676
16664
16665
16666
16667
16668
16669
16670
16671
16702
16703
16704
16705
16706
16707
16708
16711
16712
16713
16714
16715
17028
17029
17030
17031
17032
17034
17033
17036
17037
17035
17042
17039
17040
17041
17038
17070
17071
17072
17073
17074
17075
17076
17077
17078
17079
17080
17086
17084
17085
17081
17087
17082
17083
17092
17089
17090
17091
17102
17100
17101
17096
17103
17098
17099
17097
17093
17094
17095
17108
17109
17110
17111
17112
17113
17114
17115
17116
17117
17118
17119
17120
17121
17122
17123
17124
17125
17126
17127
17128
17129
17130
17131
17132
17133
17134
17135
17136
17137
17138
17139
17140
17141
17142
17153
17154
17155
17156
17157
17158
17159
17160
17161
17162
17163
17164
17165
17166
17167
17168
17169
17170
17171
17172
17173
17143
17144
17145
17146
17147
17148
17149
17150
17151
17152
17206
17207
17185
17186
17187
17188
17189
17190
17191
17192
17193
17194
17195
17196
17197
17198
17199
17200
17201
17202
17203
17204
17205
17175
17176
17177
17178
17179
17180
17181
17182
17183
17184
17235
17236
17237
17238
17239
17240
17241
17242
17243
17244
17245
17246
17247
17248
17249
17250
17251
17252
17253
17254
17255
17256
17257
17258
17259
17263
17260
17261
17262
17285
17265
17266
17267
17268
17269
17270
17271
17272
17273
17274
17275
17276
17277
17278
17279
17280
17281
17282
17283
17284
17310
17306
17307
17308
17309
17286
17287
17288
17289
17290
17291
17292
17293
17294
17295
17296
17297
17298
17299
17300
17301
17302
17303
17304
17305
17426
17427
17428
17429
17430
17431
17432
17433
17434
17435
17436
17437
17438
17439
17440
17441
17442
17443
17444
17445
17446
17447
17448
17449
17450
17451
17452
17453
17454
17481
17455
17456
17457
17458
17459
17460
17461
17462
17463
17464
17465
17466
17467
17468
17469
17470
17471
17472
17473
17474
17475
17476
17477
17478
17479
17480
17509
17508
17482
17483
17484
17485
17486
17487
17488
17489
17490
17491
17492
17493
17494
17495
17496
17497
17498
17499
17500
17501
17502
17503
17504
17505
17506
17507
17839
17840
17841
17845
17846
17847
17848
17849
17850
17851
17852
17853
17854
17855
17856
17857
17858
17859
17860
17861
17862
17863
17864
17865
17866
17867
17868
17869
17870
17871
17872
17873
17874
17875
17876
17877
17878
17879
17880
17881
17882
17883
17884
17885
17886
17887
17888
17889
17890
17891
17892
17893
17894
17895
17896
17897
17898
17899
17900
17901
17902
17903
17904
17905
17906
17907
17908
17909
17910
17911
17916
17917
17918
17919
17920
17921
17922
17923
17924
17925
17926
17927
17928
17929
17930
17931
17932
17933
17934
17935
17936
17937
17938
17939
17940
17941
17942
17943
17944
17945
17946
17947
17948
17949
17950
17951
17952
17953
17954
17955
17956
18045
18051
18048
18044
18046
18049
18047
18050
17991
17992
17993
17994
17995
17996
17997
17998
17999
18000
18001
18002
18003
18004
18005
18006
17957
17958
17959
17960
17961
17962
17963
17964
17965
17966
17967
17968
17969
17970
17971
17972
18007
18008
18009
18010
18011
18012
18013
18014
18015
18016
18017
18018
18019
18020
18021
18022
18023
17978
17979
17980
17981
17982
17983
17984
17985
17986
17987
17988
17989
17990
17973
17974
17975
17976
17977
18024
18025
18026
18027
18028
18029
18030
18031
18032
18033
18034
18035
18036
18037
18038
18039
18040
18041
18042
18043
18059
18060
18061
18062
18063
18064
18065
18066
18067
18052
18053
18054
18055
18056
18057
18058
18172
18178
18175
18171
18173
18176
18174
18177
18118
18119
18120
18121
18122
18123
18124
18125
18126
18127
18128
18129
18130
18131
18132
18133
18084
18085
18086
18087
18088
18089
18090
18091
18092
18093
18094
18095
18096
18097
18098
18099
18134
18135
18136
18137
18138
18139
18140
18141
18142
18143
18144
18145
18146
18147
18148
18149
18150
18105
18106
18107
18108
18109
18110
18111
18112
18113
18114
18115
18116
18117
18100
18101
18102
18103
18104
18151
18152
18153
18154
18155
18156
18157
18158
18159
18160
18161
18162
18163
18164
18165
18166
18167
18168
18169
18170
18075
18076
18077
18078
18079
18080
18081
18082
18083
18068
18069
18070
18071
18072
18073
18074
18186
18187
18199
18200
18201
18202
18203
18204
18208
18206
18205
18207
18213
18214
18212
18210
18209
18211
18225
18226
18236
18237
18238
18239
18240
18241
18242
18243
18244
18245
18246
18254
18253
18247
18248
18249
18250
18251
18252
18255
18256
18257
18258
18259
18272
18271
18260
18261
18262
18263
18269
18270
18264
18265
18266
18267
18268
18379
18380
18415
18416
18417
18418
18419
18422
18420
18421
18425
18423
18426
18424
18432
18427
18430
18431
18428
18433
18429
18767
18768
18769
18770
18771
18772
18773
18774
18775
18832
18833
18834
18852
18853
18854
18855
18856
18857
18858
18859
18860
18861
18862
18863
18865
18867
18866
18864
18868
18869
18870
18871
18872
18873
18874
18875
18876
18877
18878
18891
18893
18892
18890
18879
18880
18881
18882
18883
18884
18885
18886
18887
18888
18889
18976
18977
18978
18979
18980
18981
18982
18983
18984
18985
18986
18987
18988
18989
19026
19027
19028
19029
19030
19031
19032
19033
19034
19035
19036
19037
19038
19039
19040
19041
19042
19043
19044
19045
19046
19047
19048
19049
19050
19051
19052
19053
19054
19055
19056
19057
19058
19059
19060
19061
19084
19085
19086
19062
19063
19064
19065
19066
19067
19068
19069
19070
19071
19072
19073
19074
19075
19076
19077
19078
19079
19080
19081
19082
19083
19113
19114
19115
19137
19138
19139
19140
19142
19141
19321
19324
19325
19326
19327
19328
19329
19330
19331
19332
19333
19335
19336
19337
19338
19339
19340
19341
19342
19343
19344
19345
19346
19347
19348
19349
19350
19351
19352
19353
19354
19356
19357
19358
19359
19360
19361
19362
19363
19364
19365
19366
19370
19372
19368
19373
19369
19367
19371
19397
19407
19398
19408
19401
19403
19405
19404
19400
19402
19399
19406
19376
19377
19378
19379
19382
19383
19384
19385
19386
19387
19388
19389
19390
19391
19394
19395
19396
19380
19381
19374
19375
19392
19393
19439
19445
19433
19450
19436
19432
19444
19434
19448
19435
19449
19440
19442
19446
19443
19438
19441
19437
19447
19411
19412
19413
19414
19417
19418
19419
19420
19421
19422
19423
19424
19425
19426
19429
19430
19431
19415
19416
19409
19410
19427
19428
19571
19572
19573
19574
19575
19576
19577
19578
19579
19580
19581
19582
19583
19584
19585
19586
19587
19588
19589
19590
19591
19592
19595
19597
19596
19594
19593
19612
19613
19614
19598
19599
19600
19601
19602
19603
19604
19605
19606
19607
19608
19609
19610
19611
19634
19636
19635
19633
19632
19629
19630
19631
19615
19616
19617
19618
19619
19620
19621
19622
19623
19624
19625
19626
19627
19628
19697
19698
19699
19700
19701
19702
19703
19704
19705
19722
19723
19724
19725
19726
19727
19728
19729
19730
19731
19732
19787
19788
19789
19790
19791
19792
19793
19794
19795
19796
19797
19798
19799
19800
19801
19802
19803
19804
19805
19806
19807
19808
19809
19810
19811
19812
19813
19814
19815
19816
19817
19818
19819
19820
19821
19822
19823
19824
19825
19826
19827
19828
19829
19830
19831
19832
19833
19834
19835
19836
19837
19838
19839
19840
19841
19842
19843
19844
19845
19846
19847
19850
19854
19862
19855
19849
19856
19860
19851
19848
19857
19853
19859
19852
19861
19858
19928
19883
19863
19876
19877
19864
19865
19866
19867
19868
19869
19870
19871
19872
19873
19874
19875
19878
19879
19880
19881
19882
19884
19885
19886
19887
19888
19889
19890
19891
19892
19893
19894
19895
19896
19897
19898
19899
19900
19901
19902
19903
19904
19905
19906
19907
19908
19909
19910
19911
19912
19913
19914
19915
19916
19917
19918
19919
19920
19921
19922
19923
19924
19925
19926
19927
19997
20001
20009
20002
19996
20003
20007
19998
19995
20004
20000
20006
19999
20008
20005
19994
19949
19929
19942
19943
19930
19931
19932
19933
19934
19935
19936
19937
19938
19939
19940
19941
19944
19945
19946
19947
19948
19950
19951
19952
19953
19954
19955
19956
19957
19958
19959
19960
19961
19962
19963
19964
19965
19966
19967
19968
19969
19970
19971
19972
19973
19974
19975
19976
19977
19978
19979
19980
19981
19982
19983
19984
19985
19986
19987
19988
19989
19990
19991
19992
19993
20841
20842
20843
20844
20845
20846
20847
20848
20849
20858
20850
20851
20852
20853
20854
20855
20856
20857
21825
21826
21827
21828
21829
21830
21831
21832
21833
21834
21835
21836
21837
21838
21839
21840
21841
21842
21843
21844
21845
21846
21847
21848
21849
21850
21851
21852
21853
21854
21855
21856
21857
21858
21886
21887
21888
21872
21873
21874
21875
21876
21877
21878
21879
21880
21881
21882
21883
21884
21885
21889
21890
21891
21892
21893
21894
21895
21896
21897
21898
21899
21900
21901
21902
21903
21904
21905
21937
21938
21939
21906
21907
21908
21909
21910
21911
21912
21913
21914
21915
21916
21917
21918
21919
21920
21921
21922
21923
21924
21925
21926
21927
21928
21929
21930
21931
21932
21933
21934
21935
21936
21968
21969
21970
21971
21972
21973
21974
21975
21976
21977
21978
21979
21980
21981
21982
21983
21984
21985
21986
21987
21988
21989
21990
21991
21992
21993
21994
21995
21996
21997
21998
21999
22000
22001
22002
22003
22004
22005
22013
22014
22050
22015
22016
22017
22018
22019
22020
22021
22022
22023
22024
22025
22026
22027
22028
22029
22030
22031
22032
22033
22034
22035
22036
22037
22038
22039
22040
22041
22042
22043
22044
22045
22046
22047
22048
22049
22086
22087
22088
22051
22052
22053
22054
22055
22056
22057
22058
22059
22060
22061
22062
22063
22064
22065
22066
22067
22068
22069
22070
22071
22072
22073
22074
22075
22076
22077
22078
22079
22080
22081
22082
22083
22084
22085
22110
22111
22112
22113
22114
22115
22117
22118
22119
22120
22121
22122
22123
22124
22125
22126
22127
22128
22129
22130
22131
22132
22133
22134
22135
22136
22137
22138
22139
22140
22141
22142
22143
22144
22145
22146
22147
22148
22149
22150
22151
22152
22153
22154
22155
22156
22157
22158
22159
22160
22161
22162
22163
22164
22165
22166
22167
22168
22169
22170
22171
22172
22173
22174
22175
22176
22177
22178
22179
22180
22185
22187
22192
22194
22195
22199
22188
22183
22190
22198
22182
22186
22191
22197
22193
22184
22196
22189
22249
22251
22248
22250
22219
22220
22221
22222
22223
22224
22225
22226
22227
22228
22229
22230
22231
22232
22233
22234
22235
22236
22237
22238
22239
22240
22241
22242
22200
22201
22202
22203
22204
22205
22206
22243
22244
22245
22246
22247
22207
22208
22209
22210
22211
22212
22213
22214
22215
22216
22217
22218
22304
22307
22313
22316
22317
22321
22309
22301
22311
22320
22300
22305
22312
22319
22314
22303
22318
22310
22306
22315
22302
22308
22271
22272
22273
22274
22275
22276
22277
22278
22279
22280
22281
22282
22283
22284
22285
22286
22287
22288
22289
22290
22291
22292
22293
22294
22252
22253
22254
22255
22256
22257
22258
22295
22296
22297
22298
22299
22259
22260
22261
22262
22263
22264
22265
22266
22267
22268
22269
22270
23658
23659
23664
23665
23666
23667
23669
23670
23671
23668
23672
23673
23677
23678
23679
23674
23675
23676
23693
23694
23749
23750
23751
23752
23753
23754
23755
23757
23758
23759
23756
23762
23760
23761
23766
23768
23769
23770
23767
23765
23763
23764
23926
23927
23928
23929
23930
23931
23932
23933
23934
23935
23936
23937
23938
23939
23940
23941
23942
23943
23944
23945
23946
23947
23948
23949
23950
23951
23952
23953
23954
23955
23956
23957
23958
23959
23960
23961
23962
23963
23964
23965
23966
23967
23968
23969
23970
23971
23972
23973
23974
23975
23976
23977
23978
23979
24004
24005
24006
23980
23981
23982
23983
23984
23985
23986
23987
23988
23989
23990
23991
23992
23993
23994
23995
23996
23997
23998
23999
24000
24001
24002
24003
24471
24472
24473
24474
24475
24476
24477
24479
24480
24481
24482
24483
24484
24485
24486
24487
24488
24502
24503
24504
24505
24506
24507
24508
24509
24510
24511
24518
24519
24520
24521
24522
24523
24524
24525
24526
24527
24542
24543
24544
24545
24546
24547
24548
24549
24550
24551
24552
24553
24569
24568
24567
24563
24557
24559
24556
24558
24555
24561
24554
24562
24560
24565
24564
24570
24566
24602
24599
24584
24585
24583
24593
24601
24590
24592
24591
24597
24595
24600
24598
24594
24589
24588
24596
24586
24587
24571
24572
24573
24574
24575
24576
24577
24578
24579
24580
24581
24582
24648
24646
24644
24636
24621
24630
24620
24623
24618
24634
24615
24635
24631
24639
24637
24649
24640
24651
24645
24617
24619
24616
24632
24650
24627
24629
24628
24642
24638
24647
24643
24633
24626
24625
24641
24622
24624
24603
24604
24605
24606
24607
24608
24609
24610
24611
24612
24613
24614
24991
24992
24994
24995
24996
24997
24998
24999
25000
25001
25002
25003
25004
25005
25006
25007
25008
25009
25010
25011
25012
25013
25014
25015
25016
25017
25018
25019
25020
25022
25023
25024
25025
25026
25027
25028
25029
25030
25031
25032
25033
25034
25035
25036
25037
25038
25039
25040
25041
25042
25043
25044
25045
25046
25047
25048
25049
25053
25054
25051
25050
25055
25052
25056
25106
25105
25057
25058
25059
25060
25061
25062
25063
25064
25065
25066
25067
25068
25069
25070
25071
25072
25073
25074
25075
25076
25077
25078
25079
25080
25081
25082
25083
25084
25085
25086
25087
25088
25089
25090
25091
25092
25093
25094
25095
25096
25097
25098
25099
25100
25101
25102
25103
25104
25159
25160
25157
25155
25161
25158
25162
25163
25156
25107
25108
25109
25110
25111
25112
25113
25114
25115
25116
25117
25118
25119
25120
25121
25122
25123
25124
25125
25126
25127
25128
25129
25130
25131
25132
25133
25134
25135
25136
25137
25138
25139
25140
25141
25142
25143
25144
25145
25146
25147
25148
25149
25150
25151
25152
25153
25154
25224
25225
25226
25227
25229
25230
25231
25232
25233
25234
25235
25236
25237
25238
25239
25240
25241
25242
25243
25244
25245
25246
25247
25248
25249
25250
25251
25252
25253
25254
25255
25256
25257
25258
25259
25260
25261
25262
25263
25264
25265
25266
25267
25268
25269
25270
25271
25272
25273
25274
25275
25276
25277
25278
25279
25280
25281
25282
25283
25284
25285
25286
25287
25288
25289
25290
25291
25292
25293
25294
25295
25296
25297
25298
25299
25360
25361
25362
25300
25301
25302
25303
25304
25305
25306
25307
25308
25309
25310
25311
25312
25313
25314
25315
25316
25317
25318
25319
25320
25321
25322
25323
25324
25325
25326
25327
25328
25329
25330
25331
25332
25333
25334
25335
25336
25337
25338
25339
25340
25341
25342
25343
25344
25345
25346
25347
25348
25349
25350
25351
25352
25353
25354
25355
25356
25357
25358
25359
25423
25424
25425
25426
25427
25428
25429
25430
25431
25363
25364
25365
25366
25367
25368
25369
25370
25371
25372
25373
25374
25375
25376
25377
25378
25379
25380
25381
25382
25383
25384
25385
25386
25387
25388
25389
25390
25391
25392
25393
25394
25395
25396
25397
25398
25399
25400
25401
25402
25403
25404
25405
25406
25407
25408
25409
25410
25411
25412
25413
25414
25415
25416
25417
25418
25419
25420
25421
25422
25744
25745
25746
25747
25748
25749
25750
25751
25752
25753
25754
25755
25756
25757
25758
25759
25760
25761
25762
25763
25764
25781
25765
25766
25767
25768
25769
25770
25771
25772
25773
25774
25775
25776
25777
25778
25779
25780
25798
25800
25799
25782
25783
25784
25785
25786
25787
25788
25789
25790
25791
25792
25793
25794
25795
25796
25797
25870
25871
25872
25873
25874
25875
25876
25877
25878
25879
25880
25881
25882
25883
25884
25885
25886
25887
25888
25889
25890
25891
25892
25893
25894
25895
25896
25897
25898
25899
25900
25901
25902
25903
25904
25905
25906
25907
25908
25909
25910
25911
25912
25913
25914
25915
25916
25917
25918
25919
25920
25921
25922
25923
25924
25925
25926
25927
25928
25929
25930
25931
25932
25933
25934
25935
25936
25937
25938
25939
25940
25941
25942
25943
25994
25995
25996
25997
25998
25944
25945
25946
25947
25948
25949
25950
25951
25952
25953
25954
25955
25956
25957
25958
25959
25960
25961
25962
25963
25964
25965
25966
25967
25968
25969
25970
25971
25972
25973
25974
25975
25976
25977
25978
25979
25980
25981
25982
25983
25984
25985
25986
25987
25988
25989
25990
25991
25992
25993
26000
26001
26002
26003
26004
26005
26006
26007
26008
26009
26010
26011
26012
26013
26014
26015
26016
26017
26018
26088
26089
26090
26091
26092
26019
26020
26021
26022
26023
26024
26025
26026
26027
26028
26029
26030
26031
26032
26033
26034
26035
26036
26037
26038
26039
26040
26041
26042
26043
26044
26045
26046
26047
26048
26049
26050
26051
26052
26053
26054
26055
26056
26057
26058
26059
26060
26061
26062
26063
26064
26065
26066
26067
26068
26069
26070
26071
26072
26073
26074
26075
26076
26077
26078
26079
26080
26081
26082
26083
26084
26085
26086
26087
26204
26205
26206
26207
26208
26209
26210
26211
26212
26213
26214
26215
26216
26217
26218
26219
26220
26221
26222
26225
26226
26227
26228
26229
26230
26231
26232
26233
26234
26235
26236
26237
26238
26239
26240
26241
26242
26243
26244
26245
26246
26247
26248
26249
26250
26251
26252
26253
26254
26255
26256
26257
26258
26259
26260
26261
26262
26263
26264
26265
26266
26267
26268
26312
26311
26314
26313
26296
26297
26298
26299
26300
26301
26302
26303
26304
26305
26306
26307
26308
26309
26310
26288
26289
26290
26291
26292
26293
26294
26295
26281
26282
26283
26284
26285
26286
26287
26269
26270
26271
26272
26273
26274
26275
26276
26277
26278
26279
26280
26315
26316
26317
26318
26319
26320
26321
26322
26323
26324
26325
26326
26327
26328
26329
26330
26331
26392
26391
26394
26393
26376
26377
26378
26379
26380
26381
26382
26383
26384
26385
26386
26387
26388
26389
26390
26368
26369
26370
26371
26372
26373
26374
26375
26361
26362
26363
26364
26365
26366
26367
26349
26350
26351
26352
26353
26354
26355
26356
26357
26358
26359
26360
26332
26333
26334
26335
26336
26337
26338
26339
26340
26341
26342
26343
26344
26345
26346
26347
26348
26653
26654
26655
26656
26657
26658
26659
26660
26661
26662
26663
26664
26665
26666
26667
26668
26669
26670
26671
26672
26673
26674
26675
26676
26677
26678
26679
26680
26695
26694
26681
26682
26683
26684
26685
26686
26687
26688
26689
26690
26691
26692
26693
26696
26697
26698
26699
26700
26701
26702
26703
26704
26705
26706
26707
26708
26736
26735
26709
26710
26711
26712
26713
26714
26715
26716
26717
26718
26719
26720
26721
26722
26723
26724
26725
26726
26727
26728
26729
26730
26731
26732
26733
26734
27392
27423
27424
27425
27426
27427
27428
27429
27430
27431
27432
27433
27434
27435
27436
27437
27438
27439
27440
27441
27443
27442
27461
27444
27445
27446
27447
27448
27449
27450
27451
27452
27453
27454
27455
27456
27457
27458
27459
27460
27481
27479
27480
27462
27463
27464
27465
27466
27467
27468
27469
27470
27471
27472
27473
27474
27475
27476
27477
27478
27522
27544
27545
27546
27547
27548
27549
27550
27551
27552
27554
27553
27560
27561
27562
27555
27556
27557
27558
27559
27572
27571
27568
27569
27570
27563
27564
27565
27566
27567
28014
28015
28045
28046
28047
28048
28049
28050
28051
28052
28053
28054
28055
28056
28057
28080
28081
28082
28083
28302
28303
28304
28306
28305
28307
28310
28309
28308
28345
28346
28347
28348
28349
28350
28351
28523
28524
28525
28526
28527
28528
28529
28530
28531
28532
28533
28534
28535
28536
28537
28538
28539
28540
28541
28542
28543
28544
28545
28546
28547
28548
28549
28550
28551
28552
28553
28554
28555
28556
28557
28558
28559
28561
28564
28562
28565
28563
28560
28603
28566
28567
28568
28569
28570
28571
28572
28573
28574
28575
28576
28577
28578
28579
28580
28581
28582
28583
28584
28585
28586
28587
28588
28589
28590
28591
28592
28593
28594
28595
28596
28597
28598
28599
28600
28601
28602
28643
28646
28644
28647
28645
28641
28642
28604
28605
28606
28607
28608
28609
28610
28611
28612
28613
28614
28615
28616
28617
28618
28619
28620
28621
28622
28623
28624
28625
28626
28627
28628
28629
28630
28631
28632
28633
28634
28635
28636
28637
28638
28639
28640
29434
29435
29436
29437
29438
29439
29440
29441
29442
29443
29444
29445
29446
29447
29448
29449
29450
29451
29452
29453
29454
29455
29456
29457
29458
29459
29460
29461
29462
29463
29464
29465
29466
29467
29468
29469
29470
29471
29472
29473
29474
29475
29476
29477
29478
29479
29480
29481
29482
29483
29484
29485
29486
29487
29488
29489
29490
29491
29492
29493
29494
29495
29496
29497
29498
29499
29500
29501
29528
29529
29502
29503
29504
29505
29506
29507
29508
29509
29510
29511
29512
29513
29514
29515
29516
29517
29518
29519
29520
29521
29522
29523
29524
29525
29526
29527
29530
29531
29532
29533
29534
29535
29536
29537
29538
29539
29540
29541
29542
29543
29544
29545
29546
29547
29548
29549
29550
29551
29552
29553
29554
29555
29556
29557
29558
29559
29560
29561
29562
29563
29564
29565
29566
29567
29568
29569
29638
29639
29572
29573
29574
29575
29576
29577
29578
29579
29580
29581
29582
29583
29584
29585
29586
29587
29588
29589
29590
29591
29592
29593
29594
29595
29596
29597
29598
29599
29600
29601
29602
29603
29604
29605
29606
29607
29608
29609
29610
29611
29612
29613
29614
29615
29616
29617
29618
29619
29620
29621
29622
29623
29624
29625
29626
29627
29628
29629
29630
29631
29632
29633
29634
29635
29636
29637
29657
29658
29659
29660
29661
29662
29663
29664
29665
29666
29667
29668
29669
29670
29671
29672
29673
29674
29675
29676
29677
29678
29679
29680
29681
29682
29683
29684
29685
29686
29687
29688
29689
29690
29691
29692
29693
29694
29695
29696
29697
29698
29699
29700
29720
29721
29718
29719
29701
29702
29703
29704
29705
29706
29707
29708
29709
29710
29711
29712
29713
29714
29715
29716
29717
29722
29723
29724
29725
29726
29727
29728
29729
29730
29731
29732
29733
29734
29735
29736
29737
29738
29739
29740
29741
29742
29743
29744
29788
29789
29786
29787
29746
29747
29748
29749
29750
29751
29752
29753
29754
29755
29756
29757
29758
29759
29760
29761
29762
29763
29764
29765
29766
29767
29768
29769
29770
29771
29772
29773
29774
29775
29776
29777
29778
29779
29780
29781
29782
29783
29784
29785
29792
29793
29794
29795
29796
29797
29798
29799
29800
29801
29802
29803
29804
29805
29806
29807
29808
29809
29810
29811
29812
29813
29814
29815
29816
29817
29818
29819
29820
29821
29822
29823
29824
29825
29826
29827
29828
29829
29830
29831
29832
29833
29834
29835
29836
29837
29838
29839
29840
29841
29842
29843
29844
29845
29846
29847
29848
29849
29850
29851
29852
29853
29854
29855
29856
29857
29858
29859
29860
29861
29862
29863
29864
29865
29866
29928
29927
29929
29930
29867
29868
29869
29870
29871
29872
29873
29874
29875
29876
29877
29878
29879
29880
29881
29882
29883
29884
29885
29886
29887
29888
29889
29890
29891
29892
29893
29894
29895
29896
29897
29898
29899
29900
29901
29902
29903
29904
29905
29906
29907
29908
29909
29910
29911
29912
29913
29914
29915
29916
29917
29918
29919
29920
29921
29922
29923
29924
29925
29926
29932
29933
29934
29935
29936
29937
29938
29939
29940
29941
29942
30015
30014
30016
30017
29943
29944
29945
29946
29947
29948
29949
29950
29951
29952
29953
29954
29955
29956
29957
29958
29959
29960
29961
29962
29963
29964
29965
29966
29967
29968
29969
29970
29971
29972
29973
29974
29975
29976
29977
29978
29979
29980
29981
29982
29983
29984
29985
29986
29987
29988
29989
29990
29991
29992
29993
29994
29995
29996
29997
29998
29999
30000
30001
30002
30003
30004
30005
30006
30007
30008
30009
30010
30011
30012
30013
30526
30527
30528
30529
30530
30531
30532
30533
30540
30541
30550
30545
30549
30547
30543
30546
30542
30544
30548
30551
30561
30555
30560
30558
30553
30556
30552
30554
30559
30557
30649
30650
30651
30652
30653
30654
30655
30656
30657
30658
30659
30660
30661
30662
30663
30664
30665
30666
30667
30668
30669
30670
30671
30672
30673
30674
30675
30676
30677
30678
30679
30680
30681
30682
30683
30684
30685
30686
30687
30688
30689
30690
30691
30692
30693
30694
30695
30696
30697
30698
30699
30700
30701
30702
30703
30704
30705
30706
30707
30708
30709
30710
30711
30712
30713
30714
30715
30716
30717
30718
30719
30720
30721
30722
30723
30724
30725
30726
30727
30730
30731
30732
30808
30733
30734
30735
30736
30737
30738
30739
30740
30741
30742
30743
30744
30745
30746
30747
30748
30749
30750
30751
30752
30753
30754
30755
30756
30757
30758
30759
30760
30761
30762
30763
30764
30765
30766
30767
30768
30769
30770
30771
30772
30773
30774
30775
30776
30777
30778
30779
30780
30781
30782
30783
30784
30785
30786
30787
30788
30789
30790
30791
30792
30793
30794
30795
30796
30797
30798
30799
30800
30801
30802
30803
30804
30805
30806
30807
30884
30885
30886
30887
30809
30810
30811
30812
30813
30814
30815
30816
30817
30818
30819
30820
30821
30822
30823
30824
30825
30826
30827
30828
30829
30830
30831
30832
30833
30834
30835
30836
30837
30838
30839
30840
30841
30842
30843
30844
30845
30846
30847
30848
30849
30850
30851
30852
30853
30854
30855
30856
30857
30858
30859
30860
30861
30862
30863
30864
30865
30866
30867
30868
30869
30870
30871
30872
30873
30874
30875
30876
30877
30878
30879
30880
30881
30882
30883
30894
30895
30896
30897
30898
30899
30900
30901
30902
30903
30904
30905
30906
30907
30908
30909
30910
30911
30912
30913
30914
30915
30916
30917
30918
30919
30920
30921
30922
30923
30924
30925
30926
30927
30928
30929
30930
30931
30932
30933
30934
30935
30936
30937
30938
30939
30940
30964
30965
30966
30967
30968
30969
30970
30971
30972
30973
30974
30975
30976
30977
30978
30979
30980
30981
30982
30983
31044
30984
30985
30986
30987
30988
30989
30990
30991
30992
30993
30994
30995
30996
30997
30998
30999
31000
31001
31002
31003
31004
31005
31006
31007
31008
31009
31010
31011
31012
31013
31014
31015
31016
31017
31018
31019
31020
31021
31022
31023
31024
31025
31026
31027
31028
31029
31030
31031
31032
31033
31034
31035
31036
31037
31038
31039
31040
31041
31042
31043
31106
31107
31108
31105
31045
31046
31047
31048
31049
31050
31051
31052
31053
31054
31055
31056
31057
31058
31059
31060
31061
31062
31063
31064
31065
31066
31067
31068
31069
31070
31071
31072
31073
31074
31075
31076
31077
31078
31079
31080
31081
31082
31083
31084
31085
31086
31087
31088
31089
31090
31091
31092
31093
31094
31095
31096
31097
31098
31099
31100
31101
31102
31103
31104
31710
31711
31712
31713
31714
31715
31716
31717
31718
31719
31720
31721
31722
31723
31724
31725
31726
31727
31728
31729
31730
31731
31732
31803
31804
31796
31797
31798
31799
31800
31801
31802
31805
31806
31807
31808
31809
31810
31811
31812
31813
31814
31815
31816
31817
31818
31840
31841
31819
31820
31821
31822
31823
31824
31825
31826
31827
31828
31829
31830
31831
31832
31833
31834
31835
31836
31837
31838
31839
32046
32047
32048
32049
32074
32075
32076
32077
32081
32082
32079
32083
32080
32078
32085
32084
32091
32092
32088
32093
32089
32087
32090
32086
32169
32170
32171
32172
32173
32174
32175
32176
32177
32178
32179
32180
32181
32182
32183
32184
32185
32186
32187
32188
32189
32190
32191
32192
32193
32194
32195
32257
32255
32254
32256
32245
32246
32247
32248
32249
32250
32251
32252
32253
32233
32234
32235
32236
32237
32238
32239
32240
32241
32242
32243
32244
32282
32283
32280
32279
32281
32270
32271
32272
32273
32274
32275
32276
32277
32278
32258
32259
32260
32261
32262
32263
32264
32265
32266
32267
32268
32269
33323
33324
33325
33326
33327
33328
33329
33330
33331
33332
33333
33334
33335
33336
33337
33338
33339
33340
33341
33342
33343
33344
33345
33346
33347
33348
33349
33350
33351
33352
33353
33354
33355
33373
33374
33356
33357
33358
33359
33360
33361
33362
33363
33364
33365
33366
33367
33368
33369
33370
33371
33372
33375
33376
33377
33378
33379
33380
33381
33382
33383
33384
33385
33386
33387
33388
33420
33421
33389
33390
33391
33392
33393
33394
33395
33396
33397
33398
33399
33400
33401
33402
33403
33404
33405
33406
33407
33408
33409
33410
33411
33412
33413
33414
33415
33416
33417
33418
33419
33451
33452
33453
33454
33455
33456
33457
33458
33459
33460
33461
33462
33463
33464
33465
33466
33467
33468
33469
33470
33471
33472
33473
33474
33486
33487
33488
33475
33476
33477
33478
33479
33480
33481
33482
33483
33484
33485
33489
33490
33491
33492
33493
33494
33495
33496
33497
33498
33520
33521
33522
33499
33500
33501
33502
33503
33504
33505
33506
33507
33508
33509
33510
33511
33512
33513
33514
33515
33516
33517
33518
33519
33534
33553
33554
33555
33556
33557
33558
33559
33560
33561
33562
33564
33566
33565
33563
33567
33568
33569
33570
33571
33577
33579
33581
33580
33578
33572
33573
33574
33575
33576
34233
34234
34235
34237
34238
34239
34240
34241
34242
34243
34244
34245
34246
34247
34248
34249
34250
34251
34252
34253
34254
34273
34271
34272
34270
34267
34268
34269
34255
34256
34257
34258
34259
34260
34261
34262
34263
34264
34265
34266
34290
34293
34291
34292
34289
34286
34287
34288
34274
34275
34276
34277
34278
34279
34280
34281
34282
34283
34284
34285
34839
34840
34842
34843
34844
34845
34846
34847
34848
34849
34850
34851
34852
34853
34854
34855
34865
34856
34857
34858
34859
34860
34861
34862
34863
34864
34875
34876
34877
34878
34866
34867
34868
34869
34870
34871
34872
34873
34874
35200
35201
35202
35203
35232
35233
35234
35235
35236
35237
35238
35239
35240
35241
35242
35243
35244
35245
35246
35247
35248
35249
35250
35251
35252
35253
35254
35255
35256
35257
35258
35259
35260
35261
35262
35263
35278
35285
35283
35279
35281
35280
35284
35282
35264
35265
35266
35267
35268
35269
35270
35271
35272
35273
35274
35275
35276
35277
35286
35287
35288
35289
35290
35291
35292
35293
35294
35295
35296
35297
35298
35299
35328
35335
35333
35329
35331
35330
35334
35332
35300
35301
35302
35303
35304
35305
35306
35307
35308
35309
35310
35311
35312
35313
35314
35315
35316
35317
35318
35319
35320
35321
35322
35323
35324
35325
35326
35327
35346
35347
35348
35349
35350
35351
35352
35353
35354
35355
35356
35357
35358
35367
35359
35360
35361
35362
35363
35364
35365
35366
35376
35377
35378
35368
35369
35370
35371
35372
35373
35374
35375
35536
35538
35539
35540
35541
35542
35543
35544
35545
35547
35546
35553
35554
35548
35549
35550
35551
35552
35562
35560
35561
35563
35555
35556
35557
35558
35559
35642
35643
35644
35645
35646
35647
35648
35649
35650
35651
35652
35653
35654
35655
35656
35657
35658
35689
35673
35674
35675
35676
35677
35678
35679
35680
35681
35682
35683
35684
35685
35686
35687
35688
36452
36453
36454
36455
36457
36458
36459
36460
36461
36462
36463
36469
36472
36471
36470
36464
36465
36466
36467
36468
36482
36478
36481
36480
36479
36473
36474
36475
36476
36477
36844
36845
36846
36847
36848
36849
36850
36853
36851
36852
36856
36858
36857
36854
36855
37120
37121
37122
37123
37124
37125
37126
37127
37128
37129
37130
37131
37181
37182
37183
37184
37185
37186
37187
37188
37189
37557
37559
37560
37561
37562
37563
37564
37565
37566
37567
37568
37569
37570
37580
37581
37571
37572
37573
37574
37575
37576
37577
37578
37579
37591
37592
37593
37582
37583
37584
37585
37586
37587
37588
37589
37590
38600
38601
38603
38604
38605
38606
38607
38608
38609
38610
38611
38612
38613
38614
38615
38616
38617
38618
38619
38620
38621
38622
38623
38624
38625
38626
38627
38628
38640
38641
38642
38629
38630
38631
38632
38633
38634
38635
38636
38637
38638
38639
38921
38922
38923
38924
38925
38926
38927
38928
38933
38934
38929
38930
38931
38932
38945
38943
38944
38939
38940
38941
38942
39240
39241
39242
39243
39244
39245
39246
39247
39248
39249
39250
39251
39252
39253
39256
39255
39254
39257
39258
39259
39260
39261
39262
39263
39264
39265
39266
39267
39282
39281
39280
39269
39270
39271
39272
39273
39274
39275
39276
39277
39278
39279
39369
39370
39371
39372
39373
39374
39389
39390
39395
39393
39392
39394
39391
39396
39397
39398
39403
39401
39400
39402
39399
39404
39405
39406
39697
39698
39699
39700
39701
39702
39703
39704
39705
39837
39838
39839
39840
39841
39842
39843
39844
39845
39846
39847
39848
39849
39850
39851
39852
39853
39854
39861
39862
39855
39856
39857
39858
39859
39860
39863
39864
39865
39866
39867
39868
39869
39870
39871
39872
39889
39890
39873
39874
39875
39876
39877
39878
39879
39880
39881
39882
39883
39884
39885
39886
39887
39888
39965
39966
39967
39968
39969
39970
39972
39971
39976
39973
39974
39975
39995
39994
39996
39991
39992
39993
40309
40310
40311
40312
40313
40314
40315
40316
40317
40318
40319
40320
40321
40322
40323
40324
40325
40326
40327
40337
40340
40336
40339
40341
40338
40335
40342
40329
40330
40331
40332
40333
40334
40328
40343
40344
40345
40346
40360
40363
40359
40362
40364
40361
40358
40365
40348
40349
40350
40351
40352
40353
40347
40354
40355
40356
40357
40402
40403
40404
40406
40407
40408
40409
40410
40411
40412
40413
40414
40415
40416
40417
40418
40419
40420
40421
40422
40423
40424
40425
40426
40427
40428
40429
40430
40431
40432
40433
40434
40435
40436
40437
40438
40439
40440
40441
40442
40443
40444
40445
40446
40447
40448
40449
40450
40451
40452
40453
40501
40498
40500
40499
40497
40502
40491
40492
40493
40494
40495
40496
40479
40480
40481
40482
40483
40484
40485
40486
40487
40456
40457
40458
40459
40460
40461
40462
40463
40464
40465
40466
40467
40468
40469
40470
40471
40472
40473
40474
40475
40476
40477
40478
40454
40455
40488
40489
40490
40548
40551
40547
40550
40549
40546
40552
40540
40541
40542
40543
40544
40545
40528
40529
40530
40531
40532
40533
40534
40535
40536
40505
40506
40507
40508
40509
40510
40511
40512
40513
40514
40515
40516
40517
40518
40519
40520
40521
40522
40523
40524
40525
40526
40527
40503
40504
40537
40538
40539
40941
40942
40943
40944
40945
40946
40947
40948
40949
40950
40951
40952
40953
40954
40955
40956
40963
40964
40957
40958
40959
40960
40961
40962
41080
41081
41082
41083
41084
41085
41086
41087
41088
41089
41090
41091
41092
41093
41094
41095
41096
41097
41098
41099
41100
41101
41102
41103
41104
41105
41106
41107
41108
41109
41110
41111
41112
41113
41114
41115
41116
41117
41118
41119
41120
41121
41122
41123
41124
41125
41126
41127
41128
41129
41130
41131
41132
41133
41134
41135
41136
41137
41141
41144
41143
41138
41139
41142
41140
41194
41195
41163
41164
41165
41166
41167
41168
41169
41170
41171
41172
41173
41174
41175
41176
41177
41178
41179
41145
41146
41147
41148
41149
41150
41151
41152
41153
41154
41155
41156
41157
41158
41159
41160
41161
41162
41180
41181
41182
41183
41184
41185
41186
41187
41188
41189
41190
41191
41192
41193
41249
41253
41252
41245
41247
41251
41248
41246
41250
41214
41215
41216
41217
41218
41219
41220
41221
41222
41223
41224
41225
41226
41227
41228
41229
41230
41196
41197
41198
41199
41200
41201
41202
41203
41204
41205
41206
41207
41208
41209
41210
41211
41212
41213
41231
41232
41233
41234
41235
41236
41237
41238
41239
41240
41241
41242
41243
41244
41294
41295
41296
41297
41298
41299
41300
41301
41302
41303
41304
41305
41306
41307
41308
41309
41310
41311
41312
41313
41314
41315
41316
41317
41318
41319
41320
41321
41322
41323
41324
41325
41326
41327
41328
41329
41330
41384
41385
41386
41387
41388
41389
41390
41391
41392
41393
41395
41394
41397
41396
41398
41438
41440
41439
41436
41437
41435
41423
41424
41425
41426
41427
41428
41429
41430
41431
41432
41433
41434
41409
41410
41411
41412
41413
41414
41415
41416
41417
41418
41419
41420
41421
41422
41399
41400
41401
41402
41403
41404
41405
41406
41407
41408
41478
41477
41481
41480
41487
41484
41486
41485
41482
41483
41479
41465
41466
41467
41468
41469
41470
41471
41472
41473
41474
41475
41476
41451
41452
41453
41454
41455
41456
41457
41458
41459
41460
41461
41462
41463
41464
41441
41442
41443
41444
41445
41446
41447
41448
41449
41450
41611
41612
41613
41614
41615
41616
41617
41618
41619
41620
41621
41622
41623
41624
41625
41627
41628
41629
41640
41641
41636
41637
41638
41639
41630
41631
41632
41633
41634
41635
41652
41653
41654
41655
41656
41648
41649
41650
41651
41642
41643
41644
41645
41646
41647
41983
41984
41985
41986
41987
41988
41989
41990
41991
41992
41993
41994
41995
41996
41997
42032
42033
42034
42035
42036
42037
42038
42039
42040
42041
42042
42043
42044
42045
42060
42059
42058
42053
42054
42055
42056
42057
42046
42047
42048
42049
42050
42051
42052
42061
42062
42063
42064
42065
42066
42067
42068
42069
42070
42071
42072
42073
42074
42103
42102
42101
42091
42092
42093
42094
42095
42075
42076
42077
42078
42079
42080
42081
42082
42083
42084
42085
42086
42087
42088
42089
42090
42096
42097
42098
42099
42100
42116
42117
42118
42119
42142
42143
42144
42145
42146
42147
42153
42152
42148
42149
42150
42151
42158
42159
42161
42160
42154
42155
42156
42157
42618
42619
42620
42621
42622
42623
42624
42625
42626
42627
42628
42629
42630
42631
42632
42633
42634
42635
42636
42637
42638
42639
42640
42653
42654
42641
42642
42643
42644
42645
42646
42647
42648
42649
42650
42651
42652
42672
42673
42674
42675
42676
42677
42678
42679
42680
42702
42703
42681
42682
42683
42684
42685
42686
42687
42688
42689
42690
42691
42692
42693
42694
42695
42696
42697
42698
42699
42700
42701
43304
43305
43306
43307
43308
43309
43310
43311
43312
43313
43314
43315
43316
43317
43318
43319
43320
43321
43322
43323
43324
43325
43326
43327
43328
43329
43330
43331
43332
43333
43334
43335
43336
43337
43338
43339
43340
43341
43342
43343
43344
43345
43346
43347
43348
43349
43350
43351
43352
43353
43354
43355
43356
43357
43404
43402
43401
43403
43405
43387
43388
43389
43390
43391
43392
43393
43394
43395
43396
43397
43398
43399
43400
43358
43359
43360
43361
43362
43363
43364
43365
43366
43367
43368
43369
43370
43371
43372
43373
43374
43375
43376
43377
43378
43379
43380
43381
43382
43383
43384
43385
43386
43407
43408
43409
43410
43411
43412
43465
43463
43462
43464
43466
43448
43449
43450
43451
43452
43453
43454
43455
43456
43457
43458
43459
43460
43461
43419
43420
43421
43422
43423
43424
43425
43426
43427
43428
43429
43430
43431
43432
43433
43434
43435
43436
43437
43438
43439
43440
43441
43442
43443
43444
43445
43446
43447
43413
43414
43415
43416
43417
43418
43476
43477
43478
43479
43480
43481
43482
43483
43484
43485
43486
43487
43488
43489
43490
43491
43492
43493
43494
43495
43496
43497
43498
43499
43500
43501
43502
43503
43504
43505
43509
43507
43510
43508
43511
43529
43530
43531
43532
43533
43534
43535
43536
43512
43513
43514
43515
43516
43517
43518
43519
43520
43521
43522
43523
43524
43525
43526
43527
43528
43564
43562
43565
43563
43566
43554
43555
43556
43557
43558
43559
43560
43561
43537
43538
43539
43540
43541
43542
43543
43544
43545
43546
43547
43548
43549
43550
43551
43552
43553
43582
43583
43584
43585
43586
43587
43588
43589
43590
43591
43592
43593
43594
43595
43596
43597
43599
43613
43614
43600
43601
43602
43603
43604
43605
43606
43607
43608
43609
43610
43611
43612
43629
43628
43630
43615
43616
43617
43618
43619
43620
43621
43622
43623
43624
43625
43626
43627
43862
43863
43864
43865
43866
43867
43868
43869
43870
43871
43872
43873
43874
43875
43876
43877
43878
43879
43880
43881
43882
43883
43884
43885
43886
43887
43888
43889
43890
43891
43892
43893
43906
43907
43908
43909
43910
43911
43912
43913
43914
43915
43916
43917
43918
43919
43920
43921
43965
43922
43923
43924
43925
43926
43927
43928
43929
43930
43931
43932
43933
43934
43935
43936
43937
43938
43939
43940
43941
43942
43943
43944
43945
43946
43947
43948
43949
43950
43951
43952
43953
43954
43955
43956
43957
43958
43959
43960
43961
43962
43963
43964
44009
44010
44011
43966
43967
43968
43969
43970
43971
43972
43973
43974
43975
43976
43977
43978
43979
43980
43981
43982
43983
43984
43985
43986
43987
43988
43989
43990
43991
43992
43993
43994
43995
43996
43997
43998
43999
44000
44001
44002
44003
44004
44005
44006
44007
44008
44018
44019
44020
44021
44022
44023
44024
44025
44026
44027
44028
44030
44029
44060
44061
44062
44063
44064
44065
44066
44074
44076
44075
44067
44068
44069
44070
44071
44072
44073
44189
44190
44191
44192
44193
44194
44195
44196
44197
44198
44199
44200
44201
44210
44202
44203
44204
44205
44206
44207
44208
44209
44211
44212
44213
44214
44227
44215
44216
44217
44218
44219
44220
44221
44222
44223
44224
44225
44226
44283
44284
44285
44286
44287
44288
44289
44290
44291
44292
44293
44294
44295
44296
44297
44298
44299
44300
44301
44302
44303
44304
44305
44306
44307
44308
44309
44310
44311
44312
44313
44314
44315
44316
44317
44318
44319
44320
44321
44322
44323
44324
44325
44326
44327
44328
44329
44330
44331
44332
44333
44334
44335
44336
44371
44372
44373
44374
44337
44338
44339
44340
44341
44342
44343
44344
44345
44346
44347
44348
44349
44350
44351
44352
44353
44354
44355
44356
44357
44358
44359
44360
44361
44362
44363
44364
44365
44366
44367
44368
44369
44370
44375
44376
44377
44378
44379
44380
44381
44382
44383
44384
44385
44386
44387
44388
44389
44390
44441
44442
44443
44444
44391
44392
44393
44394
44395
44396
44397
44398
44399
44400
44401
44402
44403
44404
44405
44406
44407
44408
44409
44410
44411
44412
44413
44414
44415
44416
44417
44418
44419
44420
44421
44422
44423
44424
44425
44426
44427
44428
44429
44430
44431
44432
44433
44434
44435
44436
44437
44438
44439
44440
44540
44541
44542
44543
44544
44545
44546
44547
44548
44550
44551
44552
44553
44554
44555
44556
44557
44558
44559
44561
44562
44563
44564
44565
44566
44567
44568
44569
44570
44571
44572
44573
44574
44575
44576
44577
44578
44579
44580
44582
44583
44584
44585
44586
44587
44588
44589
44590
44591
44593
44594
44595
44596
44597
44598
44599
44600
44601
44602
44604
44605
44606
44607
44608
44609
44610
44611
44612
44617
44613
44614
44615
44616
44618
44619
44620
44621
44622
44623
44664
44665
44666
44668
44670
44674
44677
44679
44680
44681
44640
44641
44642
44643
44625
44626
44627
44628
44629
44630
44631
44632
44633
44634
44635
44636
44653
44655
44656
44657
44667
44645
44651
44654
44646
44647
44650
44648
44649
44652
44658
44660
44659
44661
44662
44663
44669
44671
44672
44673
44675
44676
44678
44637
44638
44639
44644
44720
44703
44704
44705
44715
44721
44726
44727
44728
44729
44730
44732
44733
44734
44736
44738
44742
44745
44747
44748
44749
44697
44698
44699
44700
44682
44683
44684
44685
44686
44687
44688
44689
44690
44691
44692
44693
44713
44716
44717
44718
44735
44702
44711
44714
44706
44707
44710
44708
44709
44712
44719
44723
44722
44724
44725
44731
44737
44739
44740
44741
44743
44744
44746
44694
44695
44696
44701
44801
44802
44803
44804
44805
44806
44807
44808
44809
44810
44811
44812
44813
44814
44815
44816
44817
44818
44819
44820
44821
44822
44823
44824
44825
44826
44827
44828
44829
44830
44833
44834
44835
44836
44837
44838
44839
44840
44841
44842
44843
44844
44845
44846
44847
44848
44849
44850
44851
44852
44853
44854
44855
44856
44857
44858
44859
44860
44861
44862
44863
44919
44920
44864
44865
44866
44867
44868
44869
44870
44871
44872
44873
44874
44875
44876
44877
44878
44879
44880
44881
44882
44883
44884
44885
44886
44887
44888
44889
44890
44891
44892
44893
44894
44895
44896
44897
44898
44899
44900
44901
44902
44903
44904
44905
44906
44907
44908
44909
44910
44911
44912
44913
44914
44915
44916
44917
44918
44977
44978
44976
44979
44921
44922
44923
44924
44925
44926
44927
44928
44929
44930
44931
44932
44933
44934
44935
44936
44937
44938
44939
44940
44941
44942
44943
44944
44945
44946
44947
44948
44949
44950
44951
44952
44953
44954
44955
44956
44957
44958
44959
44960
44961
44962
44963
44964
44965
44966
44967
44968
44969
44970
44971
44972
44973
44974
44975
45022
45023
45024
45025
45026
45027
45028
45029
45030
45031
45032
45033
45034
45035
45036
45037
45038
45039
45040
45041
45042
45043
45044
45045
45046
45047
45048
45049
45065
45066
45053
45054
45055
45056
45057
45058
45059
45060
45061
45062
45063
45064
45148
45149
45150
45151
45152
45155
45153
45154
45156
45157
45162
45160
45161
45158
45159
45194
45195
45197
45198
45321
45322
45323
45324
45325
45326
45327
45328
45329
45330
45331
45332
45333
45334
45335
45354
45355
45356
45357
45358
45359
45373
45372
45374
45367
45368
45360
45361
45369
45370
45371
45362
45363
45364
45365
45366
45375
45376
45377
45378
45379
45380
45400
45399
45401
45394
45395
45381
45382
45396
45397
45398
45389
45390
45391
45392
45393
45383
45384
45385
45386
45387
45388
45735
45736
45737
45738
45739
45740
45742
45743
45744
45747
45748
45749
45746
45745
45750
45755
45753
45754
45756
45752
45751
46164
46165
46166
46167
46168
46173
46169
46170
46171
46172
46621
46622
46623
46624
46625
46626
46627
46628
46629
46631
46630
46632
46633
46640
46641
46642
46643
46644
46651
46650
46652
46653
46645
46646
46647
46648
46649
