23
12106
39662
46931
47826
47827
47828
47829
47830
47831
47832
47833
47834
47835
47836
48825
48824
49957
49956
49945
49946
49947
49948
49949
49950
49951
49952
49953
49954
49955
38
35
37
36
24
25
26
27
28
29
30
31
32
33
34
1092
1272
1846
2087
2179
2267
2357
2480
2607
2878
2879
2880
2881
2882
2883
2884
2885
2886
2887
2971
2972
2973
2974
2975
2976
2977
2978
2979
2980
2981
2982
2983
2984
2985
2986
2987
3132
3133
3134
3135
3136
3137
3138
3139
3140
3141
3142
3143
3144
3145
3146
3147
3246
3245
3247
3244
3538
3540
3541
3537
3539
3527
3528
3529
3530
3531
3532
3533
3534
3535
3536
3510
3511
3512
3513
3514
3515
3516
3517
3518
3519
3520
3521
3522
3523
3524
3525
3526
3494
3495
3496
3497
3498
3499
3500
3501
3502
3503
3504
3505
3506
3507
3508
3509
3967
3963
3970
3962
3965
3968
3969
3964
3966
3952
3953
3954
3955
3956
3957
3958
3959
3960
3961
3935
3936
3937
3938
3939
3940
3941
3942
3943
3944
3945
3946
3947
3948
3949
3950
3951
3919
3920
3921
3922
3923
3924
3925
3926
3927
3928
3929
3930
3931
3932
3933
3934
4199
4209
4340
4392
4582
4643
4775
4874
4885
4911
4922
5051
5113
5154
5245
5246
5247
5248
5249
5317
5318
5319
5346
5347
5348
5349
5350
5351
5352
5353
5354
5355
5356
5357
5358
5359
5516
5513
5507
5506
5503
5504
5510
5512
5508
5515
5514
5505
5509
5511
5498
5499
5500
5501
5502
5724
5725
5726
5727
5728
5729
5730
5731
5732
5733
5734
5735
5736
5737
5738
5739
5740
5863
5860
5854
5853
5850
5851
5857
5859
5855
5862
5861
5852
5856
5858
5831
5832
5833
5834
5835
5828
5829
5830
5836
5837
5838
5839
5840
5841
5842
5843
5844
5845
5846
5847
5848
5849
6120
6196
6257
6362
6437
6640
6894
7032
7231
7349
7416
7484
7506
7507
7508
7509
7510
7511
7512
7513
7514
7515
7516
7517
7518
7519
7789
7790
7791
7792
7793
7794
7795
7796
7797
7798
7799
7800
7801
7802
7803
7884
7882
7885
7883
7953
7947
7946
7951
7949
7952
7948
7950
7932
7933
7934
7935
7936
7937
7938
7939
7940
7941
7942
7943
7944
7945
7917
7918
7919
7920
7921
7922
7923
7924
7925
7926
7927
7928
7929
7930
7931
8102
8093
8103
8095
8101
8094
8092
8099
8097
8100
8096
8098
8078
8079
8080
8081
8082
8083
8084
8085
8086
8087
8088
8089
8090
8091
8063
8064
8065
8066
8067
8068
8069
8070
8071
8072
8073
8074
8075
8076
8077
11722
11813
12059
12075
12144
12182
12183
12184
12185
12260
12261
12262
12263
12264
12265
12266
12267
12268
12269
12270
12271
12272
12421
12422
12423
12424
12425
12426
12427
12428
12459
12458
12456
12457
12460
12452
12453
12454
12455
12532
12533
12534
12535
12536
12537
12538
12539
12540
12541
12542
12543
12544
12545
12546
12547
12548
12549
12550
12551
12552
12696
12695
12693
12694
12697
12681
12682
12683
12684
12668
12669
12670
12671
12672
12673
12674
12675
12676
12677
12678
12679
12680
12685
12686
12687
12688
12689
12690
12691
12692
14543
14662
14690
14721
14839
14840
14841
14842
14843
14844
14845
14846
14847
14848
14849
14850
14887
14888
14936
14937
14924
14925
14926
14927
14928
14929
14930
14931
14932
14933
14934
14935
15035
15036
15037
15038
15023
15024
15025
15026
15027
15028
15029
15030
15031
15032
15033
15034
15238
15357
15451
15559
15560
15561
15562
15563
15564
15565
15566
15567
15568
15569
15570
15571
15572
15573
15574
15575
15576
15577
15578
15579
15580
15581
15582
15583
15584
15585
15586
15587
15729
15730
15731
15732
15733
15734
15735
15780
15781
15782
15783
15784
15785
15786
15787
15848
15847
15922
15878
15879
15880
15881
15882
15883
15884
15885
15886
15887
15888
15889
15890
15891
15892
15893
15894
15895
15896
15897
15898
15899
15900
15901
15902
15903
15904
15905
15906
15907
15908
15909
15910
15911
15912
15913
15914
15915
15916
15917
15918
15919
15920
15921
16024
16022
16023
15978
15979
15980
15981
15982
15983
15984
15985
15986
15987
15988
15989
15990
15991
15992
15993
15994
15995
15996
15997
15998
15999
16000
16001
16002
16003
16004
16005
16006
16007
16008
16009
16010
16011
16012
16013
16014
16015
16016
16017
16018
16019
16020
16021
17069
17088
17174
17264
17370
17548
17558
17569
17578
17593
17842
17843
17844
17912
17913
17914
17915
18188
18189
18190
18191
18192
18193
18194
18195
18196
18197
18198
18227
18228
18229
18230
18231
18232
18233
18234
18235
18286
18287
18288
18408
18410
18413
18409
18414
18411
18412
18385
18386
18387
18381
18382
18383
18384
18388
18389
18390
18391
18392
18393
18394
18395
18396
18397
18398
18399
18400
18401
18402
18403
18404
18405
18406
18407
18517
18518
18523
18515
18519
18522
18516
18524
18520
18521
18492
18493
18494
18488
18489
18490
18491
18495
18496
18497
18498
18499
18500
18501
18502
18503
18504
18505
18506
18507
18508
18509
18510
18511
18512
18513
18514
18633
18661
18713
18714
18715
18716
18717
18718
18719
18720
18721
18722
18723
18724
18725
18726
18727
18728
18729
18787
18788
18789
18790
18791
18792
18793
18794
18795
18796
18797
18798
18799
18800
18801
18802
18803
18835
18836
18837
18838
18839
18840
18841
18842
18843
18844
18845
18846
18847
18848
18849
18850
18851
19024
19025
18990
18991
18992
18993
18994
18995
18996
18997
18998
18999
19000
19001
19002
19003
19004
19005
19006
19007
19008
19009
19010
19011
19012
19013
19014
19015
19016
19017
19018
19019
19020
19021
19022
19023
19120
19121
19122
19123
19124
19125
19126
19127
19128
19129
19130
19131
19132
19133
19134
19135
19136
19222
19223
19171
19172
19173
19174
19175
19176
19177
19178
19179
19180
19181
19182
19183
19184
19185
19186
19187
19188
19189
19190
19191
19192
19193
19194
19195
19196
19197
19198
19199
19200
19201
19202
19203
19204
19205
19206
19207
19208
19209
19210
19211
19212
19213
19214
19215
19216
19217
19218
19219
19220
19221
22012
22116
22181
22336
22337
22338
22339
22340
22341
22342
22343
22344
22345
22346
22347
22348
22349
22350
22351
22352
22465
22466
22467
22468
22469
22470
22471
22472
22473
22474
22475
22476
22477
22478
22479
22480
22481
22518
22516
22517
22499
22500
22501
22502
22503
22504
22505
22506
22507
22508
22509
22510
22511
22512
22513
22514
22515
22547
22548
22549
22550
22551
22552
22553
22554
22555
22556
22557
22558
22559
22560
22561
22562
22563
22685
22683
22684
22649
22650
22651
22652
22653
22654
22655
22656
22657
22658
22659
22660
22661
22662
22663
22664
22665
22666
22667
22668
22669
22670
22671
22672
22673
22674
22675
22676
22677
22678
22679
22680
22681
22682
22735
22811
22873
23006
23109
23110
23111
23112
23113
23114
23115
23116
23117
23118
23119
23120
23121
23122
23290
23291
23292
23293
23294
23295
23296
23297
23298
23299
23300
23301
23302
23371
23372
23373
23374
23375
23376
23377
23378
23379
23380
23381
23382
23505
23506
23507
23508
23509
23510
23511
23512
23513
23514
23515
23516
23517
23518
23519
23660
23663
23661
23662
23708
23709
23710
23711
23712
23713
23714
23715
23716
23717
23718
23719
23720
23721
23695
23696
23697
23698
23699
23700
23701
23702
23703
23704
23705
23706
23707
23722
23723
23724
23725
23726
23727
23728
23729
23730
23731
23732
23733
23734
23735
23736
23737
23738
23739
23740
23741
23742
23743
23744
23745
23746
23747
23748
23853
23856
23854
23855
23812
23813
23814
23815
23816
23817
23818
23819
23820
23821
23822
23823
23824
23825
23799
23800
23801
23802
23803
23804
23805
23806
23807
23808
23809
23810
23811
23826
23827
23828
23829
23830
23831
23832
23833
23834
23835
23836
23837
23838
23839
23840
23841
23842
23843
23844
23845
23846
23847
23848
23849
23850
23851
23852
24027
24093
24285
24312
24373
24478
24489
24490
24491
24492
24493
24494
24495
24496
24497
24498
24499
24500
24501
24512
24513
24514
24515
24516
24517
24529
24530
24531
24532
24533
24534
24535
24536
24537
24538
24539
24540
24541
24695
24696
24697
24698
24699
24700
24682
24683
24684
24685
24686
24687
24688
24689
24690
24691
24692
24693
24694
29346
29396
29430
29571
29745
29931
30092
30250
30356
30385
30436
30483
30534
30535
30536
30537
30538
30539
30596
30597
30598
30599
30600
30601
30602
30728
30729
30959
30962
30955
30958
30961
30956
30954
30960
30963
30957
30948
30949
30950
30951
30952
30953
30941
30942
30943
30944
30945
30946
30947
31137
31139
31138
31142
31133
31136
31141
31134
31132
31140
31143
31135
31126
31127
31128
31129
31130
31131
31119
31120
31121
31122
31123
31124
31125
32565
32737
32801
32863
33021
33103
33162
33163
33164
33165
33166
33167
33168
33169
33170
33171
33172
33173
33174
33175
33320
33321
33322
33448
33449
33450
33552
33549
33551
33550
33667
33668
33650
33651
33652
33653
33654
33655
33656
33657
33658
33659
33660
33661
33662
33663
33647
33648
33649
33664
33665
33666
33763
33758
33762
33759
33760
33761
33741
33742
33743
33744
33745
33746
33747
33748
33749
33750
33751
33752
33753
33754
33738
33739
33740
33755
33756
33757
35400
35450
35537
35583
35659
35660
35661
35662
35663
35664
35665
35666
35667
35668
35669
35670
35671
35672
35749
35751
35750
35748
35908
35909
35910
35911
35912
35913
35914
35915
35916
35917
35918
35919
35920
35921
36012
36014
36013
36011
35997
35998
35999
36000
36001
36002
36003
36004
36005
36006
36007
36008
36009
36010
36666
36678
36831
36832
36833
36834
36835
36836
36837
36859
36860
36861
36862
36863
36864
36905
36906
36907
36908
36909
36910
36988
36989
36990
36976
36977
36978
36979
36980
36981
36982
36983
36984
36985
36986
36987
37010
37011
37012
37013
37014
37015
37089
37090
37091
37071
37072
37073
37074
37075
37076
37077
37078
37079
37080
37081
37082
37083
37084
37085
37086
37087
37088
38602
38657
38667
38844
38869
38870
38871
38892
38935
38936
38937
38938
44549
44560
44581
44592
44603
44624
44832
45050
45051
45052
45134
45135
45136
45137
45138
45139
45140
45141
45142
45143
45144
45145
45146
45147
45196
45254
45256
45253
45259
45257
45255
45258
45350
45351
45352
45336
45337
45338
45339
45340
45341
45342
45343
45344
45345
45346
45347
45348
45349
45353
45511
45513
45510
45516
45514
45512
45515
45506
45507
45508
45492
45493
45494
45495
45496
45497
45498
45499
45500
45501
45502
45503
45504
45505
45509
45695
45741
45772
45862
45889
45890
45891
45892
45893
45894
45895
45896
45923
45924
45925
45926
45927
45928
45929
45930
46051
46052
46148
46147
46139
46140
46141
46142
46143
46144
46145
46146
46131
46132
46133
46134
46135
46136
46137
46138
46204
46207
46206
46205
46196
46197
46198
46199
46200
46201
46202
46203
46188
46189
46190
46191
46192
46193
46194
46195
47578
47579
47580
47581
47582
47583
47584
47585
47586
47587
47588
47589
47590
47591
47592
47593
47594
47595
47596
47597
47598
47599
47600
47601
47602
47603
47618
47617
47604
47605
47606
47607
47608
47609
47610
47611
47612
47613
47614
47615
47616
47619
47620
47621
47622
47623
47624
47625
47626
47627
47628
47629
47655
47654
47641
47642
47643
47644
47645
47646
47647
47648
47649
47650
47651
47652
47653
47630
47631
47632
47633
47634
47635
47636
47637
47638
47639
47640
47680
47681
47682
47683
47684
47685
47686
47687
47688
47689
47690
47691
47692
47693
47694
47695
47696
47697
47698
47699
47700
47701
47702
47703
47704
47705
47706
47707
47708
47709
47710
47711
47712
47713
47714
47715
47716
47717
47718
47720
47719
47755
47751
47752
47753
47754
47721
47722
47723
47724
47725
47726
47727
47728
47729
47730
47731
47732
47733
47734
47735
47736
47737
47738
47739
47740
47741
47742
47743
47744
47745
47746
47747
47748
47749
47750
47790
47792
47791
47793
47786
47787
47788
47789
47756
47757
47758
47759
47760
47761
47762
47763
47764
47765
47766
47767
47768
47769
47770
47771
47772
47773
47774
47775
47776
47777
47778
47779
47780
47781
47782
47783
47784
47785
48224
48225
48243
48244
48245
48246
48247
48248
48249
48250
48251
48252
48253
48254
48255
48256
48257
48258
48259
48260
48261
48262
48263
48264
48265
48271
48266
48267
48270
48268
48269
48272
48273
48274
48275
48276
48277
48278
48279
48280
48281
48282
48283
48284
48285
48286
48287
48288
48289
48290
48315
48310
48311
48314
48312
48313
48291
48292
48293
48294
48295
48296
48297
48298
48299
48300
48301
48302
48303
48304
48305
48306
48307
48308
48309
48539
48540
48624
48625
48626
48627
48628
48629
48630
48631
48632
48633
48634
48643
48635
48636
48637
48638
48639
48640
48641
48642
48652
48653
48654
48644
48645
48646
48647
48648
48649
48650
48651
48659
48660
48661
48662
48664
48665
48666
48667
48668
48669
48670
48671
48672
48673
48674
48675
48676
48677
48678
48679
48680
48681
48682
48683
48684
48685
48686
48687
48688
48689
48690
48691
48692
48693
48694
48695
48696
48697
48698
48708
48709
48710
48711
48712
48713
48714
48699
48700
48701
48702
48703
48704
48705
48706
48707
48715
48716
48717
48718
48719
48720
48721
48722
48723
48724
48725
48726
48727
48728
48729
48730
48731
48732
48733
48734
48735
48736
48737
48770
48771
48772
48773
48774
48775
48776
48738
48739
48740
48741
48742
48743
48744
48745
48746
48747
48748
48749
48750
48751
48752
48753
48754
48755
48756
48757
48758
48759
48760
48761
48762
48763
48764
48765
48766
48767
48768
48769
48816
48817
48818
48819
48820
48821
48822
48823
48827
48828
48829
48830
48831
48832
48833
48834
48835
48836
48837
48838
48839
48840
48841
48842
48843
48844
48845
48846
48847
48848
48849
48850
48851
48852
48853
48854
48855
48856
48857
48858
48859
48860
48861
48862
48863
48864
48867
48866
48907
48909
48902
48905
48903
48901
48900
48904
48908
48910
48911
48906
48872
48873
48874
48875
48876
48877
48878
48879
48880
48890
48891
48892
48893
48894
48895
48896
48897
48898
48899
48881
48882
48883
48884
48885
48886
48887
48888
48889
48868
48869
48870
48871
48957
48953
48951
48954
48946
48949
48947
48945
48944
48948
48952
48955
48956
48950
48916
48917
48918
48919
48920
48921
48922
48923
48924
48934
48935
48936
48937
48938
48939
48940
48941
48942
48943
48925
48926
48927
48928
48929
48930
48931
48932
48933
48912
48913
48914
48915
49773
49805
49806
49807
49808
49809
49810
49811
49812
49813
49814
49815
49816
49817
49818
49819
49820
49821
49822
49823
49824
49825
49826
49827
49828
49829
49841
49842
49830
49831
49832
49833
49834
49835
49836
49837
49838
49839
49840
49941
49942
49943
49944
50004
50005
50006
50007
50008
50009
50010
50011
50012
50013
50014
50015
50016
50017
50018
50019
50020
50021
50022
50023
50024
50025
50026
50027
50028
50029
50030
50031
50032
50033
50034
50035
50036
50037
50068
50069
50070
50071
50038
50039
50040
50041
50042
50043
50044
50045
50046
50047
50048
50049
50050
50051
50052
50053
50054
50055
50056
50057
50058
50059
50060
50061
50062
50063
50064
50065
50066
50067
50102
50103
50104
50105
50106
50107
50072
50073
50074
50075
50076
50077
50078
50079
50080
50081
50082
50083
50084
50085
50086
50087
50088
50089
50090
50091
50092
50093
50094
50095
50096
50097
50098
50099
50100
50101
51177
51178
51179
51181
51182
51183
51184
51185
51186
51187
51188
40
41
42
43
44
45
46
47
48
49
50
51
52
53
54
55
56
57
58
59
60
67
66
72
64
68
62
61
65
71
70
69
63
88
90
87
84
92
91
89
85
86
73
74
75
76
77
78
79
80
81
82
83
114
112
124
108
115
106
104
111
123
122
119
107
116
118
113
105
121
120
117
109
110
93
94
95
96
97
98
99
100
101
102
103
641
642
643
644
645
646
647
648
649
656
657
658
659
660
661
662
663
664
665
666
667
668
669
670
671
672
673
674
675
676
677
679
678
700
704
703
699
701
708
702
707
705
706
687
688
689
690
691
692
693
694
695
696
697
698
680
681
682
683
684
685
686
734
728
730
735
733
729
731
739
732
738
736
737
716
717
718
719
720
721
722
723
724
725
726
727
709
710
711
712
713
714
715
2195
2196
2197
2198
2199
2200
2201
2202
2203
2204
2205
2206
2207
2208
2209
2210
2211
2212
2213
2214
2215
2216
2217
2218
2219
2220
2221
2222
2223
2224
2225
2226
2227
2228
2229
2230
2231
2232
2233
2234
2235
2236
2237
2238
2239
2240
2241
2242
2265
2266
2243
2244
2245
2246
2247
2248
2249
2250
2251
2252
2253
2254
2255
2256
2257
2258
2259
2260
2261
2262
2263
2264
2545
2546
2547
2548
2549
2550
2551
2552
2553
2554
2555
2556
2557
2558
2559
2560
2561
2562
2563
2564
2565
2566
2567
2568
2569
2570
2571
2572
2573
2574
2575
2576
2577
2578
2579
2580
2581
2582
2583
2584
2585
2586
2587
2588
2589
2590
2591
2592
2593
2594
2595
2596
2597
2598
2599
2600
2601
2602
2603
2604
2605
2606
2608
2609
2610
2611
2612
2613
2614
2615
2616
2617
2618
2619
2620
2621
2622
2623
2624
2625
2626
2627
2628
2629
2630
2631
2632
2633
2634
2635
2636
2637
2638
2639
2726
2727
2728
2729
2640
2641
2642
2643
2644
2645
2646
2647
2648
2649
2650
2651
2652
2653
2654
2655
2656
2657
2658
2659
2660
2661
2662
2663
2664
2665
2666
2667
2668
2669
2670
2671
2672
2673
2674
2675
2676
2677
2678
2679
2680
2681
2682
2683
2684
2685
2686
2687
2688
2689
2690
2691
2692
2693
2694
2695
2696
2697
2698
2699
2700
2701
2702
2703
2704
2705
2706
2707
2708
2709
2710
2711
2712
2713
2714
2715
2716
2717
2718
2719
2720
2721
2722
2723
2724
2725
2816
2817
2818
2819
2820
2821
2730
2731
2732
2733
2734
2735
2736
2737
2738
2739
2740
2741
2742
2743
2744
2745
2746
2747
2748
2749
2750
2751
2752
2753
2754
2755
2756
2757
2758
2759
2760
2761
2762
2763
2764
2765
2766
2767
2768
2769
2770
2771
2772
2773
2774
2775
2776
2777
2778
2779
2780
2781
2782
2783
2784
2785
2786
2787
2788
2789
2790
2791
2792
2793
2794
2795
2796
2797
2798
2799
2800
2801
2802
2803
2804
2805
2806
2807
2808
2809
2810
2811
2812
2813
2814
2815
2949
2950
2951
2952
2953
2954
2955
2956
2957
2958
2959
2960
2961
2962
2963
2964
2965
2966
2967
2968
2969
2988
2989
2990
2991
2992
2993
2994
2995
2996
2997
2998
2999
3000
3001
3002
3003
3004
3005
3006
3007
3008
3009
3010
3011
3012
3013
3014
3015
3045
3047
3050
3046
3049
3048
3016
3017
3018
3019
3020
3021
3022
3023
3024
3025
3026
3027
3028
3029
3030
3031
3032
3033
3034
3035
3036
3037
3038
3039
3040
3041
3042
3043
3044
3051
3052
3053
3054
3055
3056
3057
3058
3059
3060
3061
3062
3063
3064
3108
3110
3113
3109
3112
3111
3065
3066
3067
3068
3069
3070
3071
3072
3073
3074
3075
3076
3077
3078
3079
3080
3081
3082
3083
3084
3085
3086
3087
3088
3089
3090
3091
3092
3093
3094
3095
3096
3097
3098
3099
3100
3101
3102
3103
3104
3105
3106
3107
3122
3123
3124
3125
3126
3127
3128
3129
3130
3131
3148
3149
3157
3150
3151
3152
3153
3154
3155
3156
3165
3166
3167
3158
3159
3160
3161
3162
3163
3164
4338
4339
4341
4342
4343
4344
4345
4346
4347
4348
4349
4350
4351
4352
4353
4354
4355
4356
4357
4358
4359
4360
4361
4362
4363
4364
4365
4366
4367
4368
4369
4370
4371
4372
4373
4374
4375
4376
4377
4378
4379
4380
4381
4382
4383
4384
4385
4386
4387
4388
4389
4390
4391
4393
4394
4395
4396
4397
4398
4399
4400
4401
4402
4403
4452
4453
4456
4450
4451
4454
4455
4440
4441
4442
4443
4444
4445
4446
4447
4448
4449
4432
4433
4434
4435
4436
4437
4438
4439
4404
4405
4406
4407
4408
4409
4410
4411
4412
4413
4414
4415
4416
4417
4418
4419
4420
4421
4422
4423
4424
4425
4426
4427
4428
4429
4430
4431
4457
4458
4459
4460
4461
4462
4463
4464
4465
4466
4467
4527
4528
4531
4525
4526
4529
4530
4515
4516
4517
4518
4519
4520
4521
4522
4523
4524
4507
4508
4509
4510
4511
4512
4513
4514
4468
4469
4470
4471
4472
4473
4474
4475
4476
4477
4478
4479
4480
4481
4482
4483
4484
4485
4486
4487
4488
4489
4490
4491
4492
4493
4494
4495
4496
4497
4498
4499
4500
4501
4502
4503
4504
4505
4506
5320
5321
5322
5323
5324
5325
5326
5327
5328
5329
5330
5331
5332
5333
5334
5342
5343
5344
5345
5335
5336
5337
5338
5339
5340
5341
5367
5368
5369
5370
5371
5372
5360
5361
5362
5363
5364
5365
5366
5416
5417
5418
5419
5420
5421
5422
5423
5424
5425
5426
5427
5428
5429
5430
5431
5432
5433
5434
5435
5436
5437
5438
5439
5440
5441
5442
5443
5444
5445
5446
5447
5448
5449
5450
5451
5452
5453
5454
5455
5456
5457
5458
5459
5460
5461
5462
5463
5464
5465
5466
5467
5468
5469
5470
5471
5472
5473
5474
5475
5476
5477
5478
5479
5480
5481
5482
5483
5484
5485
5486
5487
5488
5489
5490
5491
5492
5493
5494
5495
5496
5497
5517
5518
5519
5598
5520
5521
5522
5523
5524
5525
5526
5527
5528
5529
5530
5531
5532
5533
5534
5535
5536
5537
5538
5539
5540
5541
5542
5543
5544
5545
5546
5547
5548
5549
5550
5551
5552
5553
5554
5555
5556
5557
5558
5559
5560
5561
5562
5563
5564
5565
5566
5567
5568
5569
5570
5571
5572
5573
5574
5575
5576
5577
5578
5579
5580
5581
5582
5583
5584
5585
5586
5587
5588
5589
5590
5591
5592
5593
5594
5595
5596
5597
5677
5678
5679
5680
5599
5600
5601
5602
5603
5604
5605
5606
5607
5608
5609
5610
5611
5612
5613
5614
5615
5616
5617
5618
5619
5620
5621
5622
5623
5624
5625
5626
5627
5628
5629
5630
5631
5632
5633
5634
5635
5636
5637
5638
5639
5640
5641
5642
5643
5644
5645
5646
5647
5648
5649
5650
5651
5652
5653
5654
5655
5656
5657
5658
5659
5660
5661
5662
5663
5664
5665
5666
5667
5668
5669
5670
5671
5672
5673
5674
5675
5676
6195
6197
6198
6199
6200
6201
6202
6203
6204
6205
6206
6207
6209
6208
6219
6210
6211
6212
6213
6214
6215
6216
6217
6218
6231
6229
6230
6220
6221
6222
6223
6224
6225
6226
6227
6228
6433
6434
6435
6436
6438
6439
6440
6441
6442
6443
6444
6445
6446
6447
6448
6449
6450
6451
6452
6453
6454
6455
6456
6457
6458
6459
6460
6461
6462
6463
6464
6465
6466
6467
6468
6469
6470
6471
6472
6473
6474
6475
6476
6477
6478
6479
6480
6481
6482
6483
6484
6485
6486
6487
6488
6489
6490
6491
6492
6493
6494
6495
6496
6497
6498
6499
6500
6501
6502
6503
6504
6505
6506
6507
6508
6509
6510
6511
6512
6513
6514
6515
6516
6517
6518
6519
6520
6521
6522
6523
6524
6525
6526
6527
6528
6529
6530
6531
6532
6533
6534
6535
6536
6537
6538
6539
6540
6541
6542
6543
6544
6545
6546
6547
6548
6549
6550
6551
6552
6553
6554
6555
6556
6557
6558
6559
6560
6561
6562
6563
6564
6565
6566
6567
6568
6569
6570
6571
6572
6573
6639
6632
6633
6634
6635
6636
6637
6638
6574
6575
6576
6577
6578
6579
6580
6581
6582
6583
6584
6585
6586
6587
6588
6589
6590
6591
6592
6593
6594
6595
6596
6597
6598
6599
6600
6601
6602
6603
6604
6605
6606
6607
6608
6609
6610
6611
6612
6613
6614
6615
6616
6617
6618
6619
6620
6621
6622
6623
6624
6625
6626
6627
6628
6629
6630
6631
6641
6642
6643
6644
6645
6646
6647
6648
6649
6650
6651
6652
6653
6654
6655
6656
6657
6658
6659
6660
6661
6662
6663
6664
6665
6666
6667
6668
6669
6670
6671
6672
6673
6674
6675
6676
6677
6678
6679
6680
6681
6682
6683
6684
6685
6686
6687
6688
6689
6690
6691
6692
6693
6694
6695
6696
6697
6698
6699
6700
6701
6702
6703
6704
6705
6706
6707
6708
6709
6710
6711
6712
6713
6714
6854
6847
6848
6849
6850
6851
6852
6853
6715
6716
6717
6718
6719
6720
6721
6722
6723
6724
6725
6726
6727
6728
6729
6730
6731
6732
6733
6734
6735
6736
6737
6738
6739
6740
6741
6742
6743
6744
6745
6746
6747
6748
6749
6750
6751
6752
6753
6754
6755
6756
6757
6758
6759
6760
6761
6762
6763
6764
6765
6766
6767
6768
6769
6770
6771
6772
6773
6774
6775
6776
6777
6778
6779
6780
6781
6782
6783
6784
6785
6786
6787
6788
6789
6790
6791
6792
6793
6794
6795
6796
6797
6798
6799
6800
6801
6802
6803
6804
6805
6806
6807
6808
6809
6810
6811
6812
6813
6814
6815
6816
6817
6818
6819
6820
6821
6822
6823
6824
6825
6826
6827
6828
6829
6830
6831
6832
6833
6834
6835
6836
6837
6838
6839
6840
6841
6842
6843
6844
6845
6846
6887
6888
6889
6890
6891
6892
6893
6895
6896
6897
6898
6899
6900
6901
6902
6903
6904
6905
6906
6907
6908
6909
6910
6911
6912
6913
6914
6915
6916
6917
6918
6919
6920
6921
6922
6923
6924
6925
6926
6928
6927
6930
6929
6965
6963
6960
6964
6961
6962
6931
6932
6933
6934
6935
6936
6937
6938
6939
6940
6941
6942
6943
6944
6945
6946
6947
6948
6949
6950
6951
6952
6953
6954
6955
6956
6957
6958
6959
6996
6995
7002
6999
7004
7001
6997
7003
6998
7000
6966
6967
6968
6969
6970
6971
6972
6973
6974
6975
6976
6977
6978
6979
6980
6981
6982
6983
6984
6985
6986
6987
6988
6989
6990
6991
6992
6993
6994
7033
7034
7035
7036
7037
7038
7039
7040
7041
7042
7043
7044
7045
7046
7047
7048
7049
7050
7051
7052
7053
7054
7055
7056
7057
7058
7059
7060
7061
7062
7063
7064
7065
7066
7067
7068
7069
7070
7071
7072
7073
7074
7075
7076
7077
7078
7079
7080
7081
7082
7083
7084
7085
7086
7087
7088
7089
7090
7091
7092
7093
7094
7095
7096
7097
7098
7153
7152
7154
7126
7127
7128
7129
7130
7131
7132
7133
7134
7135
7136
7137
7138
7139
7140
7141
7142
7143
7144
7145
7146
7147
7148
7149
7150
7151
7099
7100
7101
7102
7103
7104
7105
7106
7107
7108
7109
7110
7111
7112
7113
7114
7115
7116
7117
7118
7119
7120
7121
7122
7123
7124
7125
7155
7156
7157
7158
7159
7160
7161
7162
7163
7164
7229
7228
7230
7192
7193
7194
7195
7196
7197
7198
7199
7200
7201
7202
7203
7204
7205
7206
7207
7208
7209
7210
7211
7212
7213
7214
7215
7216
7217
7165
7166
7167
7168
7169
7170
7171
7172
7173
7174
7175
7176
7177
7178
7179
7180
7181
7182
7183
7184
7185
7186
7187
7188
7189
7190
7191
7218
7219
7220
7221
7222
7223
7224
7225
7226
7227
7347
7348
7350
7351
7352
7353
7354
7355
7356
7357
7358
7359
7360
7362
7361
7373
7363
7364
7365
7366
7367
7368
7369
7370
7371
7372
7385
7384
7386
7374
7375
7376
7377
7378
7379
7380
7381
7382
7383
7498
7499
7500
7501
7502
7503
7504
7505
7520
7521
7522
7523
7524
7525
7526
7527
7528
7529
7530
7531
7532
7533
7534
7535
7536
7537
7538
7539
7540
7541
7542
7543
7544
7545
7546
7547
7548
7549
7550
7551
7552
7553
7554
7555
7556
7557
7558
7559
7560
7561
7562
7563
7564
7565
7566
7567
7568
7569
7570
7571
7572
7573
7574
7575
7576
7577
7578
7579
7580
7581
7582
7583
7584
7585
7586
7587
7588
7589
7590
7591
7592
7593
7594
7595
7596
7597
7598
7599
7600
7601
7602
7603
7654
7656
7658
7655
7657
7653
7659
7651
7652
7625
7626
7627
7628
7629
7630
7631
7632
7633
7634
7635
7636
7637
7638
7639
7640
7641
7642
7643
7644
7645
7646
7647
7648
7649
7650
7613
7614
7615
7616
7617
7618
7619
7620
7621
7622
7623
7624
7604
7605
7606
7607
7608
7609
7610
7611
7612
7660
7661
7662
7663
7664
7665
7666
7667
7668
7669
7670
7671
7672
7673
7674
7675
7676
7677
7678
7679
7680
7681
7682
7683
7684
7685
7686
7687
7688
7689
7690
7691
7692
7693
7694
7695
7782
7784
7786
7783
7785
7781
7787
7779
7780
7731
7732
7733
7734
7735
7736
7737
7738
7739
7740
7741
7742
7743
7744
7745
7746
7747
7748
7749
7750
7751
7752
7753
7754
7755
7756
7705
7706
7707
7708
7709
7710
7711
7712
7713
7714
7715
7716
7696
7697
7698
7699
7700
7701
7702
7703
7704
7717
7718
7719
7720
7721
7722
7723
7724
7725
7726
7727
7728
7729
7730
7757
7758
7759
7760
7761
7762
7763
7764
7765
7766
7767
7768
7769
7770
7771
7772
7773
7774
7775
7776
7777
7778
7914
7915
7916
7954
7955
7956
7957
7958
7959
7960
7961
7962
7963
7964
7965
7966
7967
7968
7969
7970
7971
7972
7973
7974
7975
7976
7977
7978
7979
7980
7981
7982
7983
7984
7985
7986
7987
7988
7989
7990
7991
7992
7993
7994
7995
7996
7997
7998
7999
8000
8001
8002
8003
8004
8005
8006
8007
8008
8009
8010
8011
8012
8013
8014
8015
8016
8017
8018
8019
8020
8021
8022
8023
8024
8025
8026
8027
8028
8029
8030
8031
8032
8033
8034
8035
8036
8037
8038
8039
8040
8041
8042
8043
8044
8045
8046
8047
8048
8049
8050
8051
8052
8053
8054
8055
8060
8062
8061
8056
8057
8058
8059
8117
8118
8119
8120
8121
8122
8123
8124
8125
8126
8127
8128
8129
8130
8131
8132
8133
8134
8135
8136
8137
8138
8139
8140
8141
8142
8143
8144
8145
8146
8147
8148
8149
8150
8151
8152
8153
8154
8155
8156
8157
8158
8159
8160
8161
8162
8163
8164
8165
8166
8179
8180
8181
8182
8183
8184
8185
8186
8187
8188
8189
8190
8191
8192
8193
8194
8195
8196
8197
8198
8199
8200
8201
8110
8111
8112
8113
8104
8105
8106
8107
8108
8109
8114
8115
8116
8167
8168
8169
8170
8171
8172
8173
8174
8175
8176
8177
8178
8304
8306
8305
8215
8216
8217
8218
8219
8220
8221
8222
8223
8224
8225
8226
8227
8228
8229
8230
8231
8232
8233
8234
8235
8236
8237
8238
8239
8240
8241
8242
8243
8244
8245
8246
8247
8248
8249
8250
8251
8252
8253
8254
8255
8256
8257
8258
8259
8260
8261
8262
8263
8264
8265
8266
8267
8268
8281
8282
8283
8284
8285
8286
8287
8288
8289
8290
8291
8292
8293
8294
8295
8296
8297
8298
8299
8300
8301
8302
8303
8208
8209
8210
8211
8202
8203
8204
8205
8206
8207
8212
8213
8214
8269
8270
8271
8272
8273
8274
8275
8276
8277
8278
8279
8280
8430
8431
8432
8433
8434
8435
8436
8437
8438
8440
8439
8441
8442
8443
8444
8445
8451
8453
8452
8446
8447
8448
8449
8450
8713
8715
8716
8717
8718
8719
8720
8721
8722
8723
8724
8725
8726
8727
8728
8729
8730
8731
8732
8733
8734
8735
8736
8737
8738
8739
8740
8741
8742
8743
8744
8745
8773
8772
8771
8770
8746
8747
8748
8749
8750
8751
8752
8753
8754
8755
8756
8757
8758
8759
8760
8761
8762
8763
8764
8765
8766
8767
8768
8769
8798
8802
8803
8801
8800
8799
8774
8775
8776
8777
8778
8779
8780
8781
8782
8783
8784
8785
8786
8787
8788
8789
8790
8791
8792
8793
8794
8795
8796
8797
9169
9170
9171
9172
9173
9174
9175
9176
9177
9178
9179
9180
9181
9182
9184
9183
9194
9185
9186
9187
9188
9189
9190
9191
9192
9193
9204
9207
9206
9205
9195
9196
9197
9198
9199
9200
9201
9202
9203
9256
9257
9258
9259
9260
9261
9262
9263
9264
9265
9266
9267
9268
9269
9270
9271
9272
9273
9274
9275
9276
9277
9278
9279
9280
9281
9282
9283
9284
9285
9286
9287
9288
9289
9290
9291
9292
9293
9294
9295
9296
9297
9298
9299
9300
9301
9302
9303
9304
9305
9306
9307
9308
9309
9310
9311
9312
9313
9314
9315
9316
9317
9318
9319
9320
9321
9322
9323
9324
9332
9331
9330
9329
9333
9397
9362
9363
9364
9365
9366
9334
9335
9336
9337
9338
9339
9340
9341
9342
9343
9344
9345
9346
9347
9348
9349
9350
9351
9352
9353
9354
9355
9356
9357
9358
9359
9360
9361
9367
9368
9369
9370
9371
9372
9373
9374
9375
9376
9377
9378
9379
9380
9381
9382
9383
9384
9385
9386
9387
9388
9389
9390
9391
9392
9393
9394
9395
9396
9464
9463
9462
9461
9465
9466
9426
9427
9428
9429
9430
9398
9399
9400
9401
9402
9403
9404
9405
9406
9407
9408
9409
9410
9411
9412
9413
9414
9415
9416
9417
9418
9419
9420
9421
9422
9423
9424
9425
9431
9432
9433
9434
9435
9436
9437
9438
9439
9440
9441
9442
9443
9444
9445
9446
9447
9448
9449
9450
9451
9452
9453
9454
9455
9456
9457
9458
9459
9460
9604
9605
9606
9607
9608
9609
9610
9611
9615
9616
9617
9618
9619
9620
9621
9622
9623
9624
9625
9626
9627
9628
9629
9630
9631
9632
9633
9634
9635
9636
9637
9638
9639
9640
9641
9642
9643
9644
9645
9646
9647
9648
9661
9650
9655
9656
9658
9657
9653
9651
9659
9654
9652
9662
9660
9691
9690
9677
9678
9679
9680
9681
9682
9683
9684
9685
9686
9687
9688
9689
9663
9664
9665
9666
9667
9668
9669
9670
9671
9672
9673
9674
9675
9676
9732
9719
9725
9726
9728
9727
9722
9720
9730
9723
9721
9733
9731
9729
9724
9706
9707
9708
9709
9710
9711
9712
9713
9714
9715
9716
9717
9718
9692
9693
9694
9695
9696
9697
9698
9699
9700
9701
9702
9703
9704
9705
10218
10219
10220
10221
10222
10223
10224
10225
10226
10227
10228
10229
10230
10231
10232
10234
10233
10245
10243
10244
10235
10236
10237
10238
10239
10240
10241
10242
10270
10272
10271
10273
10268
10269
10260
10261
10262
10263
10264
10265
10266
10267
10378
10379
10380
10381
10382
10383
10384
10385
10394
10395
10396
10397
10398
10399
10400
10401
10402
10403
10404
10405
10406
10407
10408
10409
10410
10421
10422
10423
10424
10425
10426
10427
10428
10429
10430
10431
10432
10433
10434
10435
10436
10437
10438
10439
10440
10441
10442
10443
10444
10445
10446
10447
10448
10449
10450
10451
10452
10456
10457
10458
10459
10460
10461
10462
10463
10464
10465
10510
10511
10512
10513
10514
10515
10516
10517
10565
10553
10554
10555
10556
10557
10558
10559
10560
10561
10562
10563
10566
10568
10518
10519
10520
10521
10522
10523
10524
10525
10526
10527
10528
10529
10530
10531
10532
10533
10534
10535
10536
10537
10538
10539
10540
10541
10542
10543
10544
10545
10546
10547
10548
10549
10550
10551
10552
10564
10567
10578
10584
10571
10572
10573
10574
10575
10576
10577
10579
10580
10581
10582
10583
10585
10586
10587
10588
10589
10590
10591
10592
10569
10570
10699
10676
10679
10680
10681
10682
10683
10686
10687
10689
10692
10696
10705
10711
10640
10641
10642
10643
10644
10645
10646
10647
10648
10649
10650
10651
10652
10653
10654
10655
10656
10657
10658
10659
10660
10661
10662
10663
10664
10665
10666
10667
10668
10669
10670
10671
10672
10673
10674
10697
10708
10694
10703
10678
10684
10685
10688
10690
10691
10693
10695
10698
10700
10701
10702
10704
10706
10707
10709
10710
10712
10713
10714
10675
10677
10810
10811
10812
10813
10814
10815
10816
10819
10818
10820
10817
10821
10822
10823
10829
10828
10830
10827
10831
10825
10826
11321
11322
11323
11324
11325
11326
11327
11328
11329
11330
11331
11332
11333
11334
11335
11336
11337
11338
11339
11340
11341
11342
11343
11344
11345
11346
11347
11364
11348
11349
11350
11351
11352
11353
11354
11355
11356
11357
11358
11359
11360
11361
11362
11363
11365
11366
11367
11368
11369
11370
11371
11372
11373
11374
11401
11375
11376
11377
11378
11379
11380
11381
11382
11383
11384
11385
11386
11387
11388
11389
11390
11391
11392
11393
11394
11395
11396
11397
11398
11399
11400
11511
11512
11544
11545
11546
11547
11548
11549
11550
11551
11552
11553
11554
11555
11556
11557
11558
11559
11560
11561
11562
11563
11564
11565
11566
11567
11568
11569
11570
11571
11572
11573
11574
11575
11576
11577
11578
11579
11580
11581
11582
11583
11584
11585
11586
11587
11588
11589
11590
11591
11592
11593
11594
11611
11612
11595
11596
11597
11598
11599
11600
11601
11602
11603
11604
11605
11606
11607
11608
11609
11610
11613
11614
11615
11616
11617
11618
11619
11620
11621
11622
11623
11624
11625
11626
11627
11628
11629
11630
11631
11632
11633
11634
11635
11636
11637
11638
11639
11640
11641
11642
11643
11693
11694
11660
11661
11644
11645
11646
11647
11648
11649
11650
11651
11652
11653
11654
11655
11656
11657
11658
11659
11662
11663
11664
11665
11666
11667
11668
11669
11670
11671
11672
11673
11674
11675
11676
11677
11678
11679
11680
11681
11682
11683
11684
11685
11686
11687
11688
11689
11690
11691
11692
11720
11721
11723
11724
11725
11726
11727
11728
11729
11730
11731
11732
11733
11734
11735
11736
11737
11738
11739
11740
11741
11742
11743
11744
11745
11746
11747
11748
11749
11750
11751
11752
11753
11754
11769
11770
11771
11755
11756
11757
11758
11759
11760
11761
11762
11763
11764
11765
11766
11767
11768
12443
12444
12445
12446
12447
12448
12449
12450
12451
12461
12462
12463
12464
12465
12466
12467
12468
12469
12470
12471
12472
12473
12474
12475
12476
12477
12480
12481
12478
12479
12502
12497
12499
12503
12498
12500
12501
12496
12483
12484
12485
12486
12487
12488
12489
12490
12491
12492
12493
12494
12495
12482
12523
12528
12518
12521
12527
12520
12524
12529
12522
12525
12526
12519
12505
12506
12507
12508
12509
12510
12511
12512
12513
12514
12515
12516
12517
12504
12854
12855
12856
12857
12858
12859
12860
12861
12862
12863
12864
12865
12866
12867
12868
12869
12870
12872
12873
12874
12875
12876
12877
12878
12879
12880
12901
12902
12899
12898
12900
12893
12894
12895
12896
12897
12881
12882
12883
12884
12885
12886
12887
12888
12889
12890
12891
12892
12904
12905
12906
12903
12931
12932
12929
12928
12930
12923
12924
12925
12926
12927
12907
12908
12909
12910
12911
12912
12913
12918
12919
12920
12921
12922
12915
12916
12917
12914
13099
13100
13140
13141
13142
13143
13144
13145
13146
13147
13148
13149
13150
13151
13152
13153
13154
13155
13156
13157
13158
13159
13160
13161
13162
13163
13164
13165
13166
13167
13168
13169
13170
13171
13172
13173
13174
13175
13176
13177
13178
13179
13180
13181
13182
13183
13184
13185
13186
13187
13188
13189
13190
13191
13192
13193
13194
13195
13196
13197
13198
13199
13200
13201
13202
13203
13204
13205
13206
13207
13208
13209
13210
13211
13212
13213
13214
13225
13228
13226
13215
13230
13224
13223
13217
13218
13221
13216
13229
13222
13227
13220
13219
13291
13231
13232
13233
13234
13235
13236
13237
13238
13239
13240
13241
13242
13243
13244
13245
13246
13247
13248
13249
13250
13251
13252
13253
13254
13255
13256
13257
13258
13259
13260
13261
13262
13263
13264
13265
13266
13267
13268
13269
13270
13271
13272
13273
13274
13275
13276
13277
13278
13279
13280
13281
13282
13283
13284
13285
13286
13287
13288
13289
13290
13363
13366
13364
13352
13368
13362
13361
13354
13355
13359
13353
13367
13360
13365
13358
13356
13357
13292
13293
13294
13295
13296
13297
13298
13299
13300
13301
13302
13303
13304
13305
13306
13307
13308
13309
13310
13311
13312
13313
13314
13315
13316
13317
13318
13319
13320
13321
13322
13323
13324
13325
13326
13327
13328
13329
13330
13331
13332
13333
13334
13335
13336
13337
13338
13339
13340
13341
13342
13343
13344
13345
13346
13347
13348
13349
13350
13351
13439
13440
13441
13442
13443
13444
13445
13446
13458
13459
13460
13461
13462
13463
13464
13465
13466
13467
13468
13469
13470
13471
13472
13473
13474
13475
13476
13477
13478
13479
13480
13481
13482
13483
13484
13485
13486
13487
13488
13489
13490
13491
13492
13493
13494
13495
13496
13497
13498
13499
13500
13501
13513
13512
13506
13510
13509
13507
13514
13515
13511
13508
13516
13502
13503
13504
13505
13530
13531
13532
13533
13534
13535
13536
13537
13538
13539
13540
13541
13542
13543
13544
13545
13546
13547
13548
13549
13550
13551
13552
13553
13517
13518
13519
13520
13521
13522
13523
13524
13525
13526
13527
13528
13529
13602
13601
13595
13599
13598
13596
13603
13604
13600
13597
13605
13567
13568
13569
13570
13571
13572
13573
13574
13575
13576
13577
13578
13579
13580
13581
13582
13583
13584
13585
13586
13587
13588
13589
13590
13591
13592
13593
13594
13554
13555
13556
13557
13558
13559
13560
13561
13562
13563
13564
13565
13566
13722
13723
13724
13725
13726
13727
13728
13729
13747
13748
13749
13750
13751
13752
13753
13754
13755
13756
13757
13758
13759
13760
13761
13762
13763
13770
13764
13771
13765
13766
13767
13768
13769
13787
13788
13772
13773
13774
13775
13776
13777
13778
13779
13780
13781
13782
13783
13784
13785
13786
13811
13804
13812
13805
13806
13807
13808
13809
13810
13813
13789
13790
13791
13792
13793
13794
13795
13796
13797
13798
13799
13800
13801
13802
13803
13882
13883
13890
13891
13892
13893
13894
13895
13896
13897
13898
13899
13901
13902
13903
13904
13905
13906
13907
13908
13909
13910
13911
13912
13913
13914
13915
13916
13917
13918
13919
13942
13921
13938
13931
13922
13934
13943
13937
13925
13920
13941
13924
13936
13939
13940
13944
13935
13923
13926
13927
13928
13929
13930
13932
13933
13949
13950
13946
13947
13948
13945
14021
13998
14017
14008
13999
14013
14022
14016
14002
13997
14020
14001
14015
14018
14019
14023
14014
14000
14003
14004
14005
14006
14007
14009
14010
14011
14012
13994
13995
13996
13993
14126
14127
14128
14129
14130
14131
14132
14133
14134
14139
14140
14141
14142
14143
14144
14145
14146
14147
14148
14149
14150
14151
14152
14153
14154
14155
14172
14173
14170
14171
14167
14168
14169
14158
14159
14160
14161
14162
14163
14164
14165
14166
14156
14157
14190
14191
14193
14195
14192
14194
14188
14189
14185
14186
14187
14176
14177
14178
14179
14180
14181
14182
14183
14184
14174
14175
14627
14628
14954
14955
14956
14957
14958
14959
14960
14961
14962
14963
14964
14965
14966
14967
14968
14969
14970
14971
14972
14973
14974
14975
14976
14977
14978
14979
14980
14981
14982
14983
14984
14985
14986
14987
14988
14989
14990
14991
14992
14993
14994
14995
14996
14997
14998
14999
15019
15020
15021
15022
15000
15001
15002
15003
15004
15005
15006
15007
15008
15009
15010
15011
15012
15013
15014
15015
15016
15017
15018
15115
15143
15144
15145
15146
15147
15148
15149
15150
15151
15152
15153
15154
15155
15156
15157
15158
15159
15160
15161
15162
15163
15164
15165
15166
15167
15168
15169
15170
15171
15172
15173
15174
15175
15176
15177
15178
15179
15180
15181
15182
15183
15184
15185
15186
15187
15188
15189
15190
15191
15235
15236
15234
15237
15218
15219
15220
15221
15222
15223
15224
15225
15226
15227
15228
15229
15230
15231
15232
15233
15192
15193
15194
15195
15196
15197
15198
15199
15200
15201
15202
15203
15204
15205
15206
15207
15208
15209
15210
15211
15212
15213
15214
15215
15216
15217
15284
15285
15282
15283
15281
15286
15265
15266
15267
15268
15269
15270
15271
15272
15273
15274
15275
15276
15277
15278
15279
15280
15239
15240
15241
15242
15243
15244
15245
15246
15247
15248
15249
15250
15251
15252
15253
15254
15255
15256
15257
15258
15259
15260
15261
15262
15263
15264
15304
15305
15306
15307
15308
15309
15310
15311
15312
15313
15314
15315
15316
15317
15318
15319
15320
15321
15322
15323
15324
15325
15326
15327
15328
15329
15330
15331
15332
15333
15334
15335
15336
15337
15338
15355
15356
15354
15339
15340
15341
15342
15343
15344
15345
15346
15347
15348
15349
15350
15351
15352
15353
15365
15366
15367
15368
15369
15370
15371
15372
15373
15374
15358
15359
15360
15361
15362
15363
15364
15408
15409
15407
15392
15393
15394
15395
15396
15397
15398
15399
15400
15401
15402
15403
15404
15405
15406
15382
15383
15384
15385
15386
15387
15388
15389
15390
15391
15375
15376
15377
15378
15379
15380
15381
15550
15551
15552
15553
15554
15555
15556
15557
15558
15588
15589
15590
15591
15592
15593
15594
15595
15596
15597
15598
15599
15600
15601
15602
15603
15604
15605
15606
15607
15608
15609
15610
15611
15612
15613
15614
15615
15616
15617
15618
15619
15620
15621
15622
15623
15624
15625
15626
15627
15628
15651
15652
15653
15629
15630
15631
15632
15633
15634
15635
15636
15637
15638
15639
15640
15641
15642
15643
15644
15645
15646
15647
15648
15649
15650
16166
16167
16168
16169
16170
16171
16172
16173
16174
16175
16176
16177
16178
16179
16180
16181
16182
16183
16184
16185
16186
16187
16188
16189
16190
16191
16192
16193
16194
16195
16196
16197
16198
16199
16200
16201
16202
16203
16204
16205
16206
16207
16208
16209
16210
16211
16212
16213
16214
16215
16216
16217
16218
16219
16220
16221
16222
16223
16224
16225
16226
16227
16228
16229
16230
16231
16263
16264
16232
16233
16234
16235
16236
16237
16238
16239
16240
16241
16242
16243
16244
16245
16246
16247
16248
16249
16250
16251
16252
16253
16254
16255
16256
16257
16258
16259
16260
16261
16262
16285
16286
16288
16289
16290
16291
16292
16293
16294
16295
16296
16297
16636
16637
16638
16639
16640
16643
16644
16645
16646
16647
16648
16649
16650
16651
16652
16653
16654
16663
16655
16656
16657
16658
16659
16660
16661
16662
16672
16673
16674
16675
16676
16664
16665
16666
16667
16668
16669
16670
16671
16702
16703
16704
16705
16706
16707
16708
16711
16712
16713
16714
16715
17426
17427
17428
17429
17430
17431
17432
17433
17434
17435
17436
17437
17438
17439
17440
17441
17442
17443
17444
17445
17446
17447
17448
17449
17450
17451
17452
17453
17454
17481
17455
17456
17457
17458
17459
17460
17461
17462
17463
17464
17465
17466
17467
17468
17469
17470
17471
17472
17473
17474
17475
17476
17477
17478
17479
17480
17509
17508
17482
17483
17484
17485
17486
17487
17488
17489
17490
17491
17492
17493
17494
17495
17496
17497
17498
17499
17500
17501
17502
17503
17504
17505
17506
17507
18275
18276
18277
18289
18290
18291
18292
18293
18294
18295
18296
18297
18298
18299
18300
18301
18302
18303
18304
18306
18307
18308
18309
18310
18305
18311
18312
18313
18314
18315
18316
18317
18318
18319
18320
18321
18322
18323
18338
18339
18340
18341
18342
18324
18325
18326
18327
18328
18329
18330
18331
18332
18333
18334
18335
18336
18337
18379
18380
18415
18416
18417
18418
18419
18422
18420
18421
18425
18423
18426
18424
18432
18427
18430
18431
18428
18433
18429
18487
18525
18526
18527
18528
18529
18530
18531
18532
18554
18555
18556
18557
18558
18559
18560
18561
18562
18563
18564
18565
18566
18567
18570
18568
18574
18573
18569
18572
18571
18575
18590
18587
18588
18589
18576
18577
18578
18579
18580
18581
18582
18583
18584
18585
18586
18607
18605
18612
18610
18606
18609
18608
18613
18611
18602
18603
18604
18591
18592
18593
18594
18595
18596
18597
18598
18599
18600
18601
18634
18635
18636
18637
18638
18639
18640
18641
18642
18646
18645
18644
18643
18647
18648
18649
18650
18651
18660
18659
18658
18654
18652
18653
18655
18656
18657
18976
18977
18978
18979
18980
18981
18982
18983
18984
18985
18986
18987
18988
18989
19026
19027
19028
19029
19030
19031
19032
19033
19034
19035
19036
19037
19038
19039
19040
19041
19042
19043
19044
19045
19046
19047
19048
19049
19050
19051
19052
19053
19054
19055
19056
19057
19058
19059
19060
19061
19084
19085
19086
19062
19063
19064
19065
19066
19067
19068
19069
19070
19071
19072
19073
19074
19075
19076
19077
19078
19079
19080
19081
19082
19083
19113
19114
19115
19137
19138
19139
19140
19142
19141
19147
19148
19150
19149
19168
19169
19170
19226
19224
19225
19321
19324
19325
19326
19327
19328
19329
19330
19331
19332
19333
19335
19336
19337
19338
19339
19340
19341
19342
19343
19344
19345
19346
19347
19348
19349
19350
19351
19352
19353
19354
19356
19357
19358
19359
19360
19361
19362
19363
19364
19365
19366
19370
19372
19368
19373
19369
19367
19371
19397
19407
19398
19408
19401
19403
19405
19404
19400
19402
19399
19406
19376
19377
19378
19379
19382
19383
19384
19385
19386
19387
19388
19389
19390
19391
19394
19395
19396
19380
19381
19374
19375
19392
19393
19439
19445
19433
19450
19436
19432
19444
19434
19448
19435
19449
19440
19442
19446
19443
19438
19441
19437
19447
19411
19412
19413
19414
19417
19418
19419
19420
19421
19422
19423
19424
19425
19426
19429
19430
19431
19415
19416
19409
19410
19427
19428
19484
19486
19487
19488
19489
19490
19491
19492
19493
19494
19495
19503
19502
19500
19501
19504
19496
19497
19498
19499
19505
19506
19516
19515
19513
19514
19517
19509
19510
19511
19512
19507
19508
19571
19572
19573
19574
19575
19576
19577
19578
19579
19580
19581
19582
19583
19584
19585
19586
19587
19588
19589
19590
19591
19592
19595
19597
19596
19594
19593
19612
19613
19614
19598
19599
19600
19601
19602
19603
19604
19605
19606
19607
19608
19609
19610
19611
19634
19636
19635
19633
19632
19629
19630
19631
19615
19616
19617
19618
19619
19620
19621
19622
19623
19624
19625
19626
19627
19628
19697
19698
19699
19700
19701
19702
19703
19704
19705
19722
19723
19724
19725
19726
19727
19728
19729
19730
19731
19732
19787
19788
19789
19790
19791
19792
19793
19794
19795
19796
19797
19798
19799
19800
19801
19802
19803
19804
19805
19806
19807
19808
19809
19810
19811
19812
19813
19814
19815
19816
19817
19818
19819
19820
19821
19822
19823
19824
19825
19826
19827
19828
19829
19830
19831
19832
19833
19834
19835
19836
19837
19838
19839
19840
19841
19842
19843
19844
19845
19846
19847
19850
19854
19862
19855
19849
19856
19860
19851
19848
19857
19853
19859
19852
19861
19858
19928
19883
19863
19876
19877
19864
19865
19866
19867
19868
19869
19870
19871
19872
19873
19874
19875
19878
19879
19880
19881
19882
19884
19885
19886
19887
19888
19889
19890
19891
19892
19893
19894
19895
19896
19897
19898
19899
19900
19901
19902
19903
19904
19905
19906
19907
19908
19909
19910
19911
19912
19913
19914
19915
19916
19917
19918
19919
19920
19921
19922
19923
19924
19925
19926
19927
19997
20001
20009
20002
19996
20003
20007
19998
19995
20004
20000
20006
19999
20008
20005
19994
19949
19929
19942
19943
19930
19931
19932
19933
19934
19935
19936
19937
19938
19939
19940
19941
19944
19945
19946
19947
19948
19950
19951
19952
19953
19954
19955
19956
19957
19958
19959
19960
19961
19962
19963
19964
19965
19966
19967
19968
19969
19970
19971
19972
19973
19974
19975
19976
19977
19978
19979
19980
19981
19982
19983
19984
19985
19986
19987
19988
19989
19990
19991
19992
19993
20106
20107
20108
20109
20180
20181
20182
20183
20184
20185
20186
20187
20188
20189
20190
20191
20192
20193
20194
20195
20196
20197
20198
20199
20200
20201
20202
20203
20204
20205
20206
20207
20208
20209
20212
20210
20211
20243
20213
20214
20215
20216
20217
20218
20219
20220
20221
20222
20223
20224
20225
20226
20227
20228
20229
20230
20231
20232
20233
20234
20235
20236
20237
20238
20239
20240
20241
20242
20277
20274
20275
20276
20244
20245
20246
20247
20248
20249
20250
20251
20252
20253
20254
20255
20256
20257
20258
20259
20260
20261
20262
20263
20264
20265
20266
20267
20268
20269
20270
20271
20272
20273
20380
20381
20382
20383
20384
20400
20401
20402
20403
20404
20405
20406
20407
20408
20409
20411
20412
20413
20414
20415
20416
20417
20418
20419
20420
20421
20422
20423
20424
20425
20426
20427
20428
20429
20430
20431
20432
20433
20434
20435
20436
20437
20438
20439
20440
20441
20442
20443
20444
20445
20446
20447
20448
20449
20450
20451
20452
20453
20454
20455
20456
20457
20458
20459
20460
20461
20462
20463
20464
20465
20466
20467
20468
20469
20470
20471
20472
20473
20474
20475
20476
20477
20478
20479
20480
20481
20482
20483
20484
20485
20487
20488
20486
20571
20575
20565
20563
20574
20573
20572
20568
20570
20567
20569
20566
20564
20524
20525
20526
20527
20528
20529
20530
20531
20532
20533
20534
20535
20536
20537
20538
20539
20540
20541
20542
20543
20544
20545
20546
20489
20490
20491
20492
20493
20494
20495
20496
20497
20498
20499
20500
20501
20519
20520
20521
20522
20523
20547
20548
20549
20550
20551
20552
20553
20554
20555
20556
20557
20558
20559
20560
20561
20562
20506
20507
20508
20509
20510
20511
20512
20513
20514
20515
20516
20517
20518
20502
20503
20504
20505
20663
20664
20654
20660
20666
20653
20651
20665
20662
20661
20657
20659
20656
20658
20655
20652
20612
20613
20614
20615
20616
20617
20618
20619
20620
20621
20622
20623
20624
20625
20626
20627
20628
20629
20630
20631
20632
20633
20634
20577
20578
20579
20580
20581
20582
20583
20584
20585
20586
20587
20588
20589
20607
20608
20609
20610
20611
20635
20636
20637
20638
20639
20640
20641
20642
20643
20644
20645
20646
20647
20648
20649
20650
20594
20595
20596
20597
20598
20599
20600
20601
20602
20603
20604
20605
20606
20590
20591
20592
20593
20881
20882
20884
20885
20886
20887
20888
20889
20890
20891
20892
20893
20894
20895
20904
20903
20905
20902
20899
20901
20900
20896
20897
20898
20906
20907
20908
20909
20922
20921
20923
20920
20917
20919
20918
20914
20915
20916
20910
20911
20912
20913
20944
20945
20946
20947
20948
20949
20950
20951
20952
20955
20956
20957
20961
20962
20963
20964
20959
20960
20958
20969
20968
20967
20966
20965
20974
20976
20977
20978
20971
20973
20970
20981
20980
20979
20975
20972
21148
21149
21150
21151
21168
21169
21170
21171
21172
21173
21174
21175
21176
21177
21178
21179
21180
21181
21182
21183
21184
21185
21186
21187
21188
21189
21190
21191
21192
21193
21194
21195
21196
21197
21198
21199
21200
21201
21202
21203
21204
21205
21206
21207
21208
21210
21211
21212
21213
21214
21215
21216
21217
21218
21219
21220
21221
21222
21273
21272
21275
21271
21274
21276
21270
21255
21256
21257
21258
21259
21260
21261
21262
21263
21264
21265
21266
21267
21223
21224
21225
21226
21227
21228
21229
21230
21231
21232
21233
21234
21235
21236
21237
21238
21239
21240
21241
21242
21243
21244
21245
21268
21269
21246
21247
21248
21249
21250
21251
21252
21253
21254
21328
21330
21327
21326
21331
21325
21329
21332
21324
21309
21310
21311
21312
21313
21314
21315
21316
21317
21318
21319
21320
21321
21277
21278
21279
21280
21281
21282
21283
21284
21285
21286
21287
21288
21289
21290
21291
21292
21293
21294
21295
21296
21297
21298
21299
21322
21323
21300
21301
21302
21303
21304
21305
21306
21307
21308
21547
21548
21549
21734
21735
21736
21737
21758
21759
21760
21761
21762
21763
21764
21765
21766
21767
21768
21769
21770
21771
21772
21773
21774
21775
21792
21793
21776
21777
21778
21779
21780
21781
21782
21783
21784
21785
21786
21787
21788
21789
21790
21791
21810
21813
21811
21812
21794
21795
21796
21797
21798
21799
21800
21801
21802
21803
21804
21805
21806
21807
21808
21809
21825
21826
21827
21828
21829
21830
21831
21832
21833
21834
21835
21836
21837
21838
21839
21840
21841
21842
21843
21844
21845
21846
21847
21848
21849
21850
21851
21852
21853
21854
21855
21856
21857
21858
21886
21887
21888
21872
21873
21874
21875
21876
21877
21878
21879
21880
21881
21882
21883
21884
21885
21889
21890
21891
21892
21893
21894
21895
21896
21897
21898
21899
21900
21901
21902
21903
21904
21905
21937
21938
21939
21906
21907
21908
21909
21910
21911
21912
21913
21914
21915
21916
21917
21918
21919
21920
21921
21922
21923
21924
21925
21926
21927
21928
21929
21930
21931
21932
21933
21934
21935
21936
22540
22541
22542
22543
22544
22545
22546
22564
22565
22566
22567
22568
22569
22570
22571
22572
22573
22574
22575
22576
22577
22579
22578
22592
22594
22593
22580
22581
22582
22583
22584
22585
22586
22587
22588
22589
22590
22591
22607
22608
22611
22609
22610
22613
22612
22595
22596
22597
22598
22599
22600
22601
22602
22603
22604
22605
22606
22805
22806
22807
22808
22809
22810
22814
22813
22812
22816
22815
22817
22823
22822
22820
22819
22818
22821
23092
23093
23094
23095
23096
23097
23098
23099
23100
23101
23102
23103
23104
23105
23106
23107
23108
23123
23124
23125
23126
23127
23128
23129
23130
23131
23132
23133
23134
23135
23136
23137
23138
23139
23140
23141
23142
23143
23144
23145
23146
23147
23148
23149
23150
23151
23152
23153
23154
23155
23156
23157
23158
23159
23160
23189
23188
23191
23190
23175
23176
23177
23178
23179
23180
23181
23182
23183
23184
23185
23186
23187
23161
23162
23163
23164
23165
23166
23167
23168
23169
23170
23171
23172
23173
23174
23205
23206
23207
23208
23209
23210
23211
23212
23213
23214
23215
23192
23193
23194
23195
23196
23197
23198
23199
23200
23201
23202
23203
23204
23268
23267
23270
23269
23230
23231
23232
23233
23234
23235
23236
23237
23238
23239
23240
23241
23242
23216
23217
23218
23219
23220
23221
23222
23223
23224
23225
23226
23227
23228
23229
23256
23257
23258
23259
23260
23261
23262
23263
23264
23265
23266
23243
23244
23245
23246
23247
23248
23249
23250
23251
23252
23253
23254
23255
23286
23287
23288
23289
23303
23304
23305
23306
23309
23310
23307
23308
24026
24028
24029
24030
24031
24032
24033
24034
24035
24036
24037
24038
24039
24040
24041
24042
24043
24044
24045
24046
24047
24048
24049
24050
24051
24052
24053
24054
24067
24068
24055
24056
24057
24058
24059
24060
24061
24062
24063
24064
24065
24066
24471
24472
24473
24474
24475
24476
24477
24479
24480
24481
24482
24483
24484
24485
24486
24487
24488
24502
24503
24504
24505
24506
24507
24508
24509
24510
24511
24518
24519
24520
24521
24522
24523
24524
24525
24526
24527
24542
24543
24544
24545
24546
24547
24548
24549
24550
24551
24552
24553
24569
24568
24567
24563
24557
24559
24556
24558
24555
24561
24554
24562
24560
24565
24564
24570
24566
24602
24599
24584
24585
24583
24593
24601
24590
24592
24591
24597
24595
24600
24598
24594
24589
24588
24596
24586
24587
24571
24572
24573
24574
24575
24576
24577
24578
24579
24580
24581
24582
24648
24646
24644
24636
24621
24630
24620
24623
24618
24634
24615
24635
24631
24639
24637
24649
24640
24651
24645
24617
24619
24616
24632
24650
24627
24629
24628
24642
24638
24647
24643
24633
24626
24625
24641
24622
24624
24603
24604
24605
24606
24607
24608
24609
24610
24611
24612
24613
24614
24701
24702
24703
24704
24705
24706
24707
24708
24709
24710
24711
24712
24713
24714
24715
24716
24717
24718
24719
24720
24735
24736
24734
24721
24722
24723
24724
24725
24726
24727
24728
24729
24730
24731
24732
24733
24750
24752
24753
24754
24751
24737
24738
24739
24740
24741
24742
24743
24744
24745
24746
24747
24748
24749
24840
24841
24842
24843
24844
24845
24847
24846
24848
24849
24851
24850
25744
25745
25746
25747
25748
25749
25750
25751
25752
25753
25754
25755
25756
25757
25758
25759
25760
25761
25762
25763
25764
25781
25765
25766
25767
25768
25769
25770
25771
25772
25773
25774
25775
25776
25777
25778
25779
25780
25798
25800
25799
25782
25783
25784
25785
25786
25787
25788
25789
25790
25791
25792
25793
25794
25795
25796
25797
25870
25871
25872
25873
25874
25875
25876
25877
25878
25879
25880
25881
25882
25883
25884
25885
25886
25887
25888
25889
25890
25891
25892
25893
25894
25895
25896
25897
25898
25899
25900
25901
25902
25903
25904
25905
25906
25907
25908
25909
25910
25911
25912
25913
25914
25915
25916
25917
25918
25919
25920
25921
25922
25923
25924
25925
25926
25927
25928
25929
25930
25931
25932
25933
25934
25935
25936
25937
25938
25939
25940
25941
25942
25943
25994
25995
25996
25997
25998
25944
25945
25946
25947
25948
25949
25950
25951
25952
25953
25954
25955
25956
25957
25958
25959
25960
25961
25962
25963
25964
25965
25966
25967
25968
25969
25970
25971
25972
25973
25974
25975
25976
25977
25978
25979
25980
25981
25982
25983
25984
25985
25986
25987
25988
25989
25990
25991
25992
25993
26000
26001
26002
26003
26004
26005
26006
26007
26008
26009
26010
26011
26012
26013
26014
26015
26016
26017
26018
26088
26089
26090
26091
26092
26019
26020
26021
26022
26023
26024
26025
26026
26027
26028
26029
26030
26031
26032
26033
26034
26035
26036
26037
26038
26039
26040
26041
26042
26043
26044
26045
26046
26047
26048
26049
26050
26051
26052
26053
26054
26055
26056
26057
26058
26059
26060
26061
26062
26063
26064
26065
26066
26067
26068
26069
26070
26071
26072
26073
26074
26075
26076
26077
26078
26079
26080
26081
26082
26083
26084
26085
26086
26087
26110
26111
26112
26113
26114
26115
26116
26117
26118
26119
26120
26121
26122
26123
26124
26125
26126
26127
26128
26129
26131
26132
26133
26134
26135
26136
26137
26138
26160
26159
26153
26154
26155
26156
26157
26158
26139
26140
26141
26142
26143
26144
26145
26146
26147
26148
26149
26150
26151
26152
26182
26183
26185
26184
26181
26175
26176
26177
26178
26179
26180
26161
26162
26163
26164
26165
26166
26167
26168
26169
26170
26171
26172
26173
26174
26204
26205
26206
26207
26208
26209
26210
26211
26212
26213
26214
26215
26216
26217
26218
26219
26220
26221
26222
26225
26226
26227
26228
26229
26230
26231
26232
26233
26234
26235
26236
26237
26238
26239
26240
26241
26242
26243
26244
26245
26246
26247
26248
26249
26250
26251
26252
26253
26254
26255
26256
26257
26258
26259
26260
26261
26262
26263
26264
26265
26266
26267
26268
26312
26311
26314
26313
26296
26297
26298
26299
26300
26301
26302
26303
26304
26305
26306
26307
26308
26309
26310
26288
26289
26290
26291
26292
26293
26294
26295
26281
26282
26283
26284
26285
26286
26287
26269
26270
26271
26272
26273
26274
26275
26276
26277
26278
26279
26280
26315
26316
26317
26318
26319
26320
26321
26322
26323
26324
26325
26326
26327
26328
26329
26330
26331
26392
26391
26394
26393
26376
26377
26378
26379
26380
26381
26382
26383
26384
26385
26386
26387
26388
26389
26390
26368
26369
26370
26371
26372
26373
26374
26375
26361
26362
26363
26364
26365
26366
26367
26349
26350
26351
26352
26353
26354
26355
26356
26357
26358
26359
26360
26332
26333
26334
26335
26336
26337
26338
26339
26340
26341
26342
26343
26344
26345
26346
26347
26348
27807
27808
27809
27810
27824
27825
27826
27827
27828
27829
27830
27831
27832
27833
27834
27835
27836
27837
27838
27839
27840
27841
27842
27843
27844
27845
27846
27847
27848
27849
27850
27851
27852
27853
27854
27855
27856
27857
27858
27859
27860
27861
27862
27863
27864
27865
27866
27867
27897
27898
27899
27900
27901
27868
27869
27870
27871
27872
27873
27874
27875
27876
27877
27878
27879
27880
27881
27882
27883
27884
27885
27886
27887
27888
27889
27890
27891
27892
27893
27894
27895
27896
27902
27903
27904
27905
27906
27907
27908
27909
27910
27911
27912
27913
27914
27915
27959
27960
27961
27962
27963
27916
27917
27918
27919
27920
27921
27922
27923
27924
27925
27926
27927
27928
27929
27930
27931
27932
27933
27934
27935
27936
27937
27938
27939
27940
27941
27942
27943
27944
27945
27946
27947
27948
27949
27950
27951
27952
27953
27954
27955
27956
27957
27958
28131
28132
28134
28133
29117
29118
29119
29120
29121
29122
29123
29124
29125
29126
29127
29128
29129
29130
29131
29132
29133
29134
29135
29136
29137
29138
29139
29140
29141
29142
29143
29144
29145
29146
29147
29148
29149
29150
29151
29152
29153
29154
29155
29156
29157
29158
29159
29160
29161
29162
29163
29164
29165
29166
29167
29168
29169
29170
29171
29172
29173
29174
29175
29176
29177
29178
29179
29210
29211
29212
29180
29181
29182
29183
29184
29185
29186
29187
29188
29189
29190
29191
29192
29193
29194
29195
29196
29197
29198
29199
29200
29201
29202
29203
29204
29205
29206
29207
29208
29209
29213
29214
29215
29216
29217
29218
29219
29220
29221
29222
29223
29224
29225
29226
29227
29228
29229
29230
29231
29232
29233
29234
29235
29236
29237
29238
29239
29240
29241
29242
29303
29304
29305
29243
29244
29245
29246
29247
29248
29249
29250
29251
29252
29253
29254
29255
29256
29257
29258
29259
29260
29261
29262
29263
29264
29265
29266
29267
29268
29269
29270
29271
29272
29273
29274
29275
29276
29277
29278
29279
29280
29281
29282
29283
29284
29285
29286
29287
29288
29289
29290
29291
29292
29293
29294
29295
29296
29297
29298
29299
29300
29301
29302
29397
29398
29399
29400
29401
29402
29403
29404
29405
29406
29407
29408
29416
29418
29417
29409
29410
29411
29412
29413
29414
29415
29427
29426
29429
29428
29419
29420
29421
29422
29423
29424
29425
29657
29658
29659
29660
29661
29662
29663
29664
29665
29666
29667
29668
29669
29670
29671
29672
29673
29674
29675
29676
29677
29678
29679
29680
29681
29682
29683
29684
29685
29686
29687
29688
29689
29690
29691
29692
29693
29694
29695
29696
29697
29698
29699
29700
29720
29721
29718
29719
29701
29702
29703
29704
29705
29706
29707
29708
29709
29710
29711
29712
29713
29714
29715
29716
29717
29722
29723
29724
29725
29726
29727
29728
29729
29730
29731
29732
29733
29734
29735
29736
29737
29738
29739
29740
29741
29742
29743
29744
29788
29789
29786
29787
29746
29747
29748
29749
29750
29751
29752
29753
29754
29755
29756
29757
29758
29759
29760
29761
29762
29763
29764
29765
29766
29767
29768
29769
29770
29771
29772
29773
29774
29775
29776
29777
29778
29779
29780
29781
29782
29783
29784
29785
30354
30355
30357
30358
30359
30360
30361
30362
30363
30364
30365
30366
30367
30368
30369
30371
30373
30374
30372
30370
30381
30382
30384
30383
30375
30376
30377
30378
30379
30380
30397
30399
30400
30398
30396
30392
30393
30395
30394
30386
30387
30388
30389
30390
30391
30428
30429
30430
30431
30432
30433
30434
30435
30437
30438
30439
30440
30441
30442
30443
30444
30445
30446
30447
30448
30449
30450
30451
30452
30453
30454
30455
30458
30456
30459
30460
30457
30475
30477
30478
30482
30476
30479
30480
30481
30469
30470
30471
30472
30473
30474
30466
30467
30468
30461
30462
30463
30464
30465
30503
30500
30504
30505
30501
30498
30502
30506
30510
30499
30507
30508
30509
30492
30493
30494
30495
30496
30497
30489
30490
30491
30484
30485
30486
30487
30488
30581
30582
30583
30584
30585
30603
30604
30605
30606
31178
31179
31180
31181
31182
31183
31184
31185
31186
31187
31188
31189
31190
31191
31199
31200
31201
31202
31203
31204
31205
31206
31207
31208
31209
31210
31211
31212
31224
31225
31226
31213
31214
31215
31216
31217
31218
31219
31220
31221
31222
31223
31279
31280
31281
31282
31289
31290
31291
31292
31294
31296
31293
31295
31297
31298
31299
31300
31306
31308
31305
31307
31301
31302
31303
31304
31372
31373
31374
31378
31379
31380
31381
31382
31383
31384
31385
31386
31387
31388
31389
31390
31391
31392
31393
31394
31395
31396
31397
31398
31399
31400
31401
31402
31403
31404
31405
31406
31407
31408
31409
31410
31411
31412
31413
31414
31415
31416
31417
31418
31419
31420
31421
31422
31423
31424
31425
31430
31426
31428
31429
31427
31443
31444
31445
31446
31447
31448
31449
31450
31451
31452
31453
31454
31455
31456
31457
31458
31459
31460
31461
31462
31463
31464
31465
31466
31467
31468
31469
31470
31471
31472
31473
31474
31475
31476
31439
31440
31441
31442
31431
31432
31433
31434
31435
31436
31437
31438
31527
31523
31525
31526
31524
31489
31490
31491
31492
31493
31494
31495
31496
31497
31498
31499
31500
31501
31502
31503
31504
31505
31506
31507
31508
31509
31510
31511
31512
31513
31514
31515
31516
31517
31518
31519
31520
31521
31522
31485
31486
31487
31488
31477
31478
31479
31480
31481
31482
31483
31484
31923
31924
31926
31927
31928
31929
31930
31931
31932
31933
31934
31935
31936
31937
31938
31939
31940
31941
31942
31943
31944
31945
31954
31955
31951
31952
31953
31946
31947
31948
31949
31950
31956
31957
31958
31959
31960
31961
31962
31963
31964
31965
31966
31967
31988
31989
31973
31974
31975
31968
31969
31970
31971
31972
31976
31977
31978
31979
31980
31981
31982
31983
31984
31985
31986
31987
32733
32734
32735
32736
32738
32739
32740
32741
32742
32743
32744
32745
32746
32747
32748
32749
32750
32752
32751
32767
32766
32753
32754
32755
32756
32757
32758
32759
32760
32761
32762
32763
32764
32765
32784
32782
32783
32781
32768
32769
32770
32771
32772
32773
32774
32775
32776
32777
32778
32779
32780
32796
32797
32798
32799
32800
32802
32803
32804
32805
32806
32807
32808
32809
32810
32811
32812
32813
32814
32815
32816
32817
32818
32819
32820
32821
32822
32823
32824
32825
32826
32827
32828
32829
32833
32832
32836
32835
32834
32830
32831
32839
32840
32841
32842
32837
32838
32848
32849
32850
32843
32844
32845
32846
32847
32851
32852
32853
32854
32855
32856
32857
32858
32859
32860
32861
32862
32893
32892
32896
32895
32894
32866
32867
32868
32869
32870
32871
32864
32865
32877
32878
32879
32872
32873
32874
32875
32876
32880
32881
32882
32883
32884
32885
32886
32887
32888
32889
32890
32891
33151
33152
33153
33154
33155
33156
33157
33158
33159
33160
33161
33176
33177
33178
33179
33180
33181
33182
33183
33185
33187
33186
33184
33199
33200
33201
33202
33188
33189
33190
33191
33192
33193
33194
33195
33196
33197
33198
33219
33221
33220
33218
33214
33215
33216
33217
33203
33204
33205
33206
33207
33208
33209
33210
33211
33212
33213
34062
34063
34065
34066
34067
34068
34069
34070
34071
34072
34073
34074
34075
34076
34077
34078
34079
34080
34081
34082
34083
34084
34085
34086
34087
34088
34089
34090
34091
34092
34093
34094
34095
34096
34097
34098
34129
34130
34099
34100
34101
34102
34103
34104
34105
34106
34107
34108
34109
34110
34111
34112
34113
34114
34115
34116
34117
34118
34119
34120
34121
34122
34123
34124
34125
34126
34127
34128
34161
34162
34163
34164
34131
34132
34133
34134
34135
34136
34137
34138
34139
34140
34141
34142
34143
34144
34145
34146
34147
34148
34149
34150
34151
34152
34153
34154
34155
34156
34157
34158
34159
34160
34389
34390
34391
34392
34393
34395
34396
34397
34398
34399
34400
34401
34402
34403
34404
34405
34406
34407
34408
34410
34411
34409
34427
34425
34426
34412
34413
34414
34415
34416
34417
34418
34419
34420
34421
34422
34423
34424
34445
34446
34442
34444
34441
34443
34428
34429
34430
34431
34432
34433
34434
34435
34436
34437
34438
34439
34440
34490
34491
34492
34493
34495
34496
34497
34498
34499
34500
34501
34502
34503
34504
34505
34506
34507
34508
34509
34510
34511
34512
34513
34514
34515
34516
34517
34518
34519
34520
34521
34522
34523
34524
34525
34526
34527
34528
34529
34530
34531
34532
34533
34534
34535
34536
34537
34569
34568
34570
34567
34538
34539
34540
34541
34542
34543
34544
34545
34546
34547
34548
34549
34550
34551
34552
34553
34554
34555
34556
34557
34558
34559
34560
34561
34562
34563
34564
34565
34566
34571
34572
34573
34574
34575
34576
34577
34578
34579
34580
34581
34582
34583
34584
34630
34629
34631
34628
34585
34586
34587
34588
34589
34590
34591
34592
34593
34594
34595
34596
34597
34598
34599
34600
34601
34602
34603
34604
34605
34606
34607
34608
34609
34610
34611
34612
34613
34614
34615
34616
34617
34618
34619
34620
34621
34622
34623
34624
34625
34626
34627
35043
35044
35045
35046
35047
35048
35049
35050
35051
35052
35053
35054
35055
35056
35057
35058
35059
35060
35061
35062
35063
35066
35068
35069
35067
35086
35085
35070
35071
35072
35073
35074
35075
35076
35077
35078
35079
35080
35081
35082
35083
35084
35102
35104
35105
35103
35107
35106
35087
35088
35089
35090
35091
35092
35093
35094
35095
35096
35097
35098
35099
35100
35101
35398
35399
35401
35402
35403
35404
35405
35406
35407
35408
35409
35410
35411
35412
35413
35414
35415
35416
35417
35418
35419
35705
35706
35707
35708
35709
35710
35711
35712
35713
35714
35715
35716
35717
35718
35719
35720
35721
35722
35723
35724
35725
35726
35727
35728
35729
35730
35731
35732
35733
35734
35735
35736
35737
35738
35739
35740
35741
35742
35743
35744
35745
35746
35747
35752
35754
35753
35769
35770
35771
35772
35773
35774
35782
35783
35784
35785
35786
35787
35788
35789
35790
35791
35792
35793
35794
35778
35779
35780
35781
35775
35776
35777
35755
35756
35757
35758
35759
35760
35761
35762
35763
35764
35765
35766
35767
35768
35835
35837
35836
35809
35810
35811
35812
35813
35814
35822
35823
35824
35825
35826
35827
35828
35829
35830
35831
35832
35833
35834
35818
35819
35820
35821
35815
35816
35817
35795
35796
35797
35798
35799
35800
35801
35802
35803
35804
35805
35806
35807
35808
36584
36585
36586
36587
36588
36589
36590
36591
36592
36593
36594
36595
36600
36599
36610
36609
36608
36601
36602
36603
36604
36605
36606
36607
36622
36620
36621
36619
36618
36611
36612
36613
36614
36615
36616
36617
36663
36664
36665
36667
36668
36669
36670
36671
36672
36673
36674
36675
36676
36679
36680
36681
36682
36683
36684
36685
36686
36687
36688
36689
36690
36691
36692
36693
36694
36695
36696
36697
36698
36699
36700
36701
36702
36703
36704
36705
36706
36707
36708
36709
36710
36711
36712
36713
36714
36715
36716
36717
36718
36719
36720
36723
36721
36726
36724
36722
36725
36775
36770
36767
36772
36765
36773
36769
36771
36768
36774
36766
36764
36735
36736
36737
36738
36739
36740
36741
36742
36743
36744
36745
36746
36747
36748
36749
36750
36751
36752
36753
36754
36755
36756
36757
36758
36759
36760
36761
36762
36763
36727
36728
36729
36730
36731
36732
36733
36734
36821
36817
36825
36823
36819
36824
36830
36822
36816
36827
36814
36828
36820
36826
36818
36829
36815
36813
36784
36785
36786
36787
36788
36789
36790
36791
36792
36793
36794
36795
36796
36797
36798
36799
36800
36801
36802
36803
36804
36805
36806
36807
36808
36809
36810
36811
36812
36776
36777
36778
36779
36780
36781
36782
36783
36874
36875
36876
36877
36878
36879
36880
36881
36885
36882
36883
36884
36890
36891
36889
36886
36887
36888
37181
37182
37183
37184
37185
37186
37187
37188
37189
37351
37352
37353
37354
37355
37356
37357
37359
37360
37361
37362
37363
37364
37365
37366
37367
37368
37369
37370
37371
37372
37373
37374
37375
37376
37377
37378
37379
37380
37381
37382
37383
37384
37385
37386
37387
37388
37389
37390
37391
37392
37393
37424
37425
37394
37395
37396
37397
37398
37399
37400
37401
37402
37403
37404
37405
37406
37407
37408
37409
37410
37411
37412
37413
37414
37415
37416
37417
37418
37419
37420
37421
37422
37423
37456
37457
37458
37459
37460
37461
37462
37426
37427
37428
37429
37430
37431
37432
37433
37434
37435
37436
37437
37438
37439
37440
37441
37442
37443
37444
37445
37446
37447
37448
37449
37450
37451
37452
37453
37454
37455
37603
37604
37606
37607
37608
37609
37610
37611
37612
37613
37614
37615
37616
37617
37618
37619
37620
37621
37622
37623
37639
37624
37625
37626
37627
37628
37629
37630
37631
37632
37633
37634
37635
37636
37637
37638
37655
37656
37657
37640
37641
37642
37643
37644
37645
37646
37647
37648
37649
37650
37651
37652
37653
37654
37725
37726
37728
37729
37730
37731
37732
37733
37734
37735
37736
37737
37738
37739
37740
37741
37742
37743
37744
37745
37746
37747
37748
37749
37750
37751
37752
37753
37754
37755
37756
37757
37758
37759
37760
37761
37762
37763
37764
37765
37766
37767
37778
37779
37768
37769
37770
37771
37772
37773
37774
37775
37776
37777
37780
37781
37782
37783
37784
37785
37786
37787
37788
37789
37790
37791
37792
37793
37794
37795
37796
37797
37798
37799
37800
37801
37802
37803
37804
37805
37806
37807
37808
37809
37850
37851
37810
37811
37812
37813
37814
37815
37816
37817
37818
37819
37820
37821
37822
37823
37824
37825
37826
37827
37828
37829
37830
37831
37832
37833
37834
37835
37836
37837
37838
37839
37840
37841
37842
37843
37844
37845
37846
37847
37848
37849
37894
37895
37897
37896
37939
37940
37941
37942
37943
37944
37945
37946
37947
37948
37949
37950
37951
37952
37953
37955
37956
37958
37959
37957
37973
37972
37969
37963
37964
37965
37966
37967
37968
37960
37961
37962
37970
37971
37989
37990
37987
37988
37986
37983
37977
37978
37979
37980
37981
37982
37974
37975
37976
37984
37985
38220
38221
38222
38223
38224
38225
38226
38227
38228
38229
38230
38231
38232
38233
38234
38235
38236
38237
38238
38239
38240
38241
38242
38243
38244
38245
38246
38247
38248
38249
38250
38251
38252
38253
38254
38255
38256
38257
38258
38259
38277
38278
38279
38260
38261
38262
38263
38264
38265
38266
38267
38268
38269
38270
38271
38272
38273
38274
38275
38276
38379
38380
38406
38407
38408
38409
38410
38411
38412
38413
38414
38415
38416
38417
38418
38419
38420
38421
38422
38423
38424
38425
38443
38441
38442
38462
38458
38457
38461
38459
38456
38460
38455
38444
38445
38446
38447
38448
38449
38450
38451
38452
38453
38454
38482
38475
38478
38484
38479
38477
38483
38480
38476
38481
38474
38463
38464
38465
38466
38467
38468
38469
38470
38471
38472
38473
38600
38601
38603
38604
38605
38606
38607
38608
38609
38610
38611
38612
38613
38614
38615
38616
38617
38618
38619
38620
38621
38622
38623
38624
38625
38626
38627
38628
38640
38641
38642
38629
38630
38631
38632
38633
38634
38635
38636
38637
38638
38639
38872
38873
38874
38875
38876
38877
38878
38879
38880
38881
38882
38883
38884
38885
38886
38889
38888
38890
38887
38903
38893
38894
38895
38896
38897
38898
38899
38900
38901
38902
38917
38916
38918
38914
38915
38904
38905
38906
38907
38908
38909
38910
38911
38912
38913
38990
38991
38992
38993
38994
38995
38996
38997
38998
38999
39000
39001
39002
39003
39004
39005
39006
39007
39008
39009
39010
39011
39012
39013
39014
39015
39016
39017
39018
39019
39020
39021
39022
39023
39024
39025
39026
39027
39028
39029
39030
39031
39032
39033
39034
39035
39036
39037
39038
39039
39040
39041
39042
39043
39044
39045
39046
39047
39074
39075
39076
39048
39049
39050
39051
39052
39053
39054
39055
39056
39057
39058
39059
39060
39061
39062
39063
39064
39065
39066
39067
39068
39069
39070
39071
39072
39073
39240
39241
39242
39243
39244
39245
39246
39247
39248
39249
39250
39251
39252
39253
39256
39255
39254
39257
39258
39259
39260
39261
39262
39263
39264
39265
39266
39267
39282
39281
39280
39269
39270
39271
39272
39273
39274
39275
39276
39277
39278
39279
39697
39698
39699
39700
39701
39702
39703
39704
39705
40058
40059
40060
40061
40062
40063
40064
40065
40076
40077
40078
40079
40080
40081
40082
40083
40084
40085
40086
40087
40088
40089
40090
40091
40092
40093
40094
40095
40096
40111
40112
40113
40114
40115
40116
40117
40118
40119
40120
40121
40122
40123
40124
40125
40126
40127
40128
40129
40130
40131
40132
40133
40134
40135
40136
40137
40138
40139
40140
40141
40142
40143
40148
40144
40146
40147
40145
40201
40196
40197
40204
40202
40199
40205
40194
40200
40203
40195
40198
40182
40183
40184
40185
40186
40187
40188
40189
40190
40191
40192
40193
40151
40152
40153
40157
40158
40159
40170
40171
40149
40150
40160
40161
40162
40163
40164
40165
40166
40167
40168
40169
40154
40155
40156
40172
40173
40174
40175
40176
40177
40178
40179
40180
40181
40262
40253
40259
40260
40258
40263
40254
40255
40266
40264
40257
40267
40251
40261
40265
40252
40256
40239
40240
40241
40242
40243
40244
40245
40246
40247
40248
40249
40250
40208
40209
40210
40214
40215
40216
40227
40228
40206
40207
40217
40218
40219
40220
40221
40222
40223
40224
40225
40226
40211
40212
40213
40229
40230
40231
40232
40233
40234
40235
40236
40237
40238
40744
40745
40746
40747
40748
40749
40750
40751
40752
40753
40754
40755
40756
40757
40758
40759
40760
40761
40762
40763
40764
40765
40766
40767
40768
40769
40770
40771
40772
40773
40774
40775
40776
40777
40778
40779
40780
40781
40782
40783
40784
40785
40786
40787
40788
40789
40790
40791
40792
40793
40794
40795
40796
40797
40798
40799
40800
40801
40802
40803
40804
40805
40813
40815
40817
40819
40816
40811
40820
40814
40821
40812
40818
40806
40807
40808
40809
40810
40822
40823
40824
40825
40826
40827
40828
40829
40830
40831
40832
40833
40834
40835
40836
40837
40838
40839
40840
40841
40842
40843
40844
40845
40846
40847
40848
40849
40850
40851
40852
40853
40854
40855
40856
40857
40858
40859
40860
40861
40862
40863
40864
40865
40866
40867
40921
40923
40925
40927
40924
40919
40928
40922
40929
40920
40926
40868
40869
40870
40871
40872
40873
40874
40875
40876
40877
40878
40879
40880
40881
40882
40883
40884
40885
40886
40887
40888
40889
40890
40891
40892
40893
40894
40895
40896
40897
40898
40899
40900
40901
40902
40903
40904
40905
40906
40907
40908
40909
40910
40911
40912
40913
40914
40915
40916
40917
40918
40941
40942
40943
40944
40945
40946
40947
40948
40949
40950
40951
40952
40953
40954
40955
40956
40963
40964
40957
40958
40959
40960
40961
40962
41080
41081
41082
41083
41084
41085
41086
41087
41088
41089
41090
41091
41092
41093
41094
41095
41096
41097
41098
41099
41100
41101
41102
41103
41104
41105
41106
41107
41108
41109
41110
41111
41112
41113
41114
41115
41116
41117
41118
41119
41120
41121
41122
41123
41124
41125
41126
41127
41128
41129
41130
41131
41132
41133
41134
41135
41136
41137
41141
41144
41143
41138
41139
41142
41140
41194
41195
41163
41164
41165
41166
41167
41168
41169
41170
41171
41172
41173
41174
41175
41176
41177
41178
41179
41145
41146
41147
41148
41149
41150
41151
41152
41153
41154
41155
41156
41157
41158
41159
41160
41161
41162
41180
41181
41182
41183
41184
41185
41186
41187
41188
41189
41190
41191
41192
41193
41249
41253
41252
41245
41247
41251
41248
41246
41250
41214
41215
41216
41217
41218
41219
41220
41221
41222
41223
41224
41225
41226
41227
41228
41229
41230
41196
41197
41198
41199
41200
41201
41202
41203
41204
41205
41206
41207
41208
41209
41210
41211
41212
41213
41231
41232
41233
41234
41235
41236
41237
41238
41239
41240
41241
41242
41243
41244
41502
41503
41504
41505
41506
41507
41508
41509
41510
41511
41513
41514
41515
41516
41517
41518
41519
41520
41521
41522
41531
41532
41523
41524
41525
41526
41527
41528
41529
41530
41841
41842
41843
41846
41847
41848
41849
41852
41850
41851
41853
41854
41855
41856
41863
41861
41862
41857
41858
41859
41860
42116
42117
42118
42119
42142
42143
42144
42145
42146
42147
42153
42152
42148
42149
42150
42151
42158
42159
42161
42160
42154
42155
42156
42157
42296
42297
42298
42299
42300
42301
42302
42303
42304
42305
42306
42307
42308
42309
42310
42311
42312
42313
42314
42315
42316
42317
42318
42319
42320
42321
42323
42322
42343
42345
42344
42328
42329
42330
42331
42332
42333
42334
42335
42336
42337
42338
42339
42340
42341
42342
42324
42325
42326
42327
42367
42371
42370
42366
42369
42368
42351
42352
42353
42354
42355
42356
42357
42358
42359
42360
42361
42362
42363
42364
42365
42347
42348
42349
42350
42422
42423
42424
42425
42426
42428
42429
42427
42431
42430
42433
42435
42432
42436
42434
42618
42619
42620
42621
42622
42623
42624
42625
42626
42627
42628
42629
42630
42631
42632
42633
42634
42635
42636
42637
42638
42639
42640
42653
42654
42641
42642
42643
42644
42645
42646
42647
42648
42649
42650
42651
42652
42672
42673
42674
42675
42676
42677
42678
42679
42680
42702
42703
42681
42682
42683
42684
42685
42686
42687
42688
42689
42690
42691
42692
42693
42694
42695
42696
42697
42698
42699
42700
42701
42720
42721
42722
42723
42724
42725
42745
42746
42747
42748
42749
42750
42751
42752
42753
42754
42755
42756
42757
42758
42759
42760
42761
42762
42763
42764
42765
42766
42767
42768
42769
42770
42771
42772
42773
42774
42775
42776
42777
42778
42779
42780
42781
42782
42783
42784
42785
42786
42787
42788
42789
42790
42791
42792
42793
42794
42795
42796
42797
42798
42799
42804
42803
42800
42802
42801
42805
42806
42807
42808
42809
42810
42811
42812
42813
42814
42815
42816
42817
42818
42819
42820
42831
42832
42833
42834
42835
42836
42837
42838
42839
42840
42841
42842
42843
42844
42845
42846
42847
42848
42849
42850
42851
42852
42853
42854
42855
42856
42857
42858
42859
42860
42821
42822
42823
42824
42825
42826
42827
42828
42829
42830
42920
42919
42916
42918
42917
42921
42861
42862
42863
42864
42865
42866
42867
42868
42869
42870
42871
42872
42873
42874
42875
42886
42887
42888
42889
42890
42891
42892
42893
42894
42895
42896
42897
42898
42899
42900
42901
42902
42903
42904
42905
42906
42907
42908
42909
42910
42911
42912
42913
42914
42915
42876
42877
42878
42879
42880
42881
42882
42883
42884
42885
42939
42940
42941
42984
42985
42986
42987
42988
42989
42990
42991
42992
42993
42994
42995
42996
42997
42998
42999
43000
43010
43009
43006
43008
43005
43007
43001
43002
43003
43004
43013
43014
43015
43016
43017
43018
43019
43020
43011
43012
43040
43039
43036
43038
43035
43037
43023
43024
43025
43026
43027
43028
43029
43030
43031
43032
43033
43034
43021
43022
43055
43056
43057
43058
43059
43060
43061
43062
43063
43064
43065
43066
43067
43068
43069
43070
43071
43072
43073
43074
43075
43076
43077
43078
43079
43080
43081
43082
43083
43084
43085
43086
43087
43088
43089
43090
43091
43092
43093
43094
43095
43097
43096
43136
43133
43134
43135
43118
43119
43120
43121
43122
43123
43124
43125
43126
43127
43128
43129
43130
43131
43132
43098
43099
43100
43101
43102
43103
43104
43105
43106
43107
43108
43109
43110
43111
43112
43113
43114
43115
43116
43117
43183
43182
43186
43181
43184
43185
43166
43167
43168
43169
43170
43171
43172
43173
43174
43175
43176
43177
43178
43179
43180
43146
43147
43148
43149
43150
43151
43152
43153
43154
43155
43156
43157
43158
43159
43160
43161
43162
43163
43164
43165
43739
43740
43741
43742
43744
43745
43746
43747
43748
43749
43750
43751
43752
43753
43754
43755
43758
43759
43757
43756
43760
43761
43762
43763
43764
43765
43766
43767
43768
43769
43770
43771
43785
43786
43784
43783
43787
43772
43773
43774
43775
43776
43777
43778
43779
43780
43781
43782
44018
44019
44020
44021
44022
44023
44024
44025
44026
44027
44028
44030
44029
44060
44061
44062
44063
44064
44065
44066
44074
44076
44075
44067
44068
44069
44070
44071
44072
44073
44181
44189
44190
44191
44192
44193
44194
44195
44196
44197
44198
44199
44200
44201
44210
44202
44203
44204
44205
44206
44207
44208
44209
44211
44212
44213
44214
44227
44215
44216
44217
44218
44219
44220
44221
44222
44223
44224
44225
44226
44801
44802
44803
44804
44805
44806
44807
44808
44809
44810
44811
44812
44813
44814
44815
44816
44817
44818
44819
44820
44821
44822
44823
44824
44825
44826
44827
44828
44829
44830
44833
44834
44835
44836
44837
44838
44839
44840
44841
44842
44843
44844
44845
44846
44847
44848
44849
44850
44851
44852
44853
44854
44855
44856
44857
44858
44859
44860
44861
44862
44863
44919
44920
44864
44865
44866
44867
44868
44869
44870
44871
44872
44873
44874
44875
44876
44877
44878
44879
44880
44881
44882
44883
44884
44885
44886
44887
44888
44889
44890
44891
44892
44893
44894
44895
44896
44897
44898
44899
44900
44901
44902
44903
44904
44905
44906
44907
44908
44909
44910
44911
44912
44913
44914
44915
44916
44917
44918
44977
44978
44976
44979
44921
44922
44923
44924
44925
44926
44927
44928
44929
44930
44931
44932
44933
44934
44935
44936
44937
44938
44939
44940
44941
44942
44943
44944
44945
44946
44947
44948
44949
44950
44951
44952
44953
44954
44955
44956
44957
44958
44959
44960
44961
44962
44963
44964
44965
44966
44967
44968
44969
44970
44971
44972
44973
44974
44975
45022
45023
45024
45025
45026
45027
45028
45029
45030
45031
45032
45033
45034
45035
45036
45037
45038
45039
45040
45041
45042
45043
45044
45045
45046
45047
45048
45049
45065
45066
45053
45054
45055
45056
45057
45058
45059
45060
45061
45062
45063
45064
45148
45149
45150
45151
45152
45155
45153
45154
45156
45157
45162
45160
45161
45158
45159
45211
45212
45213
45214
45215
45216
45217
45218
45219
45220
45221
45222
45223
45224
45225
45226
45227
45228
45229
45230
45231
45232
45233
45251
45252
45234
45235
45236
45237
45238
45239
45240
45241
45242
45243
45244
45245
45246
45247
45248
45249
45250
45279
45280
45277
45278
45260
45261
45262
45263
45264
45265
45266
45267
45268
45269
45270
45271
45272
45273
45274
45275
45276
45491
45517
45518
45519
45520
45521
45522
45523
45524
45525
45526
45527
45528
45529
45530
45531
45532
45533
45534
45535
45536
45537
45538
45539
45540
45541
45542
45543
45544
45545
45546
45547
45548
45619
45622
45621
45623
45618
45620
45624
45650
45636
45637
45638
45639
45640
45641
45642
45643
45625
45626
45627
45628
45629
45630
45631
45632
45633
45634
45635
45644
45645
45646
45647
45648
45649
45677
45680
45679
45681
45676
45678
45682
45683
45662
45663
45664
45665
45666
45667
45668
45669
45651
45652
45653
45654
45655
45656
45657
45658
45659
45660
45661
45670
45671
45672
45673
45674
45675
45687
45688
45689
45690
45691
45692
45693
45694
45699
45697
45696
45698
45700
45701
45702
45703
45711
45709
45708
45710
45704
45705
45706
45707
45763
45764
45765
45766
45767
45768
45769
45770
45773
45774
45775
45776
45777
45778
45779
45780
45781
45782
45783
45784
45785
45786
45787
45788
45789
45790
45797
45796
45795
45798
45791
45792
45793
45794
45803
45804
45805
45806
45807
45808
45809
45810
45811
45812
45799
45800
45801
45802
45813
45814
45815
45816
45841
45840
45839
45842
45821
45822
45823
45824
45825
45826
45827
45828
45829
45830
45831
45832
45833
45834
45817
45818
45819
45820
45835
45836
45837
45838
45915
45916
45917
45918
45919
45920
45921
45922
45931
45932
45933
45934
45935
45936
45937
45938
45939
45940
45941
45942
45943
45944
45945
45946
45947
45948
45949
45950
45956
45954
45951
45957
45955
45952
45953
45958
45959
45960
45963
45964
45965
45966
45967
45968
45969
45970
45971
45972
45973
45974
45975
45976
45977
45978
45961
45962
46004
46002
45999
46005
46003
46000
46001
46006
45979
45980
45983
45984
45985
45986
45987
45988
45989
45990
45991
45992
45993
45994
45995
45996
45997
45998
45981
45982
46053
46054
46055
46056
46057
46058
46059
46060
46061
46062
46063
46064
46065
46066
46067
46068
46069
46070
46071
46072
46073
46074
46075
46076
46077
46078
46079
46080
46104
46103
46087
46088
46089
46090
46091
46092
46093
46094
46095
46096
46097
46098
46099
46100
46101
46102
46081
46082
46083
46084
46085
46086
46128
46130
46129
46127
46111
46112
46113
46114
46115
46116
46117
46118
46119
46120
46121
46122
46123
46124
46125
46126
46105
46106
46107
46108
46109
46110
46610
46611
46612
46614
46615
46616
