21
20
22
19
0
1
2
3
4
5
6
7
8
9
10
11
12
13
14
15
16
17
18
4126
4124
4118
4114
4116
4117
4119
4125
4121
4111
4122
4110
4115
4120
4123
4113
4112
4092
4093
4094
4095
4096
4097
4098
4099
4100
4101
4102
4103
4104
4105
4074
4075
4076
4077
4078
4079
4080
4081
4082
4083
4084
4085
4086
4087
4088
4089
4090
4091
4106
4107
4108
4109
11696
11698
11699
11695
11697
14409
14407
14408
14401
14402
14403
14404
14405
14406
14376
14377
14378
14379
14380
14381
14382
14383
14384
14385
14386
14387
14388
14389
14390
14391
14392
14393
14394
14395
14396
14397
14398
14399
14400
15132
15136
15133
15142
15135
15134
15137
15140
15138
15139
15141
15124
15125
15126
15127
15128
15129
15130
15131
15116
15117
15118
15119
15120
15121
15122
15123
17007
17012
17013
17014
17009
17010
17011
17015
17006
17008
17000
17001
17002
17003
17004
17005
23922
23923
23924
23925
23908
23909
23910
23911
23912
23913
23914
23915
23916
23917
23918
23919
23920
23921
29045
29051
29046
29048
29044
29052
29050
29047
29053
29049
29039
29040
29041
29042
29043
32513
32515
32512
32514
32511
32510
35345
35337
35338
35339
35340
35341
35342
35343
35344
36641
36642
36624
36625
36626
36627
36628
36629
36630
36631
36632
36633
36634
36635
36636
36637
36638
36639
36640
38440
38426
38427
38428
38429
38430
38431
38432
38433
38434
38435
38436
38437
38438
38439
44451
44458
44459
44460
44450
44456
44452
44453
44449
44457
44454
44455
44445
44446
44447
44448
45615
45613
45612
45616
45614
45617
45586
45587
45588
45589
45590
45591
45592
45593
45594
45595
45561
45562
45563
45564
45565
45566
45567
45568
45569
45570
45571
45572
45573
45574
45549
45550
45551
45575
45576
45577
45578
45579
45580
45581
45582
45583
45584
45585
45552
45553
45554
45555
45556
45557
45558
45559
45560
45596
45597
45598
45599
45600
45601
45602
45603
45604
45605
45606
45607
45608
45609
45610
45611
47573
47576
47572
47575
47574
47558
47559
47560
47561
47562
47563
47564
47565
47566
47567
47568
47569
47570
47571
47544
47545
47546
47547
47548
47549
47550
47551
47552
47553
47554
47555
47556
47557
47665
47666
47668
47667
47669
47656
47657
47658
47659
47660
47661
47662
47663
47664
48806
48811
48803
48808
48812
48796
48807
48797
48805
48813
48814
48810
48802
48798
48800
48795
48799
48804
48809
48801
48777
48778
48779
48780
48781
48782
48783
48784
48785
48786
48787
48788
48789
48790
48791
48792
48793
48794
49770
49772
49771
49758
49759
49760
49761
49762
49763
49764
49765
49766
49767
49768
49769
49935
49936
49937
49938
49939
49940
49843
49844
49845
49846
49847
49848
49849
49850
49851
49852
49853
49854
49855
49856
49857
49858
49859
49860
49861
49862
49863
49864
49865
49866
49867
49868
49869
49870
49871
49872
49873
49874
49875
49876
49877
49878
49879
49880
49881
49882
49883
49884
49885
49886
49887
49888
49889
49890
49891
49892
49893
49894
49895
49896
49897
49898
49899
49900
49901
49902
49903
49904
49905
49906
49907
49908
49909
49910
49911
49912
49913
49914
49915
49916
49917
49918
49919
49920
49921
49922
49923
49924
49925
49926
49927
49928
49929
49930
49931
49932
49933
49934
2542
2543
2544
2944
2946
2943
2945
2947
2948
2919
2920
2921
2922
2923
2924
2925
2926
2927
2928
2910
2911
2912
2913
2914
2915
2916
2917
2918
2907
2908
2909
2929
2930
2931
2932
2933
2934
2935
2936
2937
2938
2939
2940
2941
2942
3120
3121
3114
3115
3116
3117
3118
3119
4335
4332
4334
4331
4333
4337
4330
4336
4287
4288
4289
4290
4291
4292
4293
4294
4295
4296
4297
4298
4299
4300
4301
4317
4318
4319
4320
4321
4322
4323
4324
4325
4326
4327
4328
4329
4281
4282
4283
4284
4285
4286
4302
4303
4304
4305
4306
4307
4308
4309
4310
4311
4312
4313
4314
4315
4316
5315
5316
5310
5311
5312
5313
5314
5309
5415
5373
5374
5375
5376
5377
5378
5379
5380
5381
5382
5383
5384
5385
5386
5387
5388
5389
5390
5391
5392
5393
5394
5395
5396
5397
5398
5399
5400
5401
5402
5403
5404
5405
5406
5407
5408
5409
5410
5411
5412
5413
5414
6193
6194
6192
6187
6188
6189
6190
6191
7346
7345
7321
7322
7323
7324
7325
7326
7327
7328
7329
7330
7331
7332
7333
7334
7335
7336
7337
7338
7339
7340
7341
7342
7343
7344
7320
7496
7495
7492
7490
7497
7494
7491
7493
7909
7913
7908
7911
7910
7912
7893
7894
7895
7896
7897
7898
7899
7900
7901
7902
7903
7904
7905
7906
7907
9255
9254
9211
9212
9213
9214
9215
9216
9217
9218
9219
9220
9221
9222
9223
9224
9225
9226
9227
9228
9229
9230
9231
9232
9233
9234
9235
9236
9237
9238
9239
9240
9241
9242
9243
9244
9245
9246
9247
9248
9249
9250
9251
9252
9253
9601
9598
9599
9597
9603
9591
9593
9592
9602
9600
9594
9595
9596
9588
9589
9590
9576
9577
9578
9579
9580
9581
9582
9583
9584
9585
9586
9587
10351
10352
10353
10361
10362
10363
10367
10371
10372
10373
10375
10377
10347
10348
10274
10275
10276
10277
10278
10279
10280
10281
10282
10283
10284
10285
10286
10287
10288
10289
10290
10291
10292
10293
10294
10295
10296
10297
10298
10299
10300
10301
10302
10303
10304
10305
10306
10307
10308
10309
10310
10311
10312
10313
10314
10315
10316
10317
10318
10319
10320
10321
10322
10323
10324
10325
10326
10327
10328
10329
10330
10331
10332
10333
10334
10335
10336
10337
10338
10339
10340
10341
10342
10343
10344
10345
10346
10358
10350
10354
10355
10364
10356
10357
10359
10360
10365
10366
10368
10369
10370
10374
10376
10349
10809
10806
10808
10807
10774
10775
10776
10777
10778
10779
10780
10781
10782
10783
10784
10785
10786
10787
10788
10789
10790
10791
10792
10793
10794
10795
10796
10797
10798
10799
10800
10801
10802
10803
10804
10805
11317
11318
11319
11320
11273
11274
11275
11276
11277
11278
11279
11280
11281
11282
11283
11284
11285
11286
11287
11288
11289
11290
11291
11292
11293
11294
11295
11296
11297
11298
11299
11300
11301
11302
11303
11304
11305
11306
11307
11308
11309
11310
11311
11312
11313
11314
11315
11316
11507
11503
11504
11506
11505
11508
11509
11510
11496
11497
11498
11499
11500
11501
11502
11487
11488
11489
11490
11491
11492
11493
11494
11495
11717
11718
11719
12434
12441
12438
12435
12442
12436
12439
12440
12437
12429
12430
12431
12432
12433
12851
12852
12853
12831
12832
12833
12834
12835
12828
12829
12830
12836
12837
12838
12839
12840
12841
12842
12843
12844
12845
12846
12847
12848
12849
12850
13098
13097
13090
13095
13094
13096
13092
13091
13093
13016
13017
13018
13023
13024
13025
13026
13027
13028
13029
13019
13020
13021
13022
13030
13031
13032
13033
13034
13035
13036
13037
13038
13039
13040
13041
13042
13043
13044
13045
13046
13047
13048
13049
13050
13051
13052
13053
13054
13055
13056
13057
13058
13059
13060
13061
13062
13063
13064
13065
13066
13067
13068
13069
13070
13071
13072
13073
13074
13075
13076
13077
13078
13079
13080
13081
13082
13083
13084
13085
13086
13087
13088
13089
13721
13719
13720
13714
13715
13716
13717
13718
13879
13862
13873
13850
13881
13877
13875
13872
13853
13855
13874
13878
13857
13851
13876
13866
13854
13852
13868
13861
13869
13856
13871
13867
13870
13880
13858
13859
13860
13863
13864
13865
13828
13829
13830
13831
13832
13833
13822
13823
13824
13825
13826
13827
13814
13815
13816
13817
13818
13819
13820
13821
13834
13835
13836
13837
13838
13839
13840
13841
13842
13843
13844
13845
13846
13847
13848
13849
14952
14953
14938
14939
14940
14941
14942
14943
14944
14945
14946
14947
14948
14949
14950
14951
15112
15114
15113
15086
15087
15088
15089
15090
15091
15092
15093
15094
15095
15096
15097
15098
15099
15100
15101
15102
15103
15104
15105
15106
15107
15108
15109
15110
15111
15074
15075
15076
15077
15078
15079
15080
15081
15082
15083
15084
15085
15301
15303
15302
15295
15296
15297
15298
15299
15300
15287
15288
15289
15290
15291
15292
15293
15294
16282
16283
16284
16265
16266
16267
16268
16269
16270
16271
16272
16273
16274
16275
16276
16277
16278
16279
16280
16281
16635
16630
16631
16632
16633
16634
16696
16697
16698
16699
16700
16701
16677
16678
16679
16680
16681
16682
16683
16684
16685
16686
16687
16688
16689
16690
16691
16692
16693
16694
16695
17425
17371
17372
17373
17374
17375
17376
17377
17378
17379
17380
17381
17382
17383
17384
17385
17386
17387
17388
17389
17390
17391
17392
17393
17394
17395
17396
17397
17398
17399
17400
17401
17402
17403
17404
17405
17406
17407
17408
17409
17410
17411
17412
17413
17414
17415
17416
17417
17418
17419
17420
17421
17422
17423
17424
18273
18274
18628
18629
18631
18632
18630
18616
18617
18618
18619
18620
18621
18622
18623
18624
18625
18626
18627
18614
18615
18973
18974
18975
18894
18895
18896
18897
18898
18899
18900
18901
18902
18903
18904
18905
18906
18907
18908
18909
18910
18911
18912
18913
18914
18915
18916
18917
18918
18919
18920
18921
18922
18923
18924
18925
18926
18927
18928
18929
18930
18931
18932
18933
18934
18935
18936
18937
18938
18939
18940
18941
18942
18943
18944
18945
18946
18947
18948
18949
18950
18951
18952
18953
18954
18955
18956
18957
18958
18959
18960
18961
18962
18963
18964
18965
18966
18967
18968
18969
18970
18971
18972
19111
19110
19109
19112
19087
19088
19089
19090
19091
19092
19093
19094
19095
19096
19097
19098
19099
19100
19101
19102
19103
19104
19105
19106
19107
19108
19164
19165
19166
19167
19151
19152
19153
19154
19155
19156
19157
19158
19159
19160
19161
19162
19163
19320
19308
19309
19319
19317
19316
19318
19314
19312
19315
19310
19311
19313
19304
19305
19306
19307
19278
19279
19280
19281
19282
19283
19284
19285
19286
19287
19288
19289
19290
19291
19292
19275
19276
19277
19269
19270
19271
19272
19273
19274
19301
19302
19303
19298
19299
19300
19293
19294
19295
19296
19297
19482
19483
19472
19473
19474
19475
19476
19477
19478
19479
19480
19481
19451
19452
19453
19454
19455
19456
19457
19458
19459
19460
19461
19462
19463
19464
19465
19466
19467
19468
19469
19470
19471
19540
19548
19541
19547
19544
19545
19542
19539
19549
19546
19543
19520
19521
19522
19523
19524
19525
19526
19527
19528
19529
19530
19531
19532
19533
19534
19535
19536
19537
19538
19518
19519
19682
19692
19688
19696
19691
19686
19689
19695
19683
19693
19690
19694
19684
19685
19687
19681
19673
19674
19675
19676
19677
19678
19672
19667
19668
19669
19670
19671
19679
19680
20376
20378
20377
20379
20317
20318
20319
20320
20321
20322
20323
20324
20325
20326
20327
20328
20329
20330
20331
20332
20333
20334
20335
20336
20337
20338
20339
20340
20341
20342
20343
20344
20345
20346
20300
20301
20302
20303
20304
20305
20306
20307
20308
20309
20310
20311
20312
20313
20314
20315
20316
20347
20348
20349
20350
20351
20352
20353
20354
20355
20278
20279
20280
20281
20282
20283
20284
20285
20286
20287
20288
20289
20290
20291
20292
20293
20294
20295
20296
20297
20298
20299
20356
20357
20358
20359
20360
20361
20362
20363
20364
20365
20366
20367
20368
20369
20370
20371
20372
20373
20374
20375
20879
20880
20870
20871
20872
20873
20874
20875
20876
20877
20878
21145
21144
21147
21146
21132
21133
21134
21135
21136
21137
21138
21139
21140
21141
21142
21143
21544
21545
21546
21538
21539
21540
21541
21542
21543
22539
22538
22528
22529
22530
22531
22532
22533
22534
22535
22536
22537
22804
22800
22801
22802
22803
23088
23090
23089
23091
23065
23066
23067
23068
23069
23070
23071
23072
23073
23074
23075
23076
23084
23085
23086
23087
23077
23078
23079
23080
23081
23082
23083
23283
23285
23284
23280
23281
23282
23271
23276
23277
23278
23279
23272
23273
23274
23275
24023
24024
24025
24007
24008
24009
24010
24011
24012
24013
24014
24015
24016
24017
24018
24019
24020
24021
24022
24442
24447
24464
24456
24451
24443
24467
24457
24460
24449
24453
24469
24462
24454
24461
24468
24459
24458
24452
24439
24440
24445
24465
24446
24466
24444
24441
24470
24455
24463
24448
24450
24382
24383
24384
24385
24386
24387
24388
24389
24390
24391
24392
24393
24394
24395
24396
24397
24398
24424
24425
24426
24427
24428
24429
24430
24431
24432
24433
24434
24435
24436
24399
24400
24401
24402
24403
24404
24405
24406
24407
24408
24409
24410
24411
24412
24413
24414
24415
24416
24417
24418
24419
24420
24378
24379
24380
24381
24437
24438
24421
24422
24423
24837
24836
24838
24811
24812
24813
24814
24815
24816
24817
24818
24819
24820
24821
24822
24823
24824
24825
24826
24827
24828
24829
24830
24831
24832
24833
24834
24835
25869
25861
25862
25863
25864
25865
25866
25867
25868
25802
25803
25804
25805
25806
25807
25808
25809
25810
25811
25812
25813
25814
25815
25816
25817
25818
25819
25820
25821
25822
25823
25824
25825
25826
25827
25828
25829
25830
25831
25832
25833
25834
25835
25836
25837
25838
25839
25840
25841
25842
25843
25844
25845
25846
25847
25848
25849
25850
25851
25852
25853
25854
25855
25856
25857
25858
25859
25860
28129
28128
28130
28115
28116
28117
28118
28119
28120
28121
28122
28123
28124
28125
28126
28127
29114
29115
29116
29054
29055
29056
29057
29058
29059
29060
29061
29062
29063
29064
29065
29066
29067
29068
29069
29070
29071
29072
29073
29074
29075
29076
29077
29078
29079
29080
29081
29082
29083
29084
29085
29086
29087
29088
29089
29090
29091
29092
29093
29094
29095
29096
29097
29098
29099
29100
29101
29102
29103
29104
29105
29106
29107
29108
29109
29110
29111
29112
29113
29653
29655
29656
29652
29654
29640
29641
29642
29643
29644
29645
29646
29647
29648
29649
29650
29651
30579
30580
30562
30563
30564
30565
30566
30567
30568
30569
30570
30571
30572
30573
30574
30575
30576
30577
30578
31177
31174
31175
31176
31154
31155
31156
31157
31158
31159
31160
31161
31162
31163
31164
31165
31166
31167
31168
31169
31170
31171
31172
31173
31277
31276
31278
32789
32794
32791
32792
32793
32790
32795
32788
32785
32786
32787
33149
33146
33147
33150
33148
33117
33117
33118
33118
33119
33119
33120
33120
33121
33122
33123
33124
33125
33141
33142
33143
33144
33145
33126
33127
33128
33129
33130
33131
33132
33133
33134
33135
33136
33137
33138
33139
33140
34058
34059
34060
34061
34018
34019
34020
34021
34022
34023
34024
34025
34026
34027
34028
34029
34030
34031
34032
34033
34034
34035
34036
34037
34038
34039
34040
34041
34042
34043
34044
34045
34046
34047
34048
34049
34050
34051
34052
34053
34054
34055
34056
34057
34384
34385
34386
34388
34387
34379
34380
34381
34382
34383
34350
34351
34352
34353
34354
34355
34356
34357
34358
34359
34360
34361
34362
34363
34364
34365
34366
34367
34368
34369
34370
34371
34372
34373
34374
34375
34376
34377
34378
35039
35040
35041
35042
35036
35037
35038
35029
35030
35031
35032
35033
35034
35035
35395
35396
35397
35379
35380
35381
35382
35383
35384
35385
35386
35387
35388
35389
35390
35391
35392
35393
35394
36652
36660
36661
36662
36655
36653
36656
36658
36659
36657
36654
36651
36650
36643
36644
36645
36646
36647
36648
36649
37180
37175
37176
37177
37178
37179
37144
37145
37146
37147
37148
37149
37150
37151
37152
37153
37154
37155
37156
37157
37158
37159
37160
37161
37162
37163
37164
37165
37166
37167
37168
37169
37170
37171
37172
37173
37174
37350
37344
37345
37346
37347
37348
37349
37314
37315
37316
37317
37318
37319
37320
37321
37322
37323
37324
37325
37326
37327
37328
37329
37330
37331
37332
37333
37334
37335
37336
37337
37338
37339
37340
37341
37342
37343
37602
37594
37595
37596
37597
37598
37599
37600
37601
37721
37723
37722
37724
37658
37659
37660
37661
37662
37663
37664
37665
37666
37667
37668
37669
37670
37671
37672
37673
37674
37675
37676
37677
37678
37679
37680
37681
37682
37683
37684
37685
37686
37687
37688
37689
37690
37691
37692
37693
37694
37695
37696
37697
37698
37699
37700
37701
37702
37703
37704
37705
37706
37707
37708
37709
37710
37711
37712
37713
37714
37715
37716
37717
37718
37719
37720
37887
37890
37889
37888
37891
37892
37881
37882
37883
37879
37880
37884
37885
37886
38214
38215
38216
38217
38218
38219
38198
38199
38200
38201
38202
38203
38204
38205
38206
38207
38208
38209
38210
38211
38212
38213
38367
38373
38378
38374
38368
38372
38376
38366
38377
38375
38371
38370
38369
38341
38342
38343
38344
38345
38346
38347
38348
38349
38350
38351
38352
38353
38354
38355
38356
38357
38358
38359
38360
38361
38362
38363
38364
38365
39238
39239
39237
40740
40739
40734
40736
40741
40737
40743
40738
40742
40735
40720
40721
40722
40723
40724
40725
40726
40727
40728
40729
40730
40731
40732
40733
40717
40718
40719
40938
40939
40940
40930
40931
40932
40933
40934
40935
40936
40937
41077
41079
41074
41078
41076
41075
41021
41022
41023
41024
41025
41026
41027
41028
41029
41030
41031
41046
41047
41048
41049
41050
41051
41052
41053
41054
41055
41056
41057
41058
41011
41012
41013
41014
41015
41016
41017
41018
41019
41020
41032
41033
41034
41035
41036
41037
41038
41039
41040
41041
41042
41043
41044
41045
41059
41060
41061
41062
41063
41064
41065
41066
41067
41068
41069
41070
41071
41072
41073
41501
41500
41499
41498
41490
41491
41492
41493
41494
41495
41496
41497
41488
41489
41839
41840
41836
41837
41838
41828
41829
41830
41831
41832
41833
41834
41835
42115
42104
42105
42106
42107
42108
42109
42110
42111
42112
42113
42114
42289
42290
42292
42291
42293
42294
42268
42269
42270
42271
42272
42273
42274
42275
42276
42277
42278
42279
42280
42281
42282
42283
42284
42285
42286
42287
42288
42420
42421
42416
42417
42418
42419
42384
42385
42372
42373
42374
42375
42376
42377
42378
42379
42380
42381
42382
42383
42386
42387
42388
42389
42390
42391
42392
42393
42394
42395
42396
42397
42398
42399
42400
42401
42402
42403
42404
42405
42406
42407
42408
42409
42410
42411
42412
42413
42414
42415
42616
42617
42615
42614
42609
42610
42611
42612
42613
42602
42603
42604
42605
42606
42607
42608
42719
42715
42718
42717
42716
42704
42705
42706
42707
42708
42709
42710
42711
42712
42713
42714
43051
43052
43053
43050
43041
43042
43043
43044
43045
43046
43047
43048
43049
44177
44178
44179
44180
44128
44129
44130
44131
44132
44133
44134
44135
44136
44137
44138
44139
44140
44141
44142
44143
44144
44145
44146
44147
44148
44149
44150
44151
44152
44153
44154
44155
44156
44157
44158
44159
44160
44161
44162
44163
44164
44165
44166
44167
44168
44169
44170
44171
44172
44173
44174
44175
44176
44188
44187
44186
44185
44182
44183
44184
45129
45130
45133
45131
45128
45132
45209
45210
45208
45199
45200
45201
45202
45203
45204
45205
45206
45207
45484
45490
45488
45489
45486
45487
45485
45481
45482
45483
45686
45685
45684
45759
45761
45762
45760
45757
45758
45907
45908
45913
45911
45909
45910
45912
45914
45904
45905
45906
45903
46048
46050
46049
46047
46025
46026
46027
46028
46029
46030
46031
46007
46008
46009
46010
46011
46012
46013
46014
46015
46016
46017
46018
46019
46020
46021
46022
46023
46024
46032
46033
46034
46035
46036
46037
46038
46039
46040
46041
46042
46043
46044
46045
46046
46607
46608
46609
46593
46594
46595
46596
46597
46598
46599
46600
46601
46602
46603
46604
46605
46606
21733
