13989
13985
13991
13988
13990
13987
13986
13965
13966
13951
13952
13953
13954
13955
13956
13957
13958
13959
13960
13961
13962
13963
13964
13967
13968
13969
13970
13971
13972
13973
13974
13982
13983
13984
13975
13976
13977
13978
13979
13980
13981
8399
8398
8385
8386
8387
8388
8389
8390
8391
8392
8393
8394
8395
8396
8397
11696
11698
11699
11695
11697
14409
14407
14408
14401
14402
14403
14404
14405
14406
14376
14377
14378
14379
14380
14381
14382
14383
14384
14385
14386
14387
14388
14389
14390
14391
14392
14393
14394
14395
14396
14397
14398
14399
14400
15132
15136
15133
15142
15135
15134
15137
15140
15138
15139
15141
15124
15125
15126
15127
15128
15129
15130
15131
15116
15117
15118
15119
15120
15121
15122
15123
18553
18550
18551
18552
18533
18534
18535
18536
18537
18538
18539
18540
18541
18542
18543
18544
18545
18546
18547
18548
18549
20399
20385
20386
20387
20388
20389
20390
20391
20392
20393
20394
20395
20396
20397
20398
21871
21859
21860
21861
21862
21863
21864
21865
21866
21867
21868
21869
21870
23922
23923
23924
23925
23908
23909
23910
23911
23912
23913
23914
23915
23916
23917
23918
23919
23920
23921
24789
24787
24784
24782
24780
24786
24785
24783
24781
24788
24779
29045
29051
29046
29048
29044
29052
29050
29047
29053
29049
29039
29040
29041
29042
29043
31792
31793
31794
31795
31733
31734
31735
31736
31737
31738
31739
31740
31741
31742
31743
31744
31745
31746
31747
31748
31749
31750
31751
31752
31753
31754
31755
31756
31757
31758
31759
31760
31761
31762
31763
31764
31765
31766
31767
31768
31769
31770
31771
31772
31773
31774
31775
31776
31777
31778
31779
31780
31781
31782
31783
31784
31785
31786
31787
31788
31789
31790
31791
35349
35341
35342
35343
35344
35345
35346
35347
35348
36113
36114
36081
36082
36083
36084
36085
36086
36087
36088
36089
36090
36091
36092
36093
36094
36095
36096
36097
36098
36099
36100
36101
36102
36103
36104
36105
36106
36107
36108
36109
36110
36111
36112
37142
37143
37144
37145
37146
37147
37136
37137
37138
37139
37140
37141
47118
47096
47121
47104
47097
47120
47106
47107
47110
47122
47124
47119
47111
47105
47102
47115
47101
47094
47113
47098
47095
47109
47103
47117
47099
47123
47100
47108
47112
47114
47116
47089
47090
47091
47092
47093
47086
47087
47088
47493
47495
47496
47494
47487
47488
47489
47490
47491
47492
47475
47476
47477
47478
47479
47480
47481
47482
47483
47484
47485
47486
48400
48397
48398
48399
48354
48355
48356
48357
48358
48359
48360
48361
48362
48363
48364
48365
48366
48367
48368
48369
48370
48371
48372
48373
48374
48375
48376
48377
48378
48379
48380
48381
48382
48383
48384
48385
48386
48387
48388
48389
48390
48391
48392
48393
48394
48395
48396
48542
48541
48540
48470
48471
48472
48473
48474
48475
48476
48477
48478
48479
48480
48481
48482
48483
48484
48485
48486
48487
48488
48489
48490
48491
48492
48493
48494
48495
48496
48497
48498
48499
48500
48501
48502
48503
48504
48505
48506
48507
48508
48509
48510
48511
48512
48513
48514
48515
48516
48517
48518
48519
48520
48521
48522
48523
48524
48525
48526
48527
48528
48529
48530
48531
48532
48533
48534
48535
48536
48537
48538
48539
49328
49324
49325
49326
49327
49236
49237
49238
49239
49240
49241
49242
49243
49244
49245
49246
49247
49248
49249
49250
49251
49252
49253
49254
49255
49256
49257
49258
49259
49260
49261
49262
49263
49264
49265
49266
49267
49268
49269
49270
49271
49272
49273
49274
49275
49276
49277
49278
49279
49280
49281
49282
49283
49284
49285
49286
49287
49288
49289
49290
49291
49292
49293
49294
49295
49296
49297
49298
49299
49300
49301
49302
49303
49304
49305
49306
49307
49308
49309
49310
49311
49312
49313
49314
49315
49316
49317
49318
49319
49320
49321
49322
49323
50352
50353
50354
50355
50337
50338
50339
50340
50341
50342
50343
50344
50345
50346
50347
50348
50349
50350
50351
264
265
266
267
268
218
219
220
221
222
223
224
225
226
227
228
229
230
231
232
233
234
235
236
237
238
239
240
241
242
243
244
245
246
247
248
249
250
251
252
253
254
255
256
257
258
259
260
261
262
263
639
627
630
638
628
631
640
629
637
632
633
634
635
636
609
610
611
612
613
614
615
616
619
620
621
622
623
624
625
626
617
618
745
740
741
742
743
744
1013
1009
1015
1016
1010
1014
1017
1006
1011
1012
1007
1008
985
986
987
974
975
981
982
983
984
976
977
978
979
980
993
994
995
996
997
988
989
990
991
992
965
966
967
968
969
970
971
972
973
961
962
963
964
998
999
1000
1001
1002
1003
1004
1005
2194
2193
2186
2187
2188
2189
2190
2191
2192
2542
2543
2544
3392
3389
3390
3391
3342
3343
3344
3345
3346
3347
3348
3349
3350
3351
3352
3353
3354
3355
3356
3357
3358
3359
3360
3361
3362
3363
3364
3365
3366
3367
3368
3369
3370
3371
3372
3373
3374
3375
3376
3377
3378
3379
3380
3381
3382
3383
3384
3385
3386
3387
3388
4053
4054
4055
4056
3979
3980
3981
3982
3983
3984
3985
3986
3987
3988
3989
3990
3991
3992
3993
3994
3995
3996
3997
3998
3999
4000
4001
4002
4003
4004
4005
4006
4007
4008
4009
4010
4011
4012
4013
4014
4015
4016
4017
4018
4019
4020
4021
4022
4023
4024
4025
4026
4027
4028
4029
4030
4031
4032
4033
4034
4035
4036
4037
4038
4039
4040
4041
4042
4043
4044
4045
4046
4047
4048
4049
4050
4051
4052
5315
5316
5310
5311
5312
5313
5314
5309
5415
5373
5374
5375
5376
5377
5378
5379
5380
5381
5382
5383
5384
5385
5386
5387
5388
5389
5390
5391
5392
5393
5394
5395
5396
5397
5398
5399
5400
5401
5402
5403
5404
5405
5406
5407
5408
5409
5410
5411
5412
5413
5414
5690
5691
5681
5682
5683
5684
5685
5686
5687
5688
5689
7474
7475
7476
7477
7478
7467
7468
7469
7470
7471
7472
7473
11213
11214
11200
11201
11202
11203
11204
11205
11206
11207
11208
11209
11210
11211
11212
11193
11194
11195
11196
11197
11198
11199
11317
11318
11319
11320
11273
11274
11275
11276
11277
11278
11279
11280
11281
11282
11283
11284
11285
11286
11287
11288
11289
11290
11291
11292
11293
11294
11295
11296
11297
11298
11299
11300
11301
11302
11303
11304
11305
11306
11307
11308
11309
11310
11311
11312
11313
11314
11315
11316
12055
12057
12056
12052
12053
12054
12530
12531
12851
12852
12853
12831
12832
12833
12834
12835
12828
12829
12830
12836
12837
12838
12839
12840
12841
12842
12843
12844
12845
12846
12847
12848
12849
12850
14216
14211
14218
14213
14215
14212
14217
14214
14205
14206
14207
14208
14209
14210
14203
14204
14196
14197
14198
14199
14200
14201
14202
14416
14415
14410
14411
14412
14413
14414
14538
14539
14540
14524
14525
14526
14527
14528
14529
14530
14531
14532
14533
14534
14535
14536
14537
14952
14953
14938
14939
14940
14941
14942
14943
14944
14945
14946
14947
14948
14949
14950
14951
15112
15114
15113
15086
15087
15088
15089
15090
15091
15092
15093
15094
15095
15096
15097
15098
15099
15100
15101
15102
15103
15104
15105
15106
15107
15108
15109
15110
15111
15074
15075
15076
15077
15078
15079
15080
15081
15082
15083
15084
15085
15723
15722
15720
15724
15721
15654
15655
15656
15657
15658
15659
15660
15661
15662
15663
15664
15665
15666
15667
15668
15669
15670
15671
15672
15673
15674
15675
15676
15677
15678
15679
15708
15709
15710
15711
15712
15713
15714
15715
15716
15717
15718
15719
15680
15681
15682
15683
15684
15685
15686
15687
15688
15689
15690
15691
15692
15693
15694
15695
15696
15697
15698
15699
15700
15701
15702
15703
15704
15705
15706
15707
15871
15866
15869
15870
15867
15868
15862
15863
15864
15865
15859
15860
15861
16115
16116
16117
16118
16099
16100
16101
16102
16103
16104
16105
16106
16107
16108
16109
16110
16111
16112
16113
16114
16282
16283
16284
16265
16266
16267
16268
16269
16270
16271
16272
16273
16274
16275
16276
16277
16278
16279
16280
16281
16589
16590
16591
16592
17027
17026
17016
17017
17018
17024
17025
17019
17020
17021
17022
17023
17516
17547
17538
17519
17540
17520
17541
17526
17525
17542
17539
17515
17518
17517
17521
17543
17545
17523
17522
17524
17544
17546
17527
17528
17529
17530
17531
17532
17533
17534
17536
17535
17537
17510
17511
17514
17512
17513
17834
17838
17833
17830
17832
17836
17835
17831
17837
17760
17761
17762
17763
17764
17765
17766
17767
17768
17769
17815
17816
17817
17818
17819
17820
17821
17822
17823
17824
17825
17826
17827
17828
17829
17774
17775
17776
17777
17778
17779
17780
17781
17782
17783
17784
17785
17786
17787
17770
17771
17772
17773
17788
17789
17790
17791
17792
17793
17794
17795
17796
17797
17798
17799
17800
17801
17802
17803
17804
17805
17806
17807
17808
17809
17810
17811
17812
17813
17814
18628
18629
18631
18632
18630
18616
18617
18618
18619
18620
18621
18622
18623
18624
18625
18626
18627
18614
18615
19320
19308
19309
19319
19317
19316
19318
19314
19312
19315
19310
19311
19313
19304
19305
19306
19307
19278
19279
19280
19281
19282
19283
19284
19285
19286
19287
19288
19289
19290
19291
19292
19275
19276
19277
19269
19270
19271
19272
19273
19274
19301
19302
19303
19298
19299
19300
19293
19294
19295
19296
19297
20376
20378
20377
20379
20317
20318
20319
20320
20321
20322
20323
20324
20325
20326
20327
20328
20329
20330
20331
20332
20333
20334
20335
20336
20337
20338
20339
20340
20341
20342
20343
20344
20345
20346
20300
20301
20302
20303
20304
20305
20306
20307
20308
20309
20310
20311
20312
20313
20314
20315
20316
20347
20348
20349
20350
20351
20352
20353
20354
20355
20278
20279
20280
20281
20282
20283
20284
20285
20286
20287
20288
20289
20290
20291
20292
20293
20294
20295
20296
20297
20298
20299
20356
20357
20358
20359
20360
20361
20362
20363
20364
20365
20366
20367
20368
20369
20370
20371
20372
20373
20374
20375
21616
21614
21615
21598
21599
21600
21601
21602
21603
21604
21605
21606
21607
21608
21609
21610
21611
21612
21613
22097
22101
22099
22103
22104
22108
22098
22109
22100
22093
22095
22094
22105
22102
22092
22106
22107
22096
22089
22090
22091
22372
22373
22374
22375
22357
22358
22359
22360
22361
22362
22363
22364
22365
22366
22367
22368
22369
22370
22371
22843
22842
22845
22844
22838
22839
22840
22841
22824
22825
22826
22827
22828
22829
22830
22831
22832
22833
22834
22835
22836
22837
23319
23320
23311
23312
23313
23314
23315
23316
23317
23318
23483
23484
23485
23488
23486
23487
23689
23690
23692
23691
23688
23680
23681
23682
23683
23684
23685
23686
23687
23786
23785
23771
23772
23773
23774
23775
23776
23777
23778
23779
23780
23781
23782
23783
23784
24071
24069
24070
24294
24293
24295
24296
24292
24442
24447
24464
24456
24451
24443
24467
24457
24460
24449
24453
24469
24462
24454
24461
24468
24459
24458
24452
24439
24440
24445
24465
24446
24466
24444
24441
24470
24455
24463
24448
24450
24382
24383
24384
24385
24386
24387
24388
24389
24390
24391
24392
24393
24394
24395
24396
24397
24398
24424
24425
24426
24427
24428
24429
24430
24431
24432
24433
24434
24435
24436
24399
24400
24401
24402
24403
24404
24405
24406
24407
24408
24409
24410
24411
24412
24413
24414
24415
24416
24417
24418
24419
24420
24378
24379
24380
24381
24437
24438
24421
24422
24423
24666
24667
24668
24652
24653
24654
24655
24656
24657
24658
24659
24660
24661
24662
24663
24664
24665
24681
24679
24678
24680
24673
24674
24675
24676
24677
24853
24854
24852
26510
26511
26512
26476
26477
26478
26479
26480
26481
26482
26483
26484
26485
26486
26487
26488
26489
26490
26491
26492
26493
26494
26495
26496
26497
26498
26499
26500
26501
26502
26503
26504
26505
26506
26507
26508
26509
26981
26978
26982
26979
26980
26974
26975
26976
26977
26940
26941
26942
26943
26944
26945
26946
26947
26948
26949
26950
26951
26952
26969
26970
26971
26972
26973
26934
26935
26936
26937
26938
26939
26911
26912
26913
26914
26915
26916
26917
26918
26919
26920
26921
26922
26923
26924
26925
26926
26927
26928
26929
26930
26931
26932
26933
26953
26954
26955
26956
26957
26958
26959
26960
26961
26962
26963
26964
26965
26966
26967
26968
27520
27521
27482
27483
27484
27485
27486
27487
27488
27489
27490
27491
27492
27493
27494
27495
27496
27497
27498
27499
27500
27501
27502
27503
27504
27505
27506
27507
27508
27509
27510
27511
27512
27513
27514
27515
27516
27517
27518
27519
28012
28013
27964
27965
27966
27967
27968
27969
27970
27971
27972
27973
27974
27975
27976
27977
27978
27979
27980
27981
27982
27983
27984
27985
27986
27987
27988
27989
27990
27991
27992
27993
27994
27995
27996
27997
27998
27999
28000
28001
28002
28003
28004
28005
28006
28007
28008
28009
28010
28011
28129
28128
28130
28115
28116
28117
28118
28119
28120
28121
28122
28123
28124
28125
28126
28127
29344
29342
29340
29345
29343
29341
29320
29321
29322
29323
29324
29325
29326
29327
29328
29329
29330
29331
29332
29333
29334
29335
29336
29337
29338
29339
29306
29307
29308
29309
29310
29311
29312
29313
29314
29315
29316
29317
29318
29319
30353
30352
30351
30327
30328
30329
30330
30331
30332
30333
30334
30335
30336
30337
30338
30339
30340
30341
30342
30343
30344
30345
30346
30347
30348
30349
30350
30524
30525
30511
30512
30513
30514
30515
30516
30517
30518
30519
30520
30521
30522
30523
30648
30646
30647
30607
30608
30609
30610
30611
30612
30613
30614
30615
30616
30617
30618
30619
30620
30621
30622
30623
30624
30625
30626
30627
30628
30629
30630
30631
30632
30633
30634
30635
30636
30637
30638
30639
30640
30641
30642
30643
30644
30645
31234
31231
31229
31227
31233
31232
31228
31230
31235
32789
32794
32791
32792
32793
32790
32795
32788
32785
32786
32787
32936
32937
32935
32938
32897
32898
32899
32900
32901
32902
32903
32904
32905
32906
32907
32908
32909
32910
32911
32912
32913
32914
32915
32916
32917
32918
32919
32920
32921
32922
32923
32924
32925
32926
32927
32928
32929
32930
32931
32932
32933
32934
33319
33320
33321
33322
33323
33255
33256
33257
33258
33259
33260
33261
33262
33263
33264
33265
33266
33267
33268
33269
33270
33271
33272
33273
33274
33275
33276
33277
33278
33279
33280
33281
33282
33283
33284
33285
33286
33287
33288
33289
33290
33291
33292
33293
33294
33295
33296
33297
33298
33299
33300
33301
33302
33303
33304
33305
33306
33307
33308
33309
33310
33311
33312
33313
33314
33315
33316
33317
33318
33447
33448
33449
33450
33451
33426
33427
33428
33429
33430
33431
33432
33433
33434
33435
33436
33437
33438
33439
33440
33441
33442
33443
33444
33445
33446
34486
34489
34487
34488
34490
34493
34491
34492
34468
34469
34470
34471
34462
34463
34464
34465
34466
34467
34451
34452
34453
34454
34455
34456
34457
34458
34459
34460
34461
34472
34473
34474
34475
34476
34477
34478
34479
34480
34481
34482
34483
34484
34485
34640
34636
34637
34638
34639
34841
34842
34796
34797
34798
34799
34800
34801
34802
34803
34804
34805
34806
34807
34808
34809
34810
34811
34812
34813
34814
34815
34816
34817
34818
34819
34820
34821
34822
34823
34824
34825
34826
34827
34828
34829
34830
34831
34832
34833
34834
34835
34836
34837
34838
34839
34840
35043
35044
35045
35046
35040
35041
35042
35033
35034
35035
35036
35037
35038
35039
35707
35708
35706
35705
35694
35695
35696
35697
35698
35699
35700
35701
35702
35703
35704
36454
36455
36451
36452
36453
36448
36449
36450
36445
36446
36447
36494
36493
36496
36500
36498
36497
36495
36499
36487
36488
36489
36490
36491
36492
36876
36877
36869
36870
36871
36872
36873
36874
36875
37354
37348
37349
37350
37351
37352
37353
37318
37319
37320
37321
37322
37323
37324
37325
37326
37327
37328
37329
37330
37331
37332
37333
37334
37335
37336
37337
37338
37339
37340
37341
37342
37343
37344
37345
37346
37347
37606
37598
37599
37600
37601
37602
37603
37604
37605
37904
37902
37903
38019
38015
38017
38011
38016
38013
38014
38009
38008
38007
38018
38010
38012
37995
37996
37997
37998
37999
38000
38001
38002
38003
38004
38005
38006
38652
38656
38655
38653
38654
38651
38647
38648
38649
38650
39413
39411
39412
39574
39577
39579
39573
39576
39578
39575
39903
39910
39907
39906
39908
39909
39911
39905
39904
39895
39896
39897
39898
39899
39900
39901
39902
40586
40588
40589
40587
40590
40583
40585
40584
40591
40557
40558
40559
40560
40561
40562
40563
40564
40565
40566
40567
40568
40569
40570
40571
40572
40573
40574
40575
40576
40577
40578
40579
40580
40581
40582
41505
41504
41503
41502
41494
41495
41496
41497
41498
41499
41500
41501
41492
41493
41589
41590
41693
41694
41695
41696
41661
41662
41663
41664
41665
41666
41667
41668
41669
41670
41671
41672
41673
41674
41675
41676
41677
41678
41679
41680
41681
41682
41683
41684
41685
41686
41687
41688
41689
41690
41691
41692
42172
42169
42170
42171
42168
42166
42167
42620
42621
42619
42618
42613
42614
42615
42616
42617
42606
42607
42608
42609
42610
42611
42612
43808
43792
43793
43794
43795
43796
43797
43798
43799
43800
43801
43802
43803
43804
43805
43806
43807
44085
44084
44081
44082
44083
45019
45023
45022
45024
45020
45025
45021
44984
44985
44986
44987
44988
44989
44990
44991
44992
44993
44994
45010
45011
45012
45013
45014
45015
45016
45017
45018
45001
45002
45003
45004
45005
45006
45007
45008
45009
44995
44996
44997
44998
44999
45000
45449
45450
45451
45452
45406
45407
45408
45409
45410
45411
45412
45413
45414
45415
45416
45417
45418
45419
45420
45421
45422
45423
45424
45425
45426
45427
45428
45429
45430
45431
45432
45433
45434
45435
45436
45437
45438
45439
45440
45441
45442
45443
45444
45445
45446
45447
45448
45763
45765
45766
45764
45761
45762
46621
46622
46624
46623
46673
46672
46671
46658
46659
46660
46661
46662
46663
46664
46665
46666
46667
46668
46669
46670
21733
