14661
15450
16455
17369
18278
18279
18280
18281
18282
18283
18284
18285
19116
19117
19118
19119
20026
20027
21061
21060
21063
21062
21052
21053
21054
21055
21056
21057
21058
21059
22006
22007
22008
22009
22010
22011
22732
22731
22734
22733
22721
22722
22723
22724
22725
22726
22727
22728
22717
22718
22719
22720
22729
22730
47397
47581
47674
47675
47676
47677
47678
47679
47680
47681
47682
47683
47841
47852
47853
47854
47855
47959
47960
47961
47962
47963
47964
47965
47966
47967
47968
47969
47970
48065
48066
48067
48068
48069
48136
48135
48120
48121
48122
48123
48124
48125
48126
48127
48128
48129
48130
48131
48132
48133
48134
48235
48236
48237
48238
48239
48240
48241
48242
48243
48244
48245
48246
48230
48231
48232
48233
48234
48353
48352
48320
48321
48322
48323
48324
48325
48326
48327
48328
48329
48330
48331
48332
48333
48334
48340
48341
48342
48343
48344
48345
48346
48347
48348
48349
48350
48351
48335
48336
48337
48338
48339
8456
8576
8714
8818
8846
9046
9047
9209
9208
9210
9327
9328
9325
9326
9573
9572
9574
9571
9575
9569
9570
11722
11813
12059
12075
12144
12182
12183
12184
12185
12260
12261
12262
12263
12264
12265
12266
12267
12268
12269
12270
12271
12272
12421
12422
12423
12424
12425
12426
12427
12428
12459
12458
12456
12457
12460
12452
12453
12454
12455
12532
12533
12534
12535
12536
12537
12538
12539
12540
12541
12542
12543
12544
12545
12546
12547
12548
12549
12550
12551
12552
12696
12695
12693
12694
12697
12681
12682
12683
12684
12668
12669
12670
12671
12672
12673
12674
12675
12676
12677
12678
12679
12680
12685
12686
12687
12688
12689
12690
12691
12692
12871
12940
13369
13370
13371
13372
13447
13448
13449
13450
13451
13452
13453
13454
13455
13456
13457
13606
13607
13676
13677
13678
13679
13680
13681
13682
13683
13684
13685
13686
13687
13688
13689
13690
13745
13746
13730
13731
13732
13733
13734
13735
13736
13737
13738
13739
13740
13741
13742
13743
13744
14543
14662
14690
14721
14839
14840
14841
14842
14843
14844
14845
14846
14847
14848
14849
14850
14887
14888
14936
14937
14924
14925
14926
14927
14928
14929
14930
14931
14932
14933
14934
14935
15035
15036
15037
15038
15023
15024
15025
15026
15027
15028
15029
15030
15031
15032
15033
15034
15238
15357
15451
15559
15560
15561
15562
15563
15564
15565
15566
15567
15568
15569
15570
15571
15572
15573
15574
15575
15576
15577
15578
15579
15580
15581
15582
15583
15584
15585
15586
15587
15729
15730
15731
15732
15733
15734
15735
15780
15781
15782
15783
15784
15785
15786
15787
15848
15847
15922
15878
15879
15880
15881
15882
15883
15884
15885
15886
15887
15888
15889
15890
15891
15892
15893
15894
15895
15896
15897
15898
15899
15900
15901
15902
15903
15904
15905
15906
15907
15908
15909
15910
15911
15912
15913
15914
15915
15916
15917
15918
15919
15920
15921
16024
16022
16023
15978
15979
15980
15981
15982
15983
15984
15985
15986
15987
15988
15989
15990
15991
15992
15993
15994
15995
15996
15997
15998
15999
16000
16001
16002
16003
16004
16005
16006
16007
16008
16009
16010
16011
16012
16013
16014
16015
16016
16017
16018
16019
16020
16021
18633
18661
18713
18714
18715
18716
18717
18718
18719
18720
18721
18722
18723
18724
18725
18726
18727
18728
18729
18787
18788
18789
18790
18791
18792
18793
18794
18795
18796
18797
18798
18799
18800
18801
18802
18803
18835
18836
18837
18838
18839
18840
18841
18842
18843
18844
18845
18846
18847
18848
18849
18850
18851
19024
19025
18990
18991
18992
18993
18994
18995
18996
18997
18998
18999
19000
19001
19002
19003
19004
19005
19006
19007
19008
19009
19010
19011
19012
19013
19014
19015
19016
19017
19018
19019
19020
19021
19022
19023
19120
19121
19122
19123
19124
19125
19126
19127
19128
19129
19130
19131
19132
19133
19134
19135
19136
19222
19223
19171
19172
19173
19174
19175
19176
19177
19178
19179
19180
19181
19182
19183
19184
19185
19186
19187
19188
19189
19190
19191
19192
19193
19194
19195
19196
19197
19198
19199
19200
19201
19202
19203
19204
19205
19206
19207
19208
19209
19210
19211
19212
19213
19214
19215
19216
19217
19218
19219
19220
19221
20410
20576
20840
20883
20924
20925
20926
20927
20953
20954
21029
21028
21024
21025
21026
21027
21068
21069
21071
21070
21064
21065
21066
21067
22012
22116
22181
22336
22337
22338
22339
22340
22341
22342
22343
22344
22345
22346
22347
22348
22349
22350
22351
22352
22465
22466
22467
22468
22469
22470
22471
22472
22473
22474
22475
22476
22477
22478
22479
22480
22481
22518
22516
22517
22499
22500
22501
22502
22503
22504
22505
22506
22507
22508
22509
22510
22511
22512
22513
22514
22515
22547
22548
22549
22550
22551
22552
22553
22554
22555
22556
22557
22558
22559
22560
22561
22562
22563
22685
22683
22684
22649
22650
22651
22652
22653
22654
22655
22656
22657
22658
22659
22660
22661
22662
22663
22664
22665
22666
22667
22668
22669
22670
22671
22672
22673
22674
22675
22676
22677
22678
22679
22680
22681
22682
24027
24093
24285
24312
24373
24478
24489
24490
24491
24492
24493
24494
24495
24496
24497
24498
24499
24500
24501
24512
24513
24514
24515
24516
24517
24529
24530
24531
24532
24533
24534
24535
24536
24537
24538
24539
24540
24541
24695
24696
24697
24698
24699
24700
24682
24683
24684
24685
24686
24687
24688
24689
24690
24691
24692
24693
24694
24839
24857
24993
25021
25228
25432
25612
25623
25740
25801
25999
26130
26223
26224
26422
26423
26424
26425
26426
26427
26428
26429
26430
26431
26432
26459
26460
26461
26568
26569
26570
26571
26572
26573
26574
26575
26576
26577
26642
26640
26641
26768
26772
26764
26765
26771
26770
26767
26766
26769
26738
26739
26740
26741
26742
26743
26744
26745
26746
26747
26748
26749
26750
26761
26762
26763
26751
26752
26753
26754
26755
26756
26757
26758
26759
26760
26856
26852
26854
26853
26859
26848
26849
26858
26857
26851
26850
26855
26822
26823
26824
26825
26826
26827
26828
26829
26830
26831
26832
26833
26834
26845
26846
26847
26835
26836
26837
26838
26839
26840
26841
26842
26843
26844
29346
29396
29430
29571
29745
29931
30092
30250
30356
30385
30436
30483
30534
30535
30536
30537
30538
30539
30596
30597
30598
30599
30600
30601
30602
30728
30729
30959
30962
30955
30958
30961
30956
30954
30960
30963
30957
30948
30949
30950
30951
30952
30953
30941
30942
30943
30944
30945
30946
30947
31137
31139
31138
31142
31133
31136
31141
31134
31132
31140
31143
31135
31126
31127
31128
31129
31130
31131
31119
31120
31121
31122
31123
31124
31125
31885
31925
32005
32050
32051
32052
32053
32054
32055
32056
32057
32058
32059
32060
32061
32062
32063
32064
32065
32066
32067
32068
32069
32070
32071
32072
32073
32100
32101
32102
32103
32104
32105
32106
32107
32108
32109
32110
32111
32112
32166
32167
32168
32196
32197
32198
32199
32200
32201
32202
32203
32204
32205
32206
32207
32208
32209
32210
32211
32212
32213
32214
32215
32216
32217
32218
32219
32220
32221
32222
32223
32224
32225
32226
32227
32228
32229
32230
32231
32232
32487
32488
32489
32450
32451
32452
32453
32454
32455
32456
32457
32458
32459
32460
32461
32462
32463
32464
32465
32466
32467
32468
32469
32470
32471
32472
32473
32474
32475
32476
32477
32478
32479
32480
32481
32482
32483
32484
32485
32486
33986
34068
34186
34240
34299
34352
34353
34398
34498
34643
34708
34845
34909
34910
34911
34912
34958
34959
34960
34961
34962
34963
34964
34965
34966
34967
34968
34969
35068
35069
35150
35143
35148
35149
35152
35146
35145
35151
35144
35147
35127
35128
35129
35130
35131
35132
35133
35134
35135
35136
35137
35138
35139
35140
35141
35142
35229
35232
35233
35224
35230
35231
35235
35227
35226
35234
35225
35228
35208
35209
35210
35211
35212
35213
35214
35215
35216
35217
35218
35219
35220
35221
35222
35223
35404
35454
35541
35587
35663
35664
35665
35666
35667
35668
35669
35670
35671
35672
35673
35674
35675
35676
35753
35755
35754
35752
35912
35913
35914
35915
35916
35917
35918
35919
35920
35921
35922
35923
35924
35925
36016
36018
36017
36015
36001
36002
36003
36004
36005
36006
36007
36008
36009
36010
36011
36012
36013
36014
36177
36460
36505
36538
36539
36581
36600
36601
36602
37228
37362
37562
37609
37731
37897
37926
37958
38025
38026
38027
38028
38029
38038
38039
38040
38041
38042
38043
38044
38045
38046
38047
38048
38049
38050
38051
38200
38201
38199
38198
38197
38196
38309
38310
38311
38312
38313
38314
38315
38316
38317
38318
38319
38320
38321
38322
38323
38324
38325
38326
38327
38408
38409
38407
38406
38405
38404
38385
38386
38387
38388
38389
38390
38391
38392
38393
38394
38395
38396
38397
38398
38399
38400
38401
38402
38403
44553
44564
44585
44596
44607
44628
44836
45054
45055
45056
45138
45139
45140
45141
45142
45143
45144
45145
45146
45147
45148
45149
45150
45151
45200
45258
45260
45257
45263
45261
45259
45262
45354
45355
45356
45340
45341
45342
45343
45344
45345
45346
45347
45348
45349
45350
45351
45352
45353
45357
45515
45517
45514
45520
45518
45516
45519
45510
45511
45512
45496
45497
45498
45499
45500
45501
45502
45503
45504
45505
45506
45507
45508
45509
45513
47125
47128
47129
47130
47131
47132
47133
47134
47135
47136
47140
47141
47142
47143
47144
47145
47146
47147
47148
47149
47159
47160
47161
47162
47163
47164
47165
47166
47167
47168
47181
47182
47183
47184
47185
47186
47187
47188
47189
47190
47191
47192
47193
47194
47195
47196
47197
47198
47199
47200
47201
47202
47203
47204
47205
47218
47224
47214
47233
47210
47219
47220
47209
47216
47217
47212
47215
47222
47237
47225
47238
47227
47239
47232
47234
47213
47208
47211
47223
47235
47228
47236
47230
47221
47226
47229
47231
47206
47207
47245
47240
47241
47242
47243
47244
47246
47247
47248
47249
47250
47251
47252
47253
47254
47255
47256
47257
47258
47259
47260
47294
47300
47290
47309
47286
47295
47296
47285
47292
47293
47288
47291
47298
47313
47301
47314
47303
47315
47308
47310
47289
47284
47287
47299
47311
47304
47312
47306
47297
47302
47305
47307
47279
47280
47266
47261
47262
47263
47264
47265
47267
47268
47269
47270
47271
47272
47273
47274
47275
47276
47277
47278
47281
47282
47283
47497
47498
47499
47500
47501
47502
47503
47504
47505
47506
47507
47508
47509
47510
47511
47512
47513
47514
47515
47516
47517
47518
47519
47520
47521
47522
47523
47524
47525
47526
47527
47528
47529
47530
47546
47547
47531
47532
47533
47534
47535
47536
47537
47538
47539
47540
47541
47542
47543
47544
47545
48060
48061
48062
48063
48064
48070
48071
48072
48073
48074
48075
48076
48077
48078
48079
48081
48082
48080
48083
48094
48084
48085
48086
48087
48088
48089
48090
48091
48092
48093
48106
48107
48105
48108
48109
48095
48096
48097
48098
48099
48100
48101
48102
48103
48104
48401
48402
48403
48404
48405
48406
48407
48408
48409
48410
48411
48412
48413
48414
48415
48416
48417
48418
48419
48420
48421
48422
48423
48443
48424
48425
48426
48427
48428
48429
48430
48431
48432
48433
48434
48435
48436
48437
48438
48439
48440
48441
48442
48444
48445
48446
48469
48447
48448
48449
48450
48451
48452
48453
48454
48455
48456
48457
48458
48459
48460
48461
48462
48463
48464
48465
48466
48467
48468
48543
48544
48628
48629
48630
48631
48632
48633
48634
48635
48636
48637
48638
48647
48639
48640
48641
48642
48643
48644
48645
48646
48656
48657
48658
48648
48649
48650
48651
48652
48653
48654
48655
48663
48664
48665
48666
48668
48669
48670
48671
48672
48673
48674
48675
48676
48677
48678
48679
48680
48681
48682
48683
48684
48685
48686
48687
48688
48689
48690
48691
48692
48693
48694
48695
48696
48697
48698
48699
48700
48701
48702
48712
48713
48714
48715
48716
48717
48718
48703
48704
48705
48706
48707
48708
48709
48710
48711
48719
48720
48721
48722
48723
48724
48725
48726
48727
48728
48729
48730
48731
48732
48733
48734
48735
48736
48737
48738
48739
48740
48741
48774
48775
48776
48777
48778
48779
48780
48742
48743
48744
48745
48746
48747
48748
48749
48750
48751
48752
48753
48754
48755
48756
48757
48758
48759
48760
48761
48762
48763
48764
48765
48766
48767
48768
48769
48770
48771
48772
48773
49329
49330
49335
49336
49337
49338
49339
49340
49341
49342
49343
49344
49350
49351
49352
49353
49354
49355
49356
49357
49358
49359
49360
49361
49362
49363
49364
49365
49366
49367
49368
49369
49370
49371
49372
49373
49374
49375
49376
49377
49378
49379
49380
49381
49382
49383
49384
49385
49386
49387
49388
49389
49390
49391
49392
49393
49394
49395
49398
49396
49397
49445
49446
49447
49448
49449
49450
49451
49452
49453
49399
49400
49401
49402
49403
49404
49405
49406
49407
49408
49409
49410
49411
49412
49413
49414
49415
49416
49417
49418
49419
49420
49421
49422
49423
49424
49425
49426
49427
49428
49429
49430
49431
49432
49433
49434
49435
49436
49437
49438
49439
49440
49441
49442
49443
49444
49511
49509
49510
49500
49501
49502
49503
49504
49505
49506
49507
49508
49454
49455
49456
49457
49458
49459
49460
49461
49462
49463
49464
49465
49466
49467
49468
49469
49470
49471
49472
49473
49474
49475
49476
49477
49478
49479
49480
49481
49482
49483
49484
49485
49486
49487
49488
49489
49490
49491
49492
49493
49494
49495
49496
49497
49498
49499
49544
49545
49546
49547
49548
49549
49550
49551
49552
49553
49554
49555
49556
49557
49558
49559
49560
49561
49562
49563
49566
49567
49568
49569
49570
49571
49572
49573
49574
49575
49576
49577
49578
49579
49580
49581
49582
49583
49584
49585
49603
49604
49605
49586
49587
49588
49589
49590
49591
49592
49593
49594
49595
49596
49597
49598
49599
49600
49601
49602
50356
50357
50358
50359
50360
50361
50362
50363
50364
50365
50366
50367
50368
50369
50370
50371
50372
50373
50374
50376
50377
50394
50378
50379
50380
50381
50382
50383
50384
50385
50386
50387
50388
50389
50390
50391
50392
50393
50411
50412
50413
50395
50396
50397
50398
50399
50400
50401
50402
50403
50404
50405
50406
50407
50408
50409
50410
50840
50841
50842
50843
50844
50845
50846
50847
50848
50849
50850
50851
50852
50853
50854
50855
50856
50857
50858
50859
50860
50861
50862
50863
50864
50865
50866
50867
50868
50869
50870
50871
50872
50873
50874
50875
50876
50877
50878
50879
50880
50881
50882
50883
50884
50885
50886
50887
50928
50929
50888
50889
50890
50891
50892
50893
50894
50895
50896
50897
50898
50899
50900
50901
50902
50903
50904
50905
50906
50907
50908
50909
50910
50911
50912
50913
50914
50915
50916
50917
50918
50919
50920
50921
50922
50923
50924
50925
50926
50927
50970
50971
50972
50973
50974
50930
50931
50932
50933
50934
50935
50936
50937
50938
50939
50940
50941
50942
50943
50944
50945
50946
50947
50948
50949
50950
50951
50952
50953
50954
50955
50956
50957
50958
50959
50960
50961
50962
50963
50964
50965
50966
50967
50968
50969
51008
51010
51011
51012
51013
51014
51015
51016
51017
51018
51023
51022
51024
51019
51020
51021
51029
51032
51030
51028
51031
51025
51026
51027
269
270
271
272
273
274
276
277
278
279
280
281
282
283
284
285
286
287
288
289
290
291
292
293
294
295
296
297
298
299
300
301
302
303
304
305
306
307
308
309
310
311
312
313
314
315
316
317
318
319
320
321
322
323
324
325
326
327
328
329
330
331
332
333
334
335
336
337
338
339
340
341
342
343
347
344
345
346
416
417
348
349
350
351
352
353
354
355
356
357
358
359
360
361
362
363
364
365
366
367
368
369
370
371
372
373
374
375
376
377
378
379
380
381
382
383
384
385
386
387
388
389
390
391
392
393
394
395
396
397
398
399
400
401
402
403
404
405
406
407
408
409
410
411
412
413
414
415
491
486
487
488
489
490
418
419
420
421
422
423
424
425
426
427
428
429
430
431
432
433
434
435
436
437
438
439
440
441
442
443
444
445
446
447
448
449
450
451
452
453
454
455
456
457
458
459
460
461
462
463
464
465
466
467
468
469
470
471
472
473
474
475
476
477
478
479
480
481
482
483
484
485
641
642
643
644
645
646
647
648
649
656
657
658
659
660
661
662
663
664
665
666
667
668
669
670
671
672
673
674
675
676
677
679
678
700
704
703
699
701
708
702
707
705
706
687
688
689
690
691
692
693
694
695
696
697
698
680
681
682
683
684
685
686
734
728
730
735
733
729
731
739
732
738
736
737
716
717
718
719
720
721
722
723
724
725
726
727
709
710
711
712
713
714
715
766
767
768
769
770
771
772
773
774
775
776
777
778
779
780
781
782
783
784
785
786
787
788
789
790
791
792
793
794
795
796
797
798
799
800
801
802
803
804
805
806
807
808
809
810
811
812
813
814
885
879
880
881
882
883
884
841
842
843
844
845
846
847
848
849
850
851
852
853
854
855
856
857
858
859
860
861
862
863
864
865
866
867
868
869
870
871
872
873
874
875
876
877
878
886
887
888
889
938
932
933
934
935
936
937
890
891
892
893
894
895
896
897
898
899
900
901
902
903
904
905
906
907
908
909
910
911
912
913
914
915
916
917
918
919
920
921
922
923
924
925
926
927
928
929
930
931
1018
1019
1020
1021
1054
1055
1056
1057
1058
1059
1060
1061
1062
1063
1093
1094
1095
1096
1097
1098
1099
1100
1101
1102
1103
1104
1105
1106
1107
1108
1109
1110
1111
1112
1113
1114
1115
1116
1117
1118
1119
1120
1121
1122
1123
1124
1125
1126
1127
1128
1129
1130
1131
1132
1133
1134
1135
1136
1137
1138
1139
1140
1141
1142
1143
1144
1145
1146
1147
1148
1149
1150
1151
1152
1153
1154
1155
1156
1157
1158
1159
1160
1161
1162
1163
1164
1165
1166
1167
1168
1169
1170
1171
1172
1173
1174
1175
1176
1177
1178
1179
1180
1181
1182
1183
1184
1185
1186
1187
1188
1189
1190
1191
1192
1193
1194
1195
1196
1197
1198
1199
1200
1201
1202
1203
1204
1205
1206
1207
1208
1209
1210
1211
1212
1213
1214
1215
1216
1217
1218
1219
1220
1221
1222
1223
1224
1225
1226
1227
1228
1229
1230
1231
1232
1233
1234
1235
1236
1237
1238
1239
1240
1241
1242
1243
1244
1245
1246
1247
1248
1249
1250
1251
1252
1253
1254
1255
1256
1257
1258
1259
1260
1261
1262
1263
1264
1265
1266
1267
1268
1270
1269
1271
1458
1450
1457
1459
1456
1451
1449
1455
1452
1453
1454
1273
1274
1275
1276
1277
1278
1279
1280
1281
1282
1283
1284
1285
1286
1287
1288
1289
1290
1291
1292
1293
1294
1295
1296
1297
1298
1299
1300
1301
1302
1354
1355
1356
1357
1358
1338
1339
1340
1341
1342
1343
1344
1345
1346
1347
1348
1349
1350
1351
1352
1353
1318
1319
1320
1321
1322
1323
1324
1325
1326
1327
1328
1329
1330
1331
1332
1333
1334
1335
1336
1337
1303
1304
1305
1306
1307
1308
1309
1310
1311
1312
1313
1314
1315
1316
1317
1359
1360
1361
1362
1363
1364
1365
1366
1367
1368
1369
1370
1371
1372
1373
1374
1375
1376
1377
1378
1379
1380
1381
1382
1383
1384
1385
1386
1387
1388
1389
1390
1391
1392
1393
1394
1395
1396
1397
1398
1399
1400
1401
1402
1403
1404
1405
1406
1407
1408
1409
1410
1411
1412
1413
1414
1415
1416
1417
1418
1419
1420
1421
1422
1423
1424
1425
1426
1427
1428
1429
1430
1431
1432
1433
1434
1435
1436
1437
1438
1439
1440
1441
1442
1443
1444
1445
1446
1447
1448
1646
1639
1647
1648
1637
1645
1649
1644
1638
1636
1643
1640
1641
1642
1460
1461
1462
1463
1464
1465
1466
1467
1468
1469
1470
1471
1472
1473
1474
1475
1476
1477
1478
1479
1480
1481
1482
1483
1484
1485
1486
1487
1488
1489
1541
1542
1543
1544
1545
1525
1526
1527
1528
1529
1530
1531
1532
1533
1534
1535
1536
1537
1538
1539
1540
1505
1506
1507
1508
1509
1510
1511
1512
1513
1514
1515
1516
1517
1518
1519
1520
1521
1522
1523
1524
1490
1491
1492
1493
1494
1495
1496
1497
1498
1499
1500
1501
1502
1503
1504
1546
1547
1548
1549
1550
1551
1552
1553
1554
1555
1556
1557
1558
1559
1560
1561
1562
1563
1564
1565
1566
1567
1568
1569
1570
1571
1572
1573
1574
1575
1576
1577
1578
1579
1580
1581
1582
1583
1584
1585
1586
1587
1588
1589
1590
1591
1592
1593
1594
1595
1596
1597
1598
1599
1600
1601
1602
1603
1604
1605
1606
1607
1608
1609
1610
1611
1612
1613
1614
1615
1616
1617
1618
1619
1620
1621
1622
1623
1624
1625
1626
1627
1628
1629
1630
1631
1632
1633
1634
1635
2195
2196
2197
2198
2199
2200
2201
2202
2203
2204
2205
2206
2207
2208
2209
2210
2211
2212
2213
2214
2215
2216
2217
2218
2219
2220
2221
2222
2223
2224
2225
2226
2227
2228
2229
2230
2231
2232
2233
2234
2235
2236
2237
2238
2239
2240
2241
2242
2265
2266
2243
2244
2245
2246
2247
2248
2249
2250
2251
2252
2253
2254
2255
2256
2257
2258
2259
2260
2261
2262
2263
2264
2545
2546
2547
2548
2549
2550
2551
2552
2553
2554
2555
2556
2557
2558
2559
2560
2561
2562
2563
2564
2565
2566
2567
2568
2569
2570
2571
2572
2573
2574
2575
2576
2577
2578
2579
2580
2581
2582
2583
2584
2585
2586
2587
2588
2589
2590
2591
2592
2593
2594
2595
2596
2597
2598
2599
2600
2601
2602
2603
2604
2605
2606
2608
2609
2610
2611
2612
2613
2614
2615
2616
2617
2618
2619
2620
2621
2622
2623
2624
2625
2626
2627
2628
2629
2630
2631
2632
2633
2634
2635
2636
2637
2638
2639
2726
2727
2728
2729
2640
2641
2642
2643
2644
2645
2646
2647
2648
2649
2650
2651
2652
2653
2654
2655
2656
2657
2658
2659
2660
2661
2662
2663
2664
2665
2666
2667
2668
2669
2670
2671
2672
2673
2674
2675
2676
2677
2678
2679
2680
2681
2682
2683
2684
2685
2686
2687
2688
2689
2690
2691
2692
2693
2694
2695
2696
2697
2698
2699
2700
2701
2702
2703
2704
2705
2706
2707
2708
2709
2710
2711
2712
2713
2714
2715
2716
2717
2718
2719
2720
2721
2722
2723
2724
2725
2816
2817
2818
2819
2820
2821
2730
2731
2732
2733
2734
2735
2736
2737
2738
2739
2740
2741
2742
2743
2744
2745
2746
2747
2748
2749
2750
2751
2752
2753
2754
2755
2756
2757
2758
2759
2760
2761
2762
2763
2764
2765
2766
2767
2768
2769
2770
2771
2772
2773
2774
2775
2776
2777
2778
2779
2780
2781
2782
2783
2784
2785
2786
2787
2788
2789
2790
2791
2792
2793
2794
2795
2796
2797
2798
2799
2800
2801
2802
2803
2804
2805
2806
2807
2808
2809
2810
2811
2812
2813
2814
2815
3393
3394
3395
3396
3397
3398
3399
3400
3401
3402
3403
3404
3405
3406
3407
3408
3409
3410
3411
3412
3413
3414
3415
3416
3417
3418
3419
3420
3421
3422
3423
3424
3425
3426
3427
3428
3429
3430
3431
3432
3433
3434
3435
3436
3437
3438
3439
3440
3441
3442
3443
3444
3445
3446
3447
3448
3449
3450
3451
3452
3453
3454
3455
3456
3457
3458
3459
3460
3461
3462
3463
3464
3465
3466
3467
3468
3469
3470
3471
3472
3473
3474
3475
3476
3477
3478
3479
3480
3481
3482
3483
3484
3485
3486
3487
3488
3489
3490
3491
3492
3493
3542
3543
3544
3545
3546
3547
3548
3549
3550
3551
3552
3553
3554
3555
3556
3557
3558
3559
3560
3561
3562
3563
3564
3565
3566
3567
3568
3569
3570
3571
3572
3573
3574
3575
3576
3577
3578
3579
3580
3581
3582
3583
3584
3585
3586
3587
3588
3589
3648
3647
3590
3591
3592
3593
3594
3595
3596
3597
3598
3599
3600
3601
3602
3603
3604
3605
3606
3607
3608
3609
3610
3611
3612
3613
3614
3615
3616
3617
3618
3619
3620
3621
3622
3623
3624
3625
3626
3627
3628
3629
3630
3631
3632
3633
3634
3635
3636
3637
3638
3639
3640
3641
3642
3643
3644
3645
3646
3649
3650
3651
3652
3653
3654
3655
3656
3657
3658
3659
3660
3661
3662
3663
3664
3665
3666
3667
3668
3669
3670
3671
3672
3673
3674
3675
3676
3677
3678
3679
3680
3681
3682
3683
3684
3685
3686
3687
3688
3689
3690
3691
3692
3693
3694
3695
3696
3697
3698
3699
3700
3701
3702
3703
3704
3705
3706
3707
3708
3709
3710
3711
3712
3713
3714
3715
3716
3717
3718
3719
3720
3721
3722
3723
3724
3725
3726
3727
3728
3729
3730
3731
3732
3733
3734
3735
3736
3737
3738
3887
3886
3739
3740
3741
3742
3743
3744
3745
3746
3747
3748
3749
3750
3751
3752
3753
3754
3755
3756
3757
3758
3759
3760
3761
3762
3763
3764
3765
3766
3767
3768
3769
3770
3771
3772
3773
3774
3775
3776
3777
3778
3779
3780
3781
3782
3783
3784
3785
3786
3787
3788
3789
3790
3791
3792
3793
3794
3795
3796
3797
3798
3799
3800
3801
3802
3803
3804
3805
3806
3807
3808
3809
3810
3811
3812
3813
3814
3815
3816
3817
3818
3819
3820
3821
3822
3823
3824
3825
3826
3827
3828
3829
3830
3831
3832
3833
3834
3835
3836
3837
3838
3839
3840
3841
3842
3843
3844
3845
3846
3847
3848
3849
3850
3851
3852
3853
3854
3855
3856
3857
3858
3859
3860
3861
3862
3863
3864
3865
3866
3867
3868
3869
3870
3871
3872
3873
3874
3875
3876
3877
3878
3879
3880
3881
3882
3883
3884
3885
4057
4058
4059
4060
4061
4062
4063
4064
4065
4066
4067
4068
4069
4070
4071
4072
4073
4137
4127
4128
4129
4130
4131
4132
4133
4134
4135
4136
4148
4149
4150
4151
4138
4139
4140
4141
4142
4143
4144
4145
4146
4147
5052
5053
5054
5055
5056
5057
5058
5059
5060
5061
5062
5063
5064
5065
5066
5067
5068
5069
5081
5079
5080
5070
5071
5072
5073
5074
5075
5076
5077
5078
5082
5083
5084
5085
5086
5087
5105
5103
5104
5088
5089
5090
5091
5092
5093
5094
5095
5096
5097
5098
5099
5100
5101
5102
5320
5321
5322
5323
5324
5325
5326
5327
5328
5329
5330
5331
5332
5333
5334
5342
5343
5344
5345
5335
5336
5337
5338
5339
5340
5341
5367
5368
5369
5370
5371
5372
5360
5361
5362
5363
5364
5365
5366
5416
5417
5418
5419
5420
5421
5422
5423
5424
5425
5426
5427
5428
5429
5430
5431
5432
5433
5434
5435
5436
5437
5438
5439
5440
5441
5442
5443
5444
5445
5446
5447
5448
5449
5450
5451
5452
5453
5454
5455
5456
5457
5458
5459
5460
5461
5462
5463
5464
5465
5466
5467
5468
5469
5470
5471
5472
5473
5474
5475
5476
5477
5478
5479
5480
5481
5482
5483
5484
5485
5486
5487
5488
5489
5490
5491
5492
5493
5494
5495
5496
5497
5517
5518
5519
5598
5520
5521
5522
5523
5524
5525
5526
5527
5528
5529
5530
5531
5532
5533
5534
5535
5536
5537
5538
5539
5540
5541
5542
5543
5544
5545
5546
5547
5548
5549
5550
5551
5552
5553
5554
5555
5556
5557
5558
5559
5560
5561
5562
5563
5564
5565
5566
5567
5568
5569
5570
5571
5572
5573
5574
5575
5576
5577
5578
5579
5580
5581
5582
5583
5584
5585
5586
5587
5588
5589
5590
5591
5592
5593
5594
5595
5596
5597
5677
5678
5679
5680
5599
5600
5601
5602
5603
5604
5605
5606
5607
5608
5609
5610
5611
5612
5613
5614
5615
5616
5617
5618
5619
5620
5621
5622
5623
5624
5625
5626
5627
5628
5629
5630
5631
5632
5633
5634
5635
5636
5637
5638
5639
5640
5641
5642
5643
5644
5645
5646
5647
5648
5649
5650
5651
5652
5653
5654
5655
5656
5657
5658
5659
5660
5661
5662
5663
5664
5665
5666
5667
5668
5669
5670
5671
5672
5673
5674
5675
5676
5692
5693
5694
5695
5696
5697
5698
5699
5700
5701
5702
5703
5704
5705
5706
5707
5708
5709
5710
5711
5712
5713
5714
5715
5716
5717
5718
5719
5720
5721
5723
5722
5766
5741
5742
5743
5744
5745
5746
5747
5748
5749
5750
5751
5752
5753
5754
5755
5756
5757
5758
5759
5760
5761
5762
5763
5764
5765
5792
5794
5793
5795
5767
5768
5769
5770
5771
5772
5773
5774
5775
5776
5777
5778
5779
5780
5781
5782
5783
5784
5785
5786
5787
5788
5789
5790
5791
7479
7480
7481
7482
7483
7485
7486
7487
7488
7489
8713
8715
8716
8717
8718
8719
8720
8721
8722
8723
8724
8725
8726
8727
8728
8729
8730
8731
8732
8733
8734
8735
8736
8737
8738
8739
8740
8741
8742
8743
8744
8745
8773
8772
8771
8770
8746
8747
8748
8749
8750
8751
8752
8753
8754
8755
8756
8757
8758
8759
8760
8761
8762
8763
8764
8765
8766
8767
8768
8769
8798
8802
8803
8801
8800
8799
8774
8775
8776
8777
8778
8779
8780
8781
8782
8783
8784
8785
8786
8787
8788
8789
8790
8791
8792
8793
8794
8795
8796
8797
8843
8844
8845
8847
8848
8849
8850
8851
8852
8853
8854
8855
8856
8857
8858
8859
8860
8861
8862
8863
8864
8865
8866
8867
8868
8872
8869
8871
8870
8893
8889
8890
8891
8892
8873
8874
8875
8876
8877
8878
8879
8880
8881
8882
8883
8884
8885
8886
8887
8888
8935
8931
8933
8932
8934
8927
8928
8929
8930
8911
8912
8913
8914
8915
8916
8917
8918
8919
8920
8921
8922
8923
8924
8925
8926
9256
9257
9258
9259
9260
9261
9262
9263
9264
9265
9266
9267
9268
9269
9270
9271
9272
9273
9274
9275
9276
9277
9278
9279
9280
9281
9282
9283
9284
9285
9286
9287
9288
9289
9290
9291
9292
9293
9294
9295
9296
9297
9298
9299
9300
9301
9302
9303
9304
9305
9306
9307
9308
9309
9310
9311
9312
9313
9314
9315
9316
9317
9318
9319
9320
9321
9322
9323
9324
9332
9331
9330
9329
9333
9397
9362
9363
9364
9365
9366
9334
9335
9336
9337
9338
9339
9340
9341
9342
9343
9344
9345
9346
9347
9348
9349
9350
9351
9352
9353
9354
9355
9356
9357
9358
9359
9360
9361
9367
9368
9369
9370
9371
9372
9373
9374
9375
9376
9377
9378
9379
9380
9381
9382
9383
9384
9385
9386
9387
9388
9389
9390
9391
9392
9393
9394
9395
9396
9464
9463
9462
9461
9465
9466
9426
9427
9428
9429
9430
9398
9399
9400
9401
9402
9403
9404
9405
9406
9407
9408
9409
9410
9411
9412
9413
9414
9415
9416
9417
9418
9419
9420
9421
9422
9423
9424
9425
9431
9432
9433
9434
9435
9436
9437
9438
9439
9440
9441
9442
9443
9444
9445
9446
9447
9448
9449
9450
9451
9452
9453
9454
9455
9456
9457
9458
9459
9460
10039
10040
10041
10042
10043
10044
10045
10046
10047
10048
10049
10050
10051
10052
10053
10054
10055
10056
10057
10058
10059
10060
10061
10062
10063
10064
10065
10066
10067
10068
10069
10070
10071
10072
10073
10074
10075
10076
10077
10078
10079
10080
10081
10082
10083
10084
10085
10086
10087
10088
10089
10090
10091
10092
10093
10094
10095
10096
10097
10098
10099
10100
10101
10102
10103
10104
10135
10136
10137
10105
10106
10107
10108
10109
10110
10111
10112
10113
10114
10115
10116
10117
10118
10119
10120
10121
10122
10123
10124
10125
10126
10127
10128
10129
10130
10131
10132
10133
10134
10218
10219
10220
10221
10222
10223
10224
10225
10226
10227
10228
10229
10230
10231
10232
10234
10233
10245
10243
10244
10235
10236
10237
10238
10239
10240
10241
10242
10270
10272
10271
10273
10268
10269
10260
10261
10262
10263
10264
10265
10266
10267
11243
11244
11245
11246
11247
11248
11249
11250
11251
11254
11253
11252
11255
11260
11259
11256
11257
11258
11267
11265
11264
11268
11269
11266
11261
11262
11263
11321
11322
11323
11324
11325
11326
11327
11328
11329
11330
11331
11332
11333
11334
11335
11336
11337
11338
11339
11340
11341
11342
11343
11344
11345
11346
11347
11364
11348
11349
11350
11351
11352
11353
11354
11355
11356
11357
11358
11359
11360
11361
11362
11363
11365
11366
11367
11368
11369
11370
11371
11372
11373
11374
11401
11375
11376
11377
11378
11379
11380
11381
11382
11383
11384
11385
11386
11387
11388
11389
11390
11391
11392
11393
11394
11395
11396
11397
11398
11399
11400
12058
12060
12061
12062
12063
12064
12065
12066
12067
12177
12178
12179
12180
12181
12186
12187
12188
12189
12190
12191
12192
12193
12194
12195
12196
12197
12200
12198
12199
12212
12214
12211
12213
12204
12205
12206
12207
12208
12209
12210
12201
12202
12203
12228
12225
12226
12229
12231
12227
12230
12218
12219
12220
12221
12222
12223
12224
12215
12216
12217
12553
12554
12555
12556
12557
12558
12559
12560
12561
12562
12563
12564
12565
12566
12567
12568
12569
12570
12571
12572
12573
12574
12575
12576
12577
12578
12579
12580
12581
12582
12583
12584
12585
12614
12586
12587
12588
12589
12590
12591
12592
12593
12594
12595
12596
12597
12598
12599
12600
12601
12602
12603
12604
12605
12606
12607
12608
12609
12610
12611
12612
12613
12643
12644
12645
12615
12616
12617
12618
12619
12620
12621
12622
12623
12624
12625
12626
12627
12628
12629
12630
12631
12632
12633
12634
12635
12636
12637
12638
12639
12640
12641
12642
12854
12855
12856
12857
12858
12859
12860
12861
12862
12863
12864
12865
12866
12867
12868
12869
12870
12872
12873
12874
12875
12876
12877
12878
12879
12880
12901
12902
12899
12898
12900
12893
12894
12895
12896
12897
12881
12882
12883
12884
12885
12886
12887
12888
12889
12890
12891
12892
12904
12905
12906
12903
12931
12932
12929
12928
12930
12923
12924
12925
12926
12927
12907
12908
12909
12910
12911
12912
12913
12918
12919
12920
12921
12922
12915
12916
12917
12914
13099
13100
13140
13141
13142
13143
13144
13145
13146
13147
13148
13149
13150
13151
13152
13153
13154
13155
13156
13157
13158
13159
13160
13161
13162
13163
13164
13165
13166
13167
13168
13169
13170
13171
13172
13173
13174
13175
13176
13177
13178
13179
13180
13181
13182
13183
13184
13185
13186
13187
13188
13189
13190
13191
13192
13193
13194
13195
13196
13197
13198
13199
13200
13201
13202
13203
13204
13205
13206
13207
13208
13209
13210
13211
13212
13213
13214
13225
13228
13226
13215
13230
13224
13223
13217
13218
13221
13216
13229
13222
13227
13220
13219
13291
13231
13232
13233
13234
13235
13236
13237
13238
13239
13240
13241
13242
13243
13244
13245
13246
13247
13248
13249
13250
13251
13252
13253
13254
13255
13256
13257
13258
13259
13260
13261
13262
13263
13264
13265
13266
13267
13268
13269
13270
13271
13272
13273
13274
13275
13276
13277
13278
13279
13280
13281
13282
13283
13284
13285
13286
13287
13288
13289
13290
13363
13366
13364
13352
13368
13362
13361
13354
13355
13359
13353
13367
13360
13365
13358
13356
13357
13292
13293
13294
13295
13296
13297
13298
13299
13300
13301
13302
13303
13304
13305
13306
13307
13308
13309
13310
13311
13312
13313
13314
13315
13316
13317
13318
13319
13320
13321
13322
13323
13324
13325
13326
13327
13328
13329
13330
13331
13332
13333
13334
13335
13336
13337
13338
13339
13340
13341
13342
13343
13344
13345
13346
13347
13348
13349
13350
13351
13882
13883
13890
13891
13892
13893
13894
13895
13896
13897
13898
13899
13901
13902
13903
13904
13905
13906
13907
13908
13909
13910
13911
13912
13913
13914
13915
13916
13917
13918
13919
13942
13921
13938
13931
13922
13934
13943
13937
13925
13920
13941
13924
13936
13939
13940
13944
13935
13923
13926
13927
13928
13929
13930
13932
13933
13949
13950
13946
13947
13948
13945
14021
13998
14017
14008
13999
14013
14022
14016
14002
13997
14020
14001
14015
14018
14019
14023
14014
14000
14003
14004
14005
14006
14007
14009
14010
14011
14012
13994
13995
13996
13993
14219
14224
14225
14226
14227
14228
14229
14230
14231
14232
14237
14236
14233
14238
14235
14234
14240
14239
14249
14250
14257
14256
14253
14258
14255
14254
14260
14259
14251
14252
14295
14296
14297
14298
14299
14300
14301
14302
14303
14304
14305
14306
14307
14308
14309
14310
14311
14312
14313
14314
14315
14316
14317
14318
14319
14320
14321
14322
14323
14348
14324
14325
14326
14327
14328
14329
14330
14331
14332
14333
14334
14335
14336
14337
14338
14339
14340
14341
14342
14343
14344
14345
14346
14347
14373
14375
14374
14349
14350
14351
14352
14353
14354
14355
14356
14357
14358
14359
14360
14361
14362
14363
14364
14365
14366
14367
14368
14369
14370
14371
14372
14417
14418
14419
14420
14421
14422
14423
14424
14425
14426
14427
14428
14429
14430
14431
14432
14433
14434
14435
14436
14437
14438
14449
14450
14439
14440
14441
14442
14443
14444
14445
14446
14447
14448
14451
14452
14453
14454
14455
14456
14457
14458
14459
14460
14481
14482
14461
14462
14463
14464
14465
14466
14467
14468
14469
14470
14471
14472
14473
14474
14475
14476
14477
14478
14479
14480
14503
14504
14505
14506
14507
14508
14509
14511
14510
14516
14515
14512
14513
14514
14523
14522
14521
14520
14517
14518
14519
14541
14542
14544
14545
14546
14547
14548
14549
14550
14551
14552
14553
14554
14555
14556
14557
14558
14559
14560
14561
14562
14563
14564
14565
14566
14568
14569
14570
14567
14591
14579
14580
14581
14582
14583
14584
14585
14586
14587
14588
14589
14590
14571
14572
14573
14574
14575
14576
14577
14578
14613
14614
14616
14612
14615
14600
14601
14602
14603
14604
14605
14606
14607
14608
14609
14610
14611
14592
14593
14594
14595
14596
14597
14598
14599
14651
14652
14653
14654
14656
14655
14838
14851
14853
14852
14954
14955
14956
14957
14958
14959
14960
14961
14962
14963
14964
14965
14966
14967
14968
14969
14970
14971
14972
14973
14974
14975
14976
14977
14978
14979
14980
14981
14982
14983
14984
14985
14986
14987
14988
14989
14990
14991
14992
14993
14994
14995
14996
14997
14998
14999
15019
15020
15021
15022
15000
15001
15002
15003
15004
15005
15006
15007
15008
15009
15010
15011
15012
15013
15014
15015
15016
15017
15018
15115
15143
15144
15145
15146
15147
15148
15149
15150
15151
15152
15153
15154
15155
15156
15157
15158
15159
15160
15161
15162
15163
15164
15165
15166
15167
15168
15169
15170
15171
15172
15173
15174
15175
15176
15177
15178
15179
15180
15181
15182
15183
15184
15185
15186
15187
15188
15189
15190
15191
15235
15236
15234
15237
15218
15219
15220
15221
15222
15223
15224
15225
15226
15227
15228
15229
15230
15231
15232
15233
15192
15193
15194
15195
15196
15197
15198
15199
15200
15201
15202
15203
15204
15205
15206
15207
15208
15209
15210
15211
15212
15213
15214
15215
15216
15217
15284
15285
15282
15283
15281
15286
15265
15266
15267
15268
15269
15270
15271
15272
15273
15274
15275
15276
15277
15278
15279
15280
15239
15240
15241
15242
15243
15244
15245
15246
15247
15248
15249
15250
15251
15252
15253
15254
15255
15256
15257
15258
15259
15260
15261
15262
15263
15264
15725
15726
15727
15728
15736
15737
15752
15753
15754
15755
15756
15757
15758
15759
15760
15765
15761
15762
15763
15764
15771
15772
15770
15766
15767
15768
15769
15872
15873
15874
15875
15876
15877
15923
15924
15925
15926
15931
15927
15928
15929
15930
15960
15961
15962
15963
15964
15965
15966
15967
15968
15969
15970
15971
15972
15973
15974
15975
15976
15977
16035
16036
16025
16026
16027
16028
16029
16030
16031
16032
16033
16034
16047
16048
16051
16049
16050
16037
16038
16039
16040
16041
16042
16043
16044
16045
16046
16166
16167
16168
16169
16170
16171
16172
16173
16174
16175
16176
16177
16178
16179
16180
16181
16182
16183
16184
16185
16186
16187
16188
16189
16190
16191
16192
16193
16194
16195
16196
16197
16198
16199
16200
16201
16202
16203
16204
16205
16206
16207
16208
16209
16210
16211
16212
16213
16214
16215
16216
16217
16218
16219
16220
16221
16222
16223
16224
16225
16226
16227
16228
16229
16230
16231
16263
16264
16232
16233
16234
16235
16236
16237
16238
16239
16240
16241
16242
16243
16244
16245
16246
16247
16248
16249
16250
16251
16252
16253
16254
16255
16256
16257
16258
16259
16260
16261
16262
16285
16286
16288
16289
16290
16291
16292
16293
16294
16295
16296
16297
16593
16594
16595
16596
16597
16598
16599
16600
16601
16602
16603
16604
16606
16607
16608
16609
16610
16611
16612
16613
16614
16615
16616
16617
16625
16626
16627
16628
16629
16618
16619
16620
16621
16622
16623
16624
16636
16637
16638
16639
16640
16643
16644
16645
16646
16647
16648
16649
16650
16651
16652
16653
16654
16663
16655
16656
16657
16658
16659
16660
16661
16662
16672
16673
16674
16675
16676
16664
16665
16666
16667
16668
16669
16670
16671
16871
16872
16873
16874
16875
16876
16877
16878
16879
16880
16881
16882
16883
16884
16885
16886
16887
16888
16889
16890
16891
16892
16893
16894
16895
16896
16897
16898
16899
16900
16901
16902
16903
16904
16905
16906
16907
16908
16909
16910
16911
16912
16913
16914
16915
16955
16956
16916
16917
16918
16919
16920
16921
16922
16923
16924
16925
16926
16927
16928
16929
16930
16931
16932
16933
16934
16935
16936
16937
16938
16939
16940
16941
16942
16943
16944
16945
16946
16947
16948
16949
16950
16951
16952
16953
16954
16996
16997
16998
16999
16957
16958
16959
16960
16961
16962
16963
16964
16965
16966
16967
16968
16969
16970
16971
16972
16973
16974
16975
16976
16977
16978
16979
16980
16981
16982
16983
16984
16985
16986
16987
16988
16989
16990
16991
16992
16993
16994
16995
17028
17029
17030
17031
17032
17034
17033
17036
17037
17035
17042
17039
17040
17041
17038
17108
17109
17110
17111
17112
17113
17114
17115
17116
17117
17118
17119
17120
17121
17122
17123
17124
17125
17126
17127
17128
17129
17130
17131
17132
17133
17134
17135
17136
17137
17138
17139
17140
17141
17142
17153
17154
17155
17156
17157
17158
17159
17160
17161
17162
17163
17164
17165
17166
17167
17168
17169
17170
17171
17172
17173
17143
17144
17145
17146
17147
17148
17149
17150
17151
17152
17206
17207
17185
17186
17187
17188
17189
17190
17191
17192
17193
17194
17195
17196
17197
17198
17199
17200
17201
17202
17203
17204
17205
17175
17176
17177
17178
17179
17180
17181
17182
17183
17184
17549
17550
17551
17552
17553
17554
17555
17556
17557
17559
17560
17561
17562
17563
17564
17565
17566
17567
17568
17570
17571
17572
17573
17574
17575
17576
17577
17579
17580
17581
17582
17583
17584
17585
17586
17587
17588
17589
17590
17591
17592
17594
17595
17596
17597
17598
17599
17600
17601
17602
17603
17604
17605
17606
17607
17608
17609
17610
17611
17612
17613
17614
17615
17616
17617
17618
17619
17620
17621
17627
17622
17623
17625
17626
17624
17628
17680
17666
17673
17690
17689
17663
17670
17687
17688
17668
17681
17679
17686
17682
17684
17678
17667
17665
17669
17664
17683
17685
17671
17672
17674
17675
17676
17677
17646
17647
17648
17631
17632
17633
17649
17650
17651
17652
17653
17654
17655
17656
17657
17658
17659
17660
17661
17662
17629
17630
17634
17635
17636
17637
17638
17639
17640
17641
17642
17643
17644
17645
17751
17728
17732
17743
17750
17734
17759
17746
17729
17738
17758
17757
17725
17735
17755
17756
17731
17747
17745
17754
17748
17752
17744
17730
17727
17733
17726
17749
17753
17736
17737
17739
17740
17741
17742
17708
17709
17710
17693
17694
17695
17711
17712
17713
17714
17715
17716
17717
17718
17719
17720
17721
17722
17723
17724
17691
17692
17696
17697
17698
17699
17700
17701
17702
17703
17704
17705
17706
17707
17839
17840
17841
17845
17846
17847
17848
17849
17850
17851
17852
17853
17854
17855
17856
17857
17858
17859
17860
17861
17862
17863
17864
17865
17866
17867
17868
17869
17870
17871
17872
17873
17874
17875
17876
17877
17878
17879
17880
17881
17882
17883
17884
17885
17886
17887
17888
17889
17890
17891
17892
17893
17894
17895
17896
17897
17898
17899
17900
17901
17902
17903
17904
17905
17906
17907
17908
17909
17910
17911
17916
17917
17918
17919
17920
17921
17922
17923
17924
17925
17926
17927
17928
17929
17930
17931
17932
17933
17934
17935
17936
17937
17938
17939
17940
17941
17942
17943
17944
17945
17946
17947
17948
17949
17950
17951
17952
17953
17954
17955
17956
18045
18051
18048
18044
18046
18049
18047
18050
17991
17992
17993
17994
17995
17996
17997
17998
17999
18000
18001
18002
18003
18004
18005
18006
17957
17958
17959
17960
17961
17962
17963
17964
17965
17966
17967
17968
17969
17970
17971
17972
18007
18008
18009
18010
18011
18012
18013
18014
18015
18016
18017
18018
18019
18020
18021
18022
18023
17978
17979
17980
17981
17982
17983
17984
17985
17986
17987
17988
17989
17990
17973
17974
17975
17976
17977
18024
18025
18026
18027
18028
18029
18030
18031
18032
18033
18034
18035
18036
18037
18038
18039
18040
18041
18042
18043
18059
18060
18061
18062
18063
18064
18065
18066
18067
18052
18053
18054
18055
18056
18057
18058
18172
18178
18175
18171
18173
18176
18174
18177
18118
18119
18120
18121
18122
18123
18124
18125
18126
18127
18128
18129
18130
18131
18132
18133
18084
18085
18086
18087
18088
18089
18090
18091
18092
18093
18094
18095
18096
18097
18098
18099
18134
18135
18136
18137
18138
18139
18140
18141
18142
18143
18144
18145
18146
18147
18148
18149
18150
18105
18106
18107
18108
18109
18110
18111
18112
18113
18114
18115
18116
18117
18100
18101
18102
18103
18104
18151
18152
18153
18154
18155
18156
18157
18158
18159
18160
18161
18162
18163
18164
18165
18166
18167
18168
18169
18170
18075
18076
18077
18078
18079
18080
18081
18082
18083
18068
18069
18070
18071
18072
18073
18074
18634
18635
18636
18637
18638
18639
18640
18641
18642
18646
18645
18644
18643
18647
18648
18649
18650
18651
18660
18659
18658
18654
18652
18653
18655
18656
18657
19321
19324
19325
19326
19327
19328
19329
19330
19331
19332
19333
19335
19336
19337
19338
19339
19340
19341
19342
19343
19344
19345
19346
19347
19348
19349
19350
19351
19352
19353
19354
19356
19357
19358
19359
19360
19361
19362
19363
19364
19365
19366
19370
19372
19368
19373
19369
19367
19371
19397
19407
19398
19408
19401
19403
19405
19404
19400
19402
19399
19406
19376
19377
19378
19379
19382
19383
19384
19385
19386
19387
19388
19389
19390
19391
19394
19395
19396
19380
19381
19374
19375
19392
19393
19439
19445
19433
19450
19436
19432
19444
19434
19448
19435
19449
19440
19442
19446
19443
19438
19441
19437
19447
19411
19412
19413
19414
19417
19418
19419
19420
19421
19422
19423
19424
19425
19426
19429
19430
19431
19415
19416
19409
19410
19427
19428
20380
20381
20382
20383
20384
20400
20401
20402
20403
20404
20405
20406
20407
20408
20409
20411
20412
20413
20414
20415
20416
20417
20418
20419
20420
20421
20422
20423
20424
20425
20426
20427
20428
20429
20430
20431
20432
20433
20434
20435
20436
20437
20438
20439
20440
20441
20442
20443
20444
20445
20446
20447
20448
20449
20450
20451
20452
20453
20454
20455
20456
20457
20458
20459
20460
20461
20462
20463
20464
20465
20466
20467
20468
20469
20470
20471
20472
20473
20474
20475
20476
20477
20478
20479
20480
20481
20482
20483
20484
20485
20487
20488
20486
20571
20575
20565
20563
20574
20573
20572
20568
20570
20567
20569
20566
20564
20524
20525
20526
20527
20528
20529
20530
20531
20532
20533
20534
20535
20536
20537
20538
20539
20540
20541
20542
20543
20544
20545
20546
20489
20490
20491
20492
20493
20494
20495
20496
20497
20498
20499
20500
20501
20519
20520
20521
20522
20523
20547
20548
20549
20550
20551
20552
20553
20554
20555
20556
20557
20558
20559
20560
20561
20562
20506
20507
20508
20509
20510
20511
20512
20513
20514
20515
20516
20517
20518
20502
20503
20504
20505
20663
20664
20654
20660
20666
20653
20651
20665
20662
20661
20657
20659
20656
20658
20655
20652
20612
20613
20614
20615
20616
20617
20618
20619
20620
20621
20622
20623
20624
20625
20626
20627
20628
20629
20630
20631
20632
20633
20634
20577
20578
20579
20580
20581
20582
20583
20584
20585
20586
20587
20588
20589
20607
20608
20609
20610
20611
20635
20636
20637
20638
20639
20640
20641
20642
20643
20644
20645
20646
20647
20648
20649
20650
20594
20595
20596
20597
20598
20599
20600
20601
20602
20603
20604
20605
20606
20590
20591
20592
20593
20841
20842
20843
20844
20845
20846
20847
20848
20849
20858
20850
20851
20852
20853
20854
20855
20856
20857
21022
21023
21030
21031
21032
21033
21034
21035
21036
21037
21038
21039
21040
21041
21042
21043
21044
21045
21046
21047
21048
21049
21050
21051
21072
21073
21074
21075
21099
21094
21095
21091
21097
21093
21098
21096
21092
21076
21077
21078
21079
21080
21081
21082
21083
21084
21085
21086
21087
21088
21089
21090
21100
21101
21102
21103
21131
21126
21127
21123
21129
21125
21130
21128
21124
21107
21108
21109
21110
21111
21112
21113
21114
21115
21116
21118
21119
21120
21121
21122
21104
21105
21106
21117
21617
21618
21619
21620
21621
21622
21623
21624
21625
21626
21627
21628
21734
21735
21736
21737
21758
21759
21760
21761
21762
21763
21764
21765
21766
21767
21768
21769
21770
21771
21772
21773
21774
21775
21792
21793
21776
21777
21778
21779
21780
21781
21782
21783
21784
21785
21786
21787
21788
21789
21790
21791
21810
21813
21811
21812
21794
21795
21796
21797
21798
21799
21800
21801
21802
21803
21804
21805
21806
21807
21808
21809
21825
21826
21827
21828
21829
21830
21831
21832
21833
21834
21835
21836
21837
21838
21839
21840
21841
21842
21843
21844
21845
21846
21847
21848
21849
21850
21851
21852
21853
21854
21855
21856
21857
21858
21886
21887
21888
21872
21873
21874
21875
21876
21877
21878
21879
21880
21881
21882
21883
21884
21885
21889
21890
21891
21892
21893
21894
21895
21896
21897
21898
21899
21900
21901
21902
21903
21904
21905
21937
21938
21939
21906
21907
21908
21909
21910
21911
21912
21913
21914
21915
21916
21917
21918
21919
21920
21921
21922
21923
21924
21925
21926
21927
21928
21929
21930
21931
21932
21933
21934
21935
21936
22110
22111
22112
22113
22114
22115
22117
22118
22119
22120
22121
22122
22123
22124
22125
22126
22127
22128
22129
22130
22131
22132
22133
22134
22135
22136
22137
22138
22139
22140
22141
22142
22143
22144
22145
22146
22147
22148
22149
22150
22151
22152
22153
22154
22155
22156
22157
22158
22159
22160
22161
22162
22163
22164
22165
22166
22167
22168
22169
22170
22171
22172
22173
22174
22175
22176
22177
22178
22179
22180
22185
22187
22192
22194
22195
22199
22188
22183
22190
22198
22182
22186
22191
22197
22193
22184
22196
22189
22249
22251
22248
22250
22219
22220
22221
22222
22223
22224
22225
22226
22227
22228
22229
22230
22231
22232
22233
22234
22235
22236
22237
22238
22239
22240
22241
22242
22200
22201
22202
22203
22204
22205
22206
22243
22244
22245
22246
22247
22207
22208
22209
22210
22211
22212
22213
22214
22215
22216
22217
22218
22304
22307
22313
22316
22317
22321
22309
22301
22311
22320
22300
22305
22312
22319
22314
22303
22318
22310
22306
22315
22302
22308
22271
22272
22273
22274
22275
22276
22277
22278
22279
22280
22281
22282
22283
22284
22285
22286
22287
22288
22289
22290
22291
22292
22293
22294
22252
22253
22254
22255
22256
22257
22258
22295
22296
22297
22298
22299
22259
22260
22261
22262
22263
22264
22265
22266
22267
22268
22269
22270
22376
22377
22378
22379
22380
22381
22382
22383
22384
22386
22385
22387
22388
22389
22390
22391
22392
22393
22402
22401
22394
22395
22396
22397
22398
22399
22400
22464
22482
22483
22484
22485
22486
22487
22488
22489
22496
22491
22492
22493
22490
22494
22495
22497
22498
22527
22520
22521
22522
22519
22525
22526
22523
22524
22846
22847
22848
22849
22850
22851
22852
22853
22854
22855
22856
22857
22858
22859
22860
22861
22862
22863
22864
22865
22866
22867
22868
22869
22870
22871
22872
22874
22875
22876
22877
22878
22879
22895
22894
22896
22880
22881
22882
22883
22884
22885
22886
22887
22888
22889
22890
22891
22892
22893
22903
22904
22905
22906
22907
22908
22909
22910
22911
22912
22897
22898
22899
22900
22901
22902
22944
22943
22945
22929
22930
22931
22932
22933
22934
22935
22936
22937
22938
22939
22940
22941
22942
22919
22920
22921
22922
22923
22924
22925
22926
22927
22928
22913
22914
22915
22916
22917
22918
22977
22978
22979
22980
22981
22982
22983
22984
22985
22986
22987
22988
22989
22990
22991
22992
22993
22994
22995
22996
22997
22998
22999
23000
23001
23002
23003
23004
23005
23008
23007
23009
23010
23011
23012
23013
23014
23015
23016
23017
23018
23019
23020
23021
23022
23023
23024
23025
23026
23027
23028
23029
23030
23031
23032
23033
23034
23035
23064
23063
23036
23037
23038
23039
23040
23041
23042
23043
23044
23045
23046
23047
23048
23049
23050
23051
23052
23053
23054
23055
23056
23057
23058
23059
23060
23061
23062
23321
23322
23323
23324
23325
23326
23327
23328
23329
23330
23331
23332
23333
23334
23335
23336
23337
23338
23339
23340
23341
23342
23343
23344
23345
23346
23347
23348
23349
23350
23351
23352
23353
23354
23355
23356
23357
23358
23359
23360
23361
23362
23363
23364
23365
23366
23367
23368
23369
23370
23413
23412
23410
23411
23383
23384
23385
23386
23387
23388
23389
23390
23391
23392
23393
23394
23395
23396
23397
23398
23399
23400
23401
23402
23403
23404
23405
23406
23407
23408
23409
23414
23415
23416
23417
23418
23419
23420
23421
23422
23423
23424
23425
23426
23427
23428
23429
23430
23431
23432
23482
23481
23479
23480
23433
23434
23435
23436
23437
23438
23439
23440
23441
23442
23443
23444
23445
23446
23447
23448
23449
23450
23451
23452
23453
23454
23455
23456
23457
23458
23459
23460
23461
23462
23463
23464
23465
23466
23467
23468
23469
23470
23471
23472
23473
23474
23475
23476
23477
23478
23489
23490
23491
23492
23493
23494
23495
23496
23497
23498
23499
23500
23501
23502
23503
23504
23520
23521
23522
23523
23524
23525
23526
23527
23528
23529
23530
23531
23532
23533
23534
23535
23536
23537
23538
23539
23540
23541
23542
23543
23544
23545
23546
23547
23548
23549
23565
23562
23564
23563
23550
23551
23552
23553
23554
23555
23556
23557
23558
23559
23560
23561
23566
23567
23568
23569
23570
23571
23572
23573
23574
23575
23576
23577
23578
23579
23580
23581
23582
23583
23584
23585
23586
23587
23588
23589
23590
23591
23592
23593
23594
23595
23641
23638
23640
23639
23626
23627
23628
23629
23630
23631
23632
23633
23634
23635
23636
23637
23596
23597
23598
23599
23600
23601
23602
23603
23604
23605
23606
23607
23608
23609
23610
23611
23612
23613
23614
23615
23616
23617
23618
23619
23620
23621
23622
23623
23624
23625
23693
23694
23749
23750
23751
23752
23753
23754
23755
23757
23758
23759
23756
23762
23760
23761
23766
23768
23769
23770
23767
23765
23763
23764
23857
23858
23859
23860
23861
23862
23863
23865
23864
23866
23867
23868
23870
23874
23873
23869
23871
23872
24072
24073
24074
24075
24076
24077
24078
24079
24080
24081
24082
24083
24084
24085
24086
24087
24088
24089
24090
24091
24092
24094
24095
24096
24097
24098
24099
24100
24101
24102
24103
24104
24105
24106
24107
24108
24109
24110
24111
24112
24113
24114
24115
24116
24117
24118
24119
24120
24121
24122
24123
24124
24125
24126
24127
24128
24129
24130
24131
24132
24133
24134
24135
24136
24137
24138
24139
24159
24160
24140
24141
24142
24143
24144
24145
24146
24147
24148
24149
24150
24151
24152
24153
24154
24155
24156
24157
24158
24161
24162
24163
24164
24165
24166
24167
24168
24169
24170
24171
24172
24173
24174
24175
24176
24177
24178
24179
24180
24181
24182
24183
24184
24185
24186
24187
24188
24189
24190
24191
24192
24193
24194
24195
24196
24197
24198
24199
24200
24201
24202
24203
24204
24205
24206
24272
24273
24207
24208
24209
24210
24211
24212
24213
24214
24215
24216
24217
24218
24219
24220
24221
24222
24223
24224
24225
24226
24227
24228
24229
24230
24231
24232
24233
24234
24235
24236
24237
24238
24239
24240
24241
24242
24243
24244
24245
24246
24247
24248
24249
24250
24251
24252
24253
24254
24255
24256
24257
24258
24259
24260
24261
24262
24263
24264
24265
24266
24267
24268
24269
24270
24271
24297
24298
24299
24300
24301
24302
24303
24304
24305
24306
24307
24308
24309
24310
24311
24313
24314
24327
24326
24315
24316
24317
24318
24319
24320
24321
24322
24323
24324
24325
24339
24341
24342
24340
24328
24329
24330
24331
24332
24333
24334
24335
24336
24337
24338
24471
24472
24473
24474
24475
24476
24477
24479
24480
24481
24482
24483
24484
24485
24486
24487
24488
24502
24503
24504
24505
24506
24507
24508
24509
24510
24511
24518
24519
24520
24521
24522
24523
24524
24525
24526
24527
24542
24543
24544
24545
24546
24547
24548
24549
24550
24551
24552
24553
24569
24568
24567
24563
24557
24559
24556
24558
24555
24561
24554
24562
24560
24565
24564
24570
24566
24602
24599
24584
24585
24583
24593
24601
24590
24592
24591
24597
24595
24600
24598
24594
24589
24588
24596
24586
24587
24571
24572
24573
24574
24575
24576
24577
24578
24579
24580
24581
24582
24648
24646
24644
24636
24621
24630
24620
24623
24618
24634
24615
24635
24631
24639
24637
24649
24640
24651
24645
24617
24619
24616
24632
24650
24627
24629
24628
24642
24638
24647
24643
24633
24626
24625
24641
24622
24624
24603
24604
24605
24606
24607
24608
24609
24610
24611
24612
24613
24614
24669
24670
24671
24672
24701
24702
24703
24704
24705
24706
24707
24708
24709
24710
24711
24712
24713
24714
24715
24716
24717
24718
24719
24720
24735
24736
24734
24721
24722
24723
24724
24725
24726
24727
24728
24729
24730
24731
24732
24733
24750
24752
24753
24754
24751
24737
24738
24739
24740
24741
24742
24743
24744
24745
24746
24747
24748
24749
24790
24791
24792
24793
24794
24795
24796
24798
24797
24799
24803
24800
24801
24802
24809
24808
24810
24807
24804
24805
24806
24855
24856
24858
24859
24860
24861
24862
24863
24864
24865
24866
24867
24868
24869
24870
24871
24872
24873
24874
24875
24876
24877
24878
24879
24880
24881
24882
24883
24884
24885
24886
24887
24888
24889
24890
24891
24892
24893
24894
24895
24896
24897
24898
24899
24901
24900
24943
24942
24928
24929
24930
24931
24932
24933
24934
24935
24936
24937
24938
24939
24940
24941
24902
24903
24904
24905
24906
24907
24908
24909
24910
24911
24912
24913
24914
24915
24916
24917
24918
24919
24920
24921
24922
24923
24924
24925
24926
24927
24986
24985
24987
24984
24970
24971
24972
24973
24974
24975
24976
24977
24978
24979
24980
24981
24982
24983
24944
24945
24946
24947
24948
24949
24950
24951
24952
24953
24954
24955
24956
24957
24958
24959
24960
24961
24962
24963
24964
24965
24966
24967
24968
24969
25613
25614
25615
25616
25617
25618
25619
25620
25621
25622
25624
25625
25626
25627
25628
25629
25630
25631
25632
25633
25634
25635
25636
25637
25638
25639
25640
25641
25642
25643
25644
25645
25646
25647
25648
25649
25650
25651
25652
25653
25654
25655
25657
25660
25658
25656
25659
25693
25692
25696
25695
25694
25697
25666
25667
25668
25684
25685
25686
25687
25688
25675
25676
25677
25678
25679
25680
25681
25682
25683
25689
25690
25691
25669
25670
25671
25672
25673
25674
25661
25662
25663
25664
25665
25733
25736
25734
25729
25735
25731
25730
25738
25737
25732
25739
25703
25704
25705
25721
25722
25723
25724
25725
25712
25713
25714
25715
25716
25717
25718
25719
25720
25726
25727
25728
25706
25707
25708
25709
25710
25711
25698
25699
25700
25701
25702
26513
26514
26515
26516
26517
26518
26519
26520
26521
26522
26523
26524
26525
26526
26527
26528
26529
26530
26531
26532
26533
26534
26535
26536
26537
26538
26539
26540
26541
26542
26543
26544
26545
26563
26564
26565
26566
26567
26546
26547
26548
26549
26550
26551
26552
26553
26554
26555
26556
26557
26558
26559
26560
26561
26562
26578
26579
26580
26581
26582
26583
26584
26585
26586
26587
26588
26617
26618
26619
26620
26621
26589
26590
26591
26592
26593
26594
26595
26596
26597
26598
26599
26600
26601
26602
26603
26604
26605
26606
26607
26608
26609
26610
26611
26612
26613
26614
26615
26616
26653
26654
26655
26656
26657
26658
26659
26660
26661
26662
26663
26664
26665
26666
26667
26668
26669
26670
26671
26672
26673
26674
26675
26676
26677
26678
26679
26680
26695
26694
26681
26682
26683
26684
26685
26686
26687
26688
26689
26690
26691
26692
26693
26696
26697
26698
26699
26700
26701
26702
26703
26704
26705
26706
26707
26708
26736
26735
26709
26710
26711
26712
26713
26714
26715
26716
26717
26718
26719
26720
26721
26722
26723
26724
26725
26726
26727
26728
26729
26730
26731
26732
26733
26734
26983
26984
26985
26986
27132
27133
27134
27135
27136
27137
27138
27139
27140
27141
27142
27143
27144
27145
27146
27147
27148
27149
27150
27151
27152
27153
27154
27155
27156
27157
27158
27159
27161
27162
27163
27164
27165
27166
27167
27168
27169
27170
27171
27172
27173
27174
27175
27176
27177
27178
27179
27180
27181
27182
27183
27184
27185
27186
27187
27188
27189
27190
27191
27192
27193
27194
27195
27196
27197
27198
27199
27200
27201
27202
27203
27204
27205
27206
27207
27208
27209
27210
27211
27215
27220
27222
27216
27214
27223
27221
27219
27217
27212
27218
27213
27262
27263
27264
27265
27266
27267
27268
27269
27270
27271
27272
27273
27274
27275
27246
27247
27248
27249
27250
27251
27280
27281
27282
27283
27284
27285
27286
27287
27288
27289
27290
27291
27292
27293
27294
27276
27277
27278
27279
27252
27253
27254
27255
27256
27257
27258
27259
27260
27261
27224
27225
27226
27227
27228
27229
27230
27231
27232
27233
27234
27235
27236
27237
27238
27239
27240
27241
27242
27243
27244
27245
27369
27374
27376
27370
27368
27377
27375
27373
27371
27366
27372
27367
27333
27334
27335
27336
27337
27338
27339
27340
27341
27342
27343
27344
27345
27346
27317
27318
27319
27320
27321
27322
27351
27352
27353
27354
27355
27356
27357
27358
27359
27360
27361
27362
27363
27364
27365
27347
27348
27349
27350
27323
27324
27325
27326
27327
27328
27329
27330
27331
27332
27295
27296
27297
27298
27299
27300
27301
27302
27303
27304
27305
27306
27307
27308
27309
27310
27311
27312
27313
27314
27315
27316
27392
27423
27424
27425
27426
27427
27428
27429
27430
27431
27432
27433
27434
27435
27436
27437
27438
27439
27440
27441
27443
27442
27461
27444
27445
27446
27447
27448
27449
27450
27451
27452
27453
27454
27455
27456
27457
27458
27459
27460
27481
27479
27480
27462
27463
27464
27465
27466
27467
27468
27469
27470
27471
27472
27473
27474
27475
27476
27477
27478
27522
27544
27545
27546
27547
27548
27549
27550
27551
27552
27554
27553
27560
27561
27562
27555
27556
27557
27558
27559
27572
27571
27568
27569
27570
27563
27564
27565
27566
27567
27807
27808
27809
27810
27824
27825
27826
27827
27828
27829
27830
27831
27832
27833
27834
27835
27836
27837
27838
27839
27840
27841
27842
27843
27844
27845
27846
27847
27848
27849
27850
27851
27852
27853
27854
27855
27856
27857
27858
27859
27860
27861
27862
27863
27864
27865
27866
27867
27897
27898
27899
27900
27901
27868
27869
27870
27871
27872
27873
27874
27875
27876
27877
27878
27879
27880
27881
27882
27883
27884
27885
27886
27887
27888
27889
27890
27891
27892
27893
27894
27895
27896
27902
27903
27904
27905
27906
27907
27908
27909
27910
27911
27912
27913
27914
27915
27959
27960
27961
27962
27963
27916
27917
27918
27919
27920
27921
27922
27923
27924
27925
27926
27927
27928
27929
27930
27931
27932
27933
27934
27935
27936
27937
27938
27939
27940
27941
27942
27943
27944
27945
27946
27947
27948
27949
27950
27951
27952
27953
27954
27955
27956
27957
27958
28014
28015
28045
28046
28047
28048
28049
28050
28051
28052
28053
28054
28055
28056
28057
28131
28132
28134
28133
29347
29348
29349
29350
29351
29352
29353
29354
29355
29356
29357
29358
29359
29360
29361
29364
29367
29365
29366
29362
29363
29368
29369
29370
29371
29372
29373
29374
29375
29376
29388
29391
29389
29390
29377
29378
29379
29380
29381
29382
29383
29384
29385
29386
29387
30354
30355
30357
30358
30359
30360
30361
30362
30363
30364
30365
30366
30367
30368
30369
30371
30373
30374
30372
30370
30381
30382
30384
30383
30375
30376
30377
30378
30379
30380
30397
30399
30400
30398
30396
30392
30393
30395
30394
30386
30387
30388
30389
30390
30391
30526
30527
30528
30529
30530
30531
30532
30533
30540
30541
30550
30545
30549
30547
30543
30546
30542
30544
30548
30551
30561
30555
30560
30558
30553
30556
30552
30554
30559
30557
30649
30650
30651
30652
30653
30654
30655
30656
30657
30658
30659
30660
30661
30662
30663
30664
30665
30666
30667
30668
30669
30670
30671
30672
30673
30674
30675
30676
30677
30678
30679
30680
30681
30682
30683
30684
30685
30686
30687
30688
30689
30690
30691
30692
30693
30694
30695
30696
30697
30698
30699
30700
30701
30702
30703
30704
30705
30706
30707
30708
30709
30710
30711
30712
30713
30714
30715
30716
30717
30718
30719
30720
30721
30722
30723
30724
30725
30726
30727
30730
30731
30732
30808
30733
30734
30735
30736
30737
30738
30739
30740
30741
30742
30743
30744
30745
30746
30747
30748
30749
30750
30751
30752
30753
30754
30755
30756
30757
30758
30759
30760
30761
30762
30763
30764
30765
30766
30767
30768
30769
30770
30771
30772
30773
30774
30775
30776
30777
30778
30779
30780
30781
30782
30783
30784
30785
30786
30787
30788
30789
30790
30791
30792
30793
30794
30795
30796
30797
30798
30799
30800
30801
30802
30803
30804
30805
30806
30807
30884
30885
30886
30887
30809
30810
30811
30812
30813
30814
30815
30816
30817
30818
30819
30820
30821
30822
30823
30824
30825
30826
30827
30828
30829
30830
30831
30832
30833
30834
30835
30836
30837
30838
30839
30840
30841
30842
30843
30844
30845
30846
30847
30848
30849
30850
30851
30852
30853
30854
30855
30856
30857
30858
30859
30860
30861
30862
30863
30864
30865
30866
30867
30868
30869
30870
30871
30872
30873
30874
30875
30876
30877
30878
30879
30880
30881
30882
30883
30894
30895
30896
30897
30898
30899
30900
30901
30902
30903
30904
30905
30906
30907
30908
30909
30910
30911
30912
30913
30914
30915
30916
30917
30918
30919
30920
30921
30922
30923
30924
30925
30926
30927
30928
30929
30930
30931
30932
30933
30934
30935
30936
30937
30938
30939
30940
30964
30965
30966
30967
30968
30969
30970
30971
30972
30973
30974
30975
30976
30977
30978
30979
30980
30981
30982
30983
31044
30984
30985
30986
30987
30988
30989
30990
30991
30992
30993
30994
30995
30996
30997
30998
30999
31000
31001
31002
31003
31004
31005
31006
31007
31008
31009
31010
31011
31012
31013
31014
31015
31016
31017
31018
31019
31020
31021
31022
31023
31024
31025
31026
31027
31028
31029
31030
31031
31032
31033
31034
31035
31036
31037
31038
31039
31040
31041
31042
31043
31106
31107
31108
31105
31045
31046
31047
31048
31049
31050
31051
31052
31053
31054
31055
31056
31057
31058
31059
31060
31061
31062
31063
31064
31065
31066
31067
31068
31069
31070
31071
31072
31073
31074
31075
31076
31077
31078
31079
31080
31081
31082
31083
31084
31085
31086
31087
31088
31089
31090
31091
31092
31093
31094
31095
31096
31097
31098
31099
31100
31101
31102
31103
31104
31236
31237
31238
31239
31240
31241
31242
31243
31244
31246
31247
31248
31249
31258
31260
31257
31259
31261
31250
31251
31252
31253
31254
31255
31256
31262
31272
31274
31271
31273
31275
31264
31265
31266
31267
31268
31269
31270
31263
31553
31554
31555
31556
31557
31558
31559
31560
31561
31562
31563
31564
31565
31566
31567
31568
31569
31570
31571
31573
31577
31572
31574
31576
31575
31593
31581
31582
31583
31584
31585
31586
31587
31588
31589
31590
31591
31592
31608
31612
31606
31609
31611
31610
31607
31594
31595
31596
31597
31598
31599
31600
31601
31602
31603
31604
31605
31710
31711
31712
31713
31714
31715
31716
31717
31718
31719
31720
31721
31722
31723
31724
31725
31726
31727
31728
31729
31730
31731
31732
31803
31804
31796
31797
31798
31799
31800
31801
31802
31805
31806
31807
31808
31809
31810
31811
31812
31813
31814
31815
31816
31817
31818
31840
31841
31819
31820
31821
31822
31823
31824
31825
31826
31827
31828
31829
31830
31831
31832
31833
31834
31835
31836
31837
31838
31839
32733
32734
32735
32736
32738
32739
32740
32741
32742
32743
32744
32745
32746
32747
32748
32749
32750
32752
32751
32767
32766
32753
32754
32755
32756
32757
32758
32759
32760
32761
32762
32763
32764
32765
32784
32782
32783
32781
32768
32769
32770
32771
32772
32773
32774
32775
32776
32777
32778
32779
32780
32796
32797
32798
32799
32800
32802
32803
32804
32805
32806
32807
32808
32809
32810
32811
32812
32813
32814
32815
32816
32817
32818
32819
32820
32821
32822
32823
32824
32825
32826
32827
32828
32829
32833
32832
32836
32835
32834
32830
32831
32839
32840
32841
32842
32837
32838
32848
32849
32850
32843
32844
32845
32846
32847
32851
32852
32853
32854
32855
32856
32857
32858
32859
32860
32861
32862
32893
32892
32896
32895
32894
32866
32867
32868
32869
32870
32871
32864
32865
32877
32878
32879
32872
32873
32874
32875
32876
32880
32881
32882
32883
32884
32885
32886
32887
32888
32889
32890
32891
32939
32940
32941
32942
32943
32944
32945
32946
32947
32948
32949
32950
32951
32952
32953
32954
32955
32956
32957
32958
32959
32960
32961
32962
32963
32964
32965
32966
32967
32968
32969
32970
32971
32972
32973
32974
32975
32976
32977
32978
32979
33005
33004
32980
32981
32982
32983
32984
32985
32986
32987
32988
32989
32990
32991
32992
32993
32994
32995
32996
32997
32998
32999
33000
33001
33002
33003
33006
33007
33008
33009
33010
33011
33012
33013
33014
33015
33016
33017
33018
33019
33020
33062
33061
33022
33023
33024
33025
33026
33027
33028
33029
33030
33031
33032
33033
33034
33035
33036
33037
33038
33039
33040
33041
33042
33043
33044
33045
33046
33047
33048
33049
33050
33051
33052
33053
33054
33055
33056
33057
33058
33059
33060
33327
33328
33329
33330
33331
33332
33333
33334
33335
33336
33337
33338
33339
33340
33341
33342
33343
33344
33345
33346
33347
33348
33349
33350
33351
33352
33353
33354
33355
33356
33357
33358
33359
33377
33378
33360
33361
33362
33363
33364
33365
33366
33367
33368
33369
33370
33371
33372
33373
33374
33375
33376
33379
33380
33381
33382
33383
33384
33385
33386
33387
33388
33389
33390
33391
33392
33424
33425
33393
33394
33395
33396
33397
33398
33399
33400
33401
33402
33403
33404
33405
33406
33407
33408
33409
33410
33411
33412
33413
33414
33415
33416
33417
33418
33419
33420
33421
33422
33423
33455
33456
33457
33458
33459
33460
33461
33462
33463
33464
33465
33466
33467
33468
33469
33470
33471
33472
33473
33474
33475
33476
33477
33478
33490
33491
33492
33479
33480
33481
33482
33483
33484
33485
33486
33487
33488
33489
33493
33494
33495
33496
33497
33498
33499
33500
33501
33502
33524
33525
33526
33503
33504
33505
33506
33507
33508
33509
33510
33511
33512
33513
33514
33515
33516
33517
33518
33519
33520
33521
33522
33523
34066
34067
34069
34070
34071
34072
34073
34074
34075
34076
34077
34078
34079
34080
34081
34082
34083
34084
34085
34086
34087
34088
34089
34090
34091
34092
34093
34094
34095
34096
34097
34098
34099
34100
34101
34102
34133
34134
34103
34104
34105
34106
34107
34108
34109
34110
34111
34112
34113
34114
34115
34116
34117
34118
34119
34120
34121
34122
34123
34124
34125
34126
34127
34128
34129
34130
34131
34132
34165
34166
34167
34168
34135
34136
34137
34138
34139
34140
34141
34142
34143
34144
34145
34146
34147
34148
34149
34150
34151
34152
34153
34154
34155
34156
34157
34158
34159
34160
34161
34162
34163
34164
34494
34495
34496
34497
34499
34500
34501
34502
34503
34504
34505
34506
34507
34508
34509
34510
34511
34512
34513
34514
34515
34516
34517
34518
34519
34520
34521
34522
34523
34524
34525
34526
34527
34528
34529
34530
34531
34532
34533
34534
34535
34536
34537
34538
34539
34540
34541
34573
34572
34574
34571
34542
34543
34544
34545
34546
34547
34548
34549
34550
34551
34552
34553
34554
34555
34556
34557
34558
34559
34560
34561
34562
34563
34564
34565
34566
34567
34568
34569
34570
34575
34576
34577
34578
34579
34580
34581
34582
34583
34584
34585
34586
34587
34588
34634
34633
34635
34632
34589
34590
34591
34592
34593
34594
34595
34596
34597
34598
34599
34600
34601
34602
34603
34604
34605
34606
34607
34608
34609
34610
34611
34612
34613
34614
34615
34616
34617
34618
34619
34620
34621
34622
34623
34624
34625
34626
34627
34628
34629
34630
34631
34641
34642
34644
34645
34646
34647
34648
34649
34654
34651
34652
34653
34650
34657
34656
34655
34665
34661
34662
34664
34660
34663
34659
34658
34709
34710
34711
34712
34713
34714
34715
34716
34717
34718
34719
34720
34721
34722
34723
34724
34725
34726
34727
34728
34729
34730
34731
34732
34733
34734
34735
34736
34737
34738
34751
34752
34753
34754
34755
34756
34757
34758
34759
34760
34761
34762
34763
34764
34765
34766
34739
34740
34741
34742
34743
34744
34745
34746
34747
34748
34749
34750
34795
34779
34780
34781
34782
34783
34784
34785
34786
34787
34788
34789
34790
34791
34792
34793
34794
34767
34768
34769
34770
34771
34772
34773
34774
34775
34776
34777
34778
34843
34844
34846
34847
34848
34849
34850
34851
34852
34853
34854
34855
34856
34857
34858
34859
34869
34860
34861
34862
34863
34864
34865
34866
34867
34868
34879
34880
34881
34882
34870
34871
34872
34873
34874
34875
34876
34877
34878
35047
35048
35049
35050
35051
35052
35053
35054
35055
35056
35057
35058
35059
35060
35061
35062
35063
35064
35065
35066
35067
35070
35072
35073
35071
35090
35089
35074
35075
35076
35077
35078
35079
35080
35081
35082
35083
35084
35085
35086
35087
35088
35106
35108
35109
35107
35111
35110
35091
35092
35093
35094
35095
35096
35097
35098
35099
35100
35101
35102
35103
35104
35105
35204
35205
35206
35207
35236
35237
35238
35239
35240
35241
35242
35243
35244
35245
35246
35247
35248
35249
35250
35251
35252
35253
35254
35255
35256
35257
35258
35259
35260
35261
35262
35263
35264
35265
35266
35267
35282
35289
35287
35283
35285
35284
35288
35286
35268
35269
35270
35271
35272
35273
35274
35275
35276
35277
35278
35279
35280
35281
35290
35291
35292
35293
35294
35295
35296
35297
35298
35299
35300
35301
35302
35303
35332
35339
35337
35333
35335
35334
35338
35336
35304
35305
35306
35307
35308
35309
35310
35311
35312
35313
35314
35315
35316
35317
35318
35319
35320
35321
35322
35323
35324
35325
35326
35327
35328
35329
35330
35331
35709
35710
35711
35712
35713
35714
35715
35716
35717
35718
35719
35720
35721
35722
35723
35724
35725
35726
35727
35728
35729
35730
35731
35732
35733
35734
35735
35736
35737
35738
35739
35740
35741
35742
35743
35744
35745
35746
35747
35748
35749
35750
35751
35756
35758
35757
35773
35774
35775
35776
35777
35778
35786
35787
35788
35789
35790
35791
35792
35793
35794
35795
35796
35797
35798
35782
35783
35784
35785
35779
35780
35781
35759
35760
35761
35762
35763
35764
35765
35766
35767
35768
35769
35770
35771
35772
35839
35841
35840
35813
35814
35815
35816
35817
35818
35826
35827
35828
35829
35830
35831
35832
35833
35834
35835
35836
35837
35838
35822
35823
35824
35825
35819
35820
35821
35799
35800
35801
35802
35803
35804
35805
35806
35807
35808
35809
35810
35811
35812
36456
36457
36458
36459
36461
36462
36463
36464
36465
36466
36467
36473
36476
36475
36474
36468
36469
36470
36471
36472
36486
36482
36485
36484
36483
36477
36478
36479
36480
36481
36501
36502
36503
36504
36506
36507
36508
36509
36510
36511
36512
36513
36514
36515
36516
36517
36518
36519
36530
36520
36525
36523
36522
36524
36529
36527
36526
36528
36521
36531
36532
36533
36534
36535
36536
36537
36557
36547
36552
36550
36549
36551
36556
36554
36553
36555
36548
36540
36541
36542
36543
36544
36545
36546
36878
36879
36880
36881
36882
36883
36884
36885
36889
36886
36887
36888
36894
36895
36893
36890
36891
36892
37006
37007
37008
37009
37010
37011
37012
37013
37020
37021
37022
37023
37024
37025
37026
37027
37030
37028
37029
37031
37042
37043
37040
37041
37036
37037
37038
37039
37033
37034
37035
37032
37057
37052
37054
37058
37056
37059
37053
37055
37048
37049
37050
37051
37045
37046
37047
37044
37226
37227
37229
37230
37231
37232
37233
37234
37235
37236
37237
37238
37239
37240
37241
37242
37243
37244
37245
37246
37247
37248
37249
37250
37251
37252
37253
37254
37255
37256
37282
37279
37280
37281
37277
37283
37278
37257
37258
37259
37260
37261
37262
37263
37264
37265
37266
37267
37268
37269
37270
37271
37272
37273
37274
37275
37276
37285
37286
37287
37316
37313
37314
37315
37311
37317
37312
37288
37289
37290
37291
37292
37293
37294
37295
37296
37297
37298
37299
37300
37301
37305
37306
37307
37308
37309
37310
37302
37303
37304
37355
37356
37357
37358
37359
37360
37361
37363
37364
37365
37366
37367
37368
37369
37370
37371
37372
37373
37374
37375
37376
37377
37378
37379
37380
37381
37382
37383
37384
37385
37386
37387
37388
37389
37390
37391
37392
37393
37394
37395
37396
37397
37428
37429
37398
37399
37400
37401
37402
37403
37404
37405
37406
37407
37408
37409
37410
37411
37412
37413
37414
37415
37416
37417
37418
37419
37420
37421
37422
37423
37424
37425
37426
37427
37460
37461
37462
37463
37464
37465
37466
37430
37431
37432
37433
37434
37435
37436
37437
37438
37439
37440
37441
37442
37443
37444
37445
37446
37447
37448
37449
37450
37451
37452
37453
37454
37455
37456
37457
37458
37459
37607
37608
37610
37611
37612
37613
37614
37615
37616
37617
37618
37619
37620
37621
37622
37623
37624
37625
37626
37627
37643
37628
37629
37630
37631
37632
37633
37634
37635
37636
37637
37638
37639
37640
37641
37642
37659
37660
37661
37644
37645
37646
37647
37648
37649
37650
37651
37652
37653
37654
37655
37656
37657
37658
37905
37906
37907
37908
37909
37910
37911
37912
37913
37914
37915
37916
37917
37918
37925
37919
37920
37921
37922
37923
37924
37943
37944
37945
37946
37947
37948
37949
37950
37951
37952
37953
37954
37955
37956
37957
37959
37960
37962
37963
37961
37977
37976
37973
37967
37968
37969
37970
37971
37972
37964
37965
37966
37974
37975
37993
37994
37991
37992
37990
37987
37981
37982
37983
37984
37985
37986
37978
37979
37980
37988
37989
38020
38021
38022
38023
38024
38030
38031
38032
38033
38034
38035
38036
38052
38053
38054
38055
38056
38057
38058
38059
38060
38061
38062
38063
38064
38065
38066
38067
38068
38069
38070
38071
38072
38073
38074
38075
38076
38077
38078
38079
38080
38081
38082
38083
38084
38085
38086
38087
38088
38089
38090
38091
38097
38094
38100
38095
38102
38092
38099
38101
38093
38096
38098
38141
38142
38143
38128
38129
38130
38131
38132
38133
38134
38135
38136
38137
38138
38139
38140
38103
38104
38105
38106
38107
38108
38109
38110
38111
38112
38113
38114
38115
38116
38117
38122
38123
38124
38125
38126
38127
38118
38119
38120
38121
38188
38185
38193
38186
38195
38183
38190
38194
38184
38187
38189
38182
38191
38192
38169
38170
38171
38172
38173
38174
38175
38176
38177
38178
38179
38180
38181
38144
38145
38146
38147
38148
38149
38150
38151
38152
38153
38154
38155
38156
38157
38158
38163
38164
38165
38166
38167
38168
38159
38160
38161
38162
38657
38658
38659
38660
38662
38663
38664
38665
38666
38667
38668
38669
38670
38672
38673
38674
38675
38676
38677
38678
38679
38680
38681
38682
38683
38684
38685
38686
38687
38688
38689
38690
38691
38692
38693
38694
38695
38696
38697
38698
38699
38700
38701
38702
38703
38704
38705
38706
38707
38708
38709
38710
38711
38712
38713
38750
38743
38752
38745
38740
38742
38741
38749
38744
38751
38746
38747
38748
38714
38715
38716
38717
38718
38719
38720
38721
38722
38723
38724
38725
38726
38727
38728
38729
38730
38731
38732
38733
38734
38735
38736
38737
38738
38739
38753
38754
38755
38756
38757
38758
38759
38760
38761
38762
38763
38764
38765
38766
38767
38768
38821
38814
38823
38816
38811
38813
38812
38820
38815
38822
38817
38818
38819
38769
38770
38771
38772
38773
38774
38775
38776
38777
38778
38779
38780
38781
38782
38783
38784
38785
38786
38787
38788
38789
38790
38791
38792
38793
38794
38795
38796
38797
38798
38799
38800
38801
38802
38803
38804
38805
38806
38807
38808
38809
38810
39414
39415
39416
39417
39436
39437
39438
39439
39440
39441
39442
39443
39444
39447
39448
39446
39445
39457
39456
39449
39450
39451
39452
39453
39454
39455
39467
39470
39466
39465
39469
39468
39458
39459
39460
39461
39462
39463
39464
39580
39581
39582
39583
39584
39585
39618
39619
39620
39621
39622
39623
39624
39626
39625
39627
39634
39635
39633
39636
39637
39630
39631
39632
39628
39629
39646
39644
39650
39645
39647
39643
39648
39649
39640
39641
39642
39638
39639
39664
39665
39671
39672
39913
39914
39915
39916
39917
39918
39919
39920
39921
39922
39923
39924
39925
39926
39927
39935
39936
39948
39946
39949
39947
39945
39937
39938
39939
39940
39941
39942
39943
39944
39959
39960
39963
39961
39964
39962
39958
39950
39951
39952
39953
39954
39955
39956
39957
40406
40407
40408
40410
40411
40412
40413
40414
40415
40416
40417
40418
40419
40420
40421
40422
40423
40424
40425
40426
40427
40428
40429
40430
40431
40432
40433
40434
40435
40436
40437
40438
40439
40440
40441
40442
40443
40444
40445
40446
40447
40448
40449
40450
40451
40452
40453
40454
40455
40456
40457
40505
40502
40504
40503
40501
40506
40495
40496
40497
40498
40499
40500
40483
40484
40485
40486
40487
40488
40489
40490
40491
40460
40461
40462
40463
40464
40465
40466
40467
40468
40469
40470
40471
40472
40473
40474
40475
40476
40477
40478
40479
40480
40481
40482
40458
40459
40492
40493
40494
40552
40555
40551
40554
40553
40550
40556
40544
40545
40546
40547
40548
40549
40532
40533
40534
40535
40536
40537
40538
40539
40540
40509
40510
40511
40512
40513
40514
40515
40516
40517
40518
40519
40520
40521
40522
40523
40524
40525
40526
40527
40528
40529
40530
40531
40507
40508
40541
40542
40543
40592
40593
40594
40595
40596
40597
40598
40599
40600
40601
40602
40603
40604
40605
40606
40607
40608
40609
40610
40611
40612
40613
40614
40615
40616
40617
40618
40619
40620
40621
40622
40623
40624
40625
40626
40627
40628
40629
40630
40631
40632
40633
40634
40635
40637
40636
40677
40676
40669
40670
40671
40672
40673
40674
40675
40638
40639
40640
40641
40642
40643
40644
40663
40664
40665
40666
40667
40668
40652
40653
40654
40655
40656
40657
40658
40659
40660
40661
40662
40645
40646
40647
40648
40649
40650
40651
40716
40720
40717
40719
40718
40709
40710
40711
40712
40713
40714
40715
40678
40679
40680
40681
40682
40683
40684
40703
40704
40705
40706
40707
40708
40692
40693
40694
40695
40696
40697
40698
40699
40700
40701
40702
40685
40686
40687
40688
40689
40690
40691
41506
41507
41508
41509
41510
41511
41512
41513
41514
41515
41517
41518
41519
41520
41521
41522
41523
41524
41525
41526
41535
41536
41527
41528
41529
41530
41531
41532
41533
41534
41549
41550
41551
41552
41553
41554
41555
41556
41557
41558
41559
41560
41561
41563
41564
41565
41574
41575
41566
41567
41568
41569
41570
41571
41572
41573
41584
41585
41587
41586
41588
41576
41577
41578
41579
41580
41581
41582
41583
41591
41592
41593
41594
41595
41596
41597
41598
41599
41604
41605
41601
41602
41603
41609
41612
41610
41611
41606
41607
41608
41697
41698
41699
41700
41701
41702
41703
41704
41705
41706
41707
41708
41739
41740
41741
41742
41743
41744
41745
41746
41747
41748
41749
41750
41751
41752
41753
41754
41755
41756
41757
41758
41759
41760
41761
41787
41788
41789
41790
41762
41763
41764
41765
41766
41767
41768
41769
41770
41771
41772
41773
41774
41775
41776
41777
41778
41779
41780
41781
41782
41783
41784
41785
41786
41791
41792
41793
41794
41795
41796
41828
41829
41830
41831
41797
41798
41799
41800
41801
41802
41803
41804
41805
41806
41807
41808
41809
41810
41811
41812
41813
41814
41815
41816
41817
41818
41819
41820
41821
41822
41823
41824
41825
41826
41827
42173
42458
42459
42460
42461
42462
42463
42464
42465
42466
42467
42468
42469
42470
42471
42472
42473
42474
42475
42476
42477
42478
42479
42480
42481
42501
42482
42483
42484
42485
42486
42487
42488
42489
42490
42491
42492
42493
42494
42495
42496
42497
42498
42499
42500
42521
42522
42523
42502
42503
42504
42505
42506
42507
42508
42509
42510
42511
42512
42513
42514
42515
42516
42517
42518
42519
42520
42622
42623
42624
42625
42626
42627
42628
42629
42630
42631
42632
42633
42634
42635
42636
42637
42638
42639
42640
42641
42642
42643
42644
42657
42658
42645
42646
42647
42648
42649
42650
42651
42652
42653
42654
42655
42656
42676
42677
42678
42679
42680
42681
42682
42683
42684
42706
42707
42685
42686
42687
42688
42689
42690
42691
42692
42693
42694
42695
42696
42697
42698
42699
42700
42701
42702
42703
42704
42705
43480
43481
43482
43483
43484
43485
43486
43487
43488
43489
43490
43491
43492
43493
43494
43495
43496
43497
43498
43499
43500
43501
43502
43503
43504
43505
43506
43507
43508
43509
43513
43511
43514
43512
43515
43533
43534
43535
43536
43537
43538
43539
43540
43516
43517
43518
43519
43520
43521
43522
43523
43524
43525
43526
43527
43528
43529
43530
43531
43532
43568
43566
43569
43567
43570
43558
43559
43560
43561
43562
43563
43564
43565
43541
43542
43543
43544
43545
43546
43547
43548
43549
43550
43551
43552
43553
43554
43555
43556
43557
43809
43810
43811
43812
43829
43830
43831
43832
43833
43834
43835
43836
44086
44087
44088
44089
44092
44090
44091
44093
44096
44094
44095
44097
44287
44288
44289
44290
44291
44292
44293
44294
44295
44296
44297
44298
44299
44300
44301
44302
44303
44304
44305
44306
44307
44308
44309
44310
44311
44312
44313
44314
44315
44316
44317
44318
44319
44320
44321
44322
44323
44324
44325
44326
44327
44328
44329
44330
44331
44332
44333
44334
44335
44336
44337
44338
44339
44340
44375
44376
44377
44378
44341
44342
44343
44344
44345
44346
44347
44348
44349
44350
44351
44352
44353
44354
44355
44356
44357
44358
44359
44360
44361
44362
44363
44364
44365
44366
44367
44368
44369
44370
44371
44372
44373
44374
44379
44380
44381
44382
44383
44384
44385
44386
44387
44388
44389
44390
44391
44392
44393
44394
44445
44446
44447
44448
44395
44396
44397
44398
44399
44400
44401
44402
44403
44404
44405
44406
44407
44408
44409
44410
44411
44412
44413
44414
44415
44416
44417
44418
44419
44420
44421
44422
44423
44424
44425
44426
44427
44428
44429
44430
44431
44432
44433
44434
44435
44436
44437
44438
44439
44440
44441
44442
44443
44444
45026
45027
45028
45029
45030
45031
45032
45033
45034
45035
45036
45037
45038
45039
45040
45041
45042
45043
45044
45045
45046
45047
45048
45049
45050
45051
45052
45053
45069
45070
45057
45058
45059
45060
45061
45062
45063
45064
45065
45066
45067
45068
45325
45326
45327
45328
45329
45330
45331
45332
45333
45334
45335
45336
45337
45338
45339
45358
45359
45360
45361
45362
45363
45377
45376
45378
45371
45372
45364
45365
45373
45374
45375
45366
45367
45368
45369
45370
45379
45380
45381
45382
45383
45384
45404
45403
45405
45398
45399
45385
45386
45400
45401
45402
45393
45394
45395
45396
45397
45387
45388
45389
45390
45391
45392
45453
45454
45455
45456
45457
45458
45459
45460
45461
45462
45463
45464
45465
45466
45467
45468
45484
45469
45470
45471
45472
45473
45474
45475
45476
45477
45478
45479
45480
45481
45482
45483
45767
45768
45769
45770
45771
45772
45773
45774
45777
45778
45779
45780
45781
45782
45783
45784
45785
45786
45787
45788
45789
45790
45791
45792
45793
45794
45801
45800
45799
45802
45795
45796
45797
45798
45807
45808
45809
45810
45811
45812
45813
45814
45815
45816
45803
45804
45805
45806
45817
45818
45819
45820
45845
45844
45843
45846
45825
45826
45827
45828
45829
45830
45831
45832
45833
45834
45835
45836
45837
45838
45821
45822
45823
45824
45839
45840
45841
45842
46625
46626
46627
46628
46629
46630
46631
46632
46633
46635
46634
46636
46637
46644
46645
46646
46647
46648
46655
46654
46656
46657
46649
46650
46651
46652
46653
46674
46675
46676
46677
46678
46679
46680
46681
46682
46683
46684
46690
46691
46692
46693
46694
46695
46696
46697
46698
46699
46700
46701
46702
46703
46704
46705
46706
46707
46708
46709
46710
46717
46713
46716
46714
46715
46711
46712
46726
46727
46728
46729
46730
46731
46732
46733
46734
46735
46736
46737
46738
46739
46740
46741
46742
46718
46719
46720
46721
46722
46723
46724
46725
46774
46770
46773
46771
46772
46743
46744
46753
46754
46755
46756
46757
46758
46759
46760
46761
46762
46763
46764
46765
46766
46767
46768
46769
46745
46746
46747
46748
46749
46750
46751
46752
